OPTIONS {
 MaxTime: 10000;
 EpsR: 0.000001;
 }
 
VARIABLES	x1,x2,x3,x4,x5,x6,x7,x8,x9,x10,x11,x12,x13,x14,x15,x16,x17,x18,x19,x20,x21,x22,x23,x24,x25,x26,x27,x28,x29,x30;
LOWER_BOUNDS {
x1: 0.000000;
x2: 0.000000;
x3: 0.000000;
x4: 0.000000;
x5: 0.000000;
x6: 0.000000;
x7: 0.000000;
x8: 0.000000;
x9: 0.000000;
x10: 0.000000;
x11: 0.000000;
x12: 0.000000;
x13: 0.000000;
x14: 0.000000;
x15: 0.000000;
x16: 0.000000;
x17: 0.000000;
x18: 0.000000;
x19: 0.000000;
x20: 0.000000;
x21: 0.000000;
x22: 0.000000;
x23: 0.000000;
x24: 0.000000;
x25: 0.000000;
x26: 0.000000;
x27: 0.000000;
x28: 0.000000;
x29: 0.000000;
x30: 0.000000;
}

UPPER_BOUNDS {
x1: 1.000000;
x2: 1.000000;
x3: 1.000000;
x4: 1.000000;
x5: 1.000000;
x6: 1.000000;
x7: 1.000000;
x8: 1.000000;
x9: 1.000000;
x10: 1.000000;
x11: 1.000000;
x12: 1.000000;
x13: 1.000000;
x14: 1.000000;
x15: 1.000000;
x16: 1.000000;
x17: 1.000000;
x18: 1.000000;
x19: 1.000000;
x20: 1.000000;
x21: 1.000000;
x22: 1.000000;
x23: 1.000000;
x24: 1.000000;
x25: 1.000000;
x26: 1.000000;
x27: 1.000000;
x28: 1.000000;
x29: 1.000000;
x30: 1.000000;
}

EQUATIONS e1;

e1:  1.000000*x1  + 1.000000*x2  + 1.000000*x3  + 1.000000*x4  + 1.000000*x5  + 1.000000*x6  + 1.000000*x7  + 1.000000*x8  + 1.000000*x9  + 1.000000*x10  + 1.000000*x11  + 1.000000*x12  + 1.000000*x13  + 1.000000*x14  + 1.000000*x15  + 1.000000*x16  + 1.000000*x17  + 1.000000*x18  + 1.000000*x19  + 1.000000*x20  + 1.000000*x21  + 1.000000*x22  + 1.000000*x23  + 1.000000*x24  + 1.000000*x25  + 1.000000*x26  + 1.000000*x27  + 1.000000*x28  + 1.000000*x29  + 1.000000*x30  == 1.000000;

OBJ: minimize	 - 0.376414*x1*x1  - 3.691906*x1*x2  - 2.448864*x1*x3  - 3.213571*x1*x4  - 0.730040*x1*x5 + 0.553028*x1*x6  - 0.282746*x1*x7 + 5.077044*x1*x8  - 0.532849*x1*x9  - 8.799121*x1*x10  - 2.897389*x1*x11  - 6.965495*x1*x12 + 6.016206*x1*x13 + 1.939838*x1*x14  - 5.852273*x1*x15 + 2.825295*x1*x16  - 3.486819*x1*x17 + 1.859085*x1*x18  - 5.242566*x1*x19  - 8.555611*x1*x20 + 1.055252*x1*x21 + 5.542627*x1*x22  - 0.709931*x1*x23  - 2.301807*x1*x24 + 1.289050*x1*x25 + 3.812216*x1*x26 + 1.983170*x1*x27  - 1.528441*x1*x28 + 0.574198*x1*x29 + 5.431608*x1*x30  - 3.691906*x2*x1  - 1.142773*x2*x2  - 6.787767*x2*x3 + 7.190635*x2*x4 + 5.200378*x2*x5  - 4.863176*x2*x6  - 8.438485*x2*x7  - 2.214935*x2*x8  - 6.088533*x2*x9  - 0.785757*x2*x10 + 3.338877*x2*x11 + 7.109588*x2*x12  - 3.555462*x2*x13  - 4.935018*x2*x14  - 2.235609*x2*x15  - 1.600068*x2*x16  - 0.040245*x2*x17  - 5.107565*x2*x18 + 8.078598*x2*x19 + 8.444644*x2*x20  - 2.888132*x2*x21  - 5.025817*x2*x22  - 0.268597*x2*x23 + 1.760433*x2*x24  - 1.480554*x2*x25 + 3.246958*x2*x26  - 3.197692*x2*x27 + 2.973116*x2*x28 + 4.264410*x2*x29  - 3.292275*x2*x30  - 2.448864*x3*x1  - 6.787767*x3*x2  - 0.895578*x3*x3  - 0.002804*x3*x4  - 4.089876*x3*x5  - 2.016309*x3*x6 + 1.832691*x3*x7  - 0.565388*x3*x8  - 1.209644*x3*x9  - 4.843910*x3*x10 + 3.608278*x3*x11  - 1.915351*x3*x12  - 0.777189*x3*x13  - 1.691561*x3*x14  - 3.104181*x3*x15  - 4.413937*x3*x16  - 2.975878*x3*x17  - 7.854152*x3*x18  - 0.088136*x3*x19  - 7.129801*x3*x20  - 3.521493*x3*x21 + 0.039822*x3*x22  - 3.721423*x3*x23  - 2.303016*x3*x24 + 0.564404*x3*x25  - 3.236656*x3*x26  - 0.760140*x3*x27 + 0.291139*x3*x28  - 3.432218*x3*x29  - 2.400743*x3*x30  - 3.213571*x4*x1 + 7.190635*x4*x2  - 0.002804*x4*x3  - 2.488733*x4*x4 + 3.388124*x4*x5 + 2.551796*x4*x6  - 5.326556*x4*x7  - 0.958100*x4*x8  - 0.305405*x4*x9 + 5.436724*x4*x10 + 6.002120*x4*x11  - 1.775267*x4*x12 + 1.573439*x4*x13  - 7.335538*x4*x14  - 6.842847*x4*x15  - 3.716023*x4*x16  - 0.439853*x4*x17  - 6.693183*x4*x18 + 1.507772*x4*x19  - 2.709942*x4*x20  - 5.477238*x4*x21  - 2.686738*x4*x22  - 4.714224*x4*x23  - 4.511538*x4*x24  - 6.607966*x4*x25 + 7.508550*x4*x26 + 4.746690*x4*x27  - 4.306786*x4*x28 + 0.966260*x4*x29 + 1.955623*x4*x30  - 0.730040*x5*x1 + 5.200378*x5*x2  - 4.089876*x5*x3 + 3.388124*x5*x4  - 4.111950*x5*x5 + 0.666720*x5*x6  - 2.987057*x5*x7  - 4.995690*x5*x8  - 3.916202*x5*x9 + 9.101550*x5*x10  - 0.049993*x5*x11  - 2.496070*x5*x12  - 0.650574*x5*x13 + 0.613210*x5*x14 + 6.629868*x5*x15  - 5.602605*x5*x16 + 2.303977*x5*x17  - 4.471052*x5*x18  - 1.721025*x5*x19 + 5.286960*x5*x20  - 8.048266*x5*x21 + 4.201449*x5*x22  - 6.091653*x5*x23  - 3.536073*x5*x24 + 2.734931*x5*x25  - 8.040877*x5*x26  - 6.564030*x5*x27  - 5.391013*x5*x28 + 1.509385*x5*x29 + 0.152456*x5*x30 + 0.553028*x6*x1  - 4.863176*x6*x2  - 2.016309*x6*x3 + 2.551796*x6*x4 + 0.666720*x6*x5  - 1.927127*x6*x6  - 0.158038*x6*x7  - 3.853949*x6*x8  - 5.542000*x6*x9  - 1.506170*x6*x10  - 3.791524*x6*x11 + 2.794388*x6*x12  - 1.890340*x6*x13 + 5.544289*x6*x14  - 3.794567*x6*x15  - 1.779474*x6*x16  - 4.477326*x6*x17  - 5.326542*x6*x18 + 1.102511*x6*x19  - 6.887782*x6*x20  - 4.383850*x6*x21  - 7.552038*x6*x22 + 2.841558*x6*x23 + 2.470513*x6*x24  - 2.832871*x6*x25  - 0.349306*x6*x26  - 3.348138*x6*x27 + 2.157611*x6*x28  - 3.806581*x6*x29 + 1.546846*x6*x30  - 0.282746*x7*x1  - 8.438485*x7*x2 + 1.832691*x7*x3  - 5.326556*x7*x4  - 2.987057*x7*x5  - 0.158038*x7*x6  - 3.138716*x7*x7  - 2.074458*x7*x8  - 0.632361*x7*x9  - 0.865617*x7*x10  - 2.568306*x7*x11  - 3.610175*x7*x12  - 6.191724*x7*x13 + 4.671754*x7*x14 + 2.255600*x7*x15  - 6.555546*x7*x16  - 4.279310*x7*x17  - 1.025012*x7*x18 + 3.070516*x7*x19 + 5.123126*x7*x20 + 3.259997*x7*x21  - 7.534057*x7*x22  - 0.374872*x7*x23 + 5.440195*x7*x24  - 6.579397*x7*x25  - 4.200850*x7*x26  - 3.759354*x7*x27 + 5.707007*x7*x28 + 4.566329*x7*x29  - 9.599320*x7*x30 + 5.077044*x8*x1  - 2.214935*x8*x2  - 0.565388*x8*x3  - 0.958100*x8*x4  - 4.995690*x8*x5  - 3.853949*x8*x6  - 2.074458*x8*x7  - 1.929701*x8*x8 + 5.085709*x8*x9  - 1.221004*x8*x10  - 1.327749*x8*x11  - 9.608537*x8*x12  - 5.476058*x8*x13 + 1.555591*x8*x14  - 5.182207*x8*x15 + 1.105330*x8*x16  - 1.477793*x8*x17  - 2.693285*x8*x18  - 1.765127*x8*x19 + 6.220976*x8*x20  - 4.628318*x8*x21 + 6.418205*x8*x22 + 2.948255*x8*x23 + 5.973115*x8*x24 + 9.497607*x8*x25 + 0.751618*x8*x26 + 3.745183*x8*x27 + 5.838333*x8*x28 + 4.609178*x8*x29 + 4.393967*x8*x30  - 0.532849*x9*x1  - 6.088533*x9*x2  - 1.209644*x9*x3  - 0.305405*x9*x4  - 3.916202*x9*x5  - 5.542000*x9*x6  - 0.632361*x9*x7 + 5.085709*x9*x8  - 0.273826*x9*x9 + 4.532230*x9*x10 + 0.469133*x9*x11  - 5.826707*x9*x12  - 7.102011*x9*x13 + 1.748903*x9*x14  - 0.771562*x9*x15 + 4.846477*x9*x16  - 4.011827*x9*x17  - 7.843739*x9*x18  - 5.446248*x9*x19  - 5.210195*x9*x20  - 4.074758*x9*x21  - 2.677754*x9*x22  - 1.958325*x9*x23 + 0.208514*x9*x24  - 2.997807*x9*x25 + 5.666283*x9*x26 + 9.724198*x9*x27  - 6.911092*x9*x28 + 3.113083*x9*x29  - 8.250789*x9*x30  - 8.799121*x10*x1  - 0.785757*x10*x2  - 4.843910*x10*x3 + 5.436724*x10*x4 + 9.101550*x10*x5  - 1.506170*x10*x6  - 0.865617*x10*x7  - 1.221004*x10*x8 + 4.532230*x10*x9  - 0.554910*x10*x10 + 1.486922*x10*x11  - 0.914062*x10*x12  - 5.523831*x10*x13  - 3.398826*x10*x14 + 2.278409*x10*x15 + 7.742022*x10*x16 + 7.630812*x10*x17 + 2.427526*x10*x18  - 0.976250*x10*x19  - 0.066642*x10*x20 + 4.338352*x10*x21  - 6.442664*x10*x22  - 3.711592*x10*x23 + 5.212794*x10*x24  - 1.654131*x10*x25 + 1.765273*x10*x26 + 1.698094*x10*x27  - 9.150170*x10*x28  - 0.908602*x10*x29 + 0.211134*x10*x30  - 2.897389*x11*x1 + 3.338877*x11*x2 + 3.608278*x11*x3 + 6.002120*x11*x4  - 0.049993*x11*x5  - 3.791524*x11*x6  - 2.568306*x11*x7  - 1.327749*x11*x8 + 0.469133*x11*x9 + 1.486922*x11*x10  - 3.055609*x11*x11  - 1.384545*x11*x12 + 1.607933*x11*x13 + 0.917685*x11*x14 + 0.694371*x11*x15  - 2.197125*x11*x16  - 7.405298*x11*x17  - 4.266895*x11*x18  - 1.423922*x11*x19 + 4.516788*x11*x20 + 3.467094*x11*x21 + 8.816111*x11*x22  - 6.241247*x11*x23  - 6.999151*x11*x24  - 8.329836*x11*x25 + 1.615974*x11*x26 + 5.070879*x11*x27 + 4.180953*x11*x28  - 3.420817*x11*x29 + 0.652531*x11*x30  - 6.965495*x12*x1 + 7.109588*x12*x2  - 1.915351*x12*x3  - 1.775267*x12*x4  - 2.496070*x12*x5 + 2.794388*x12*x6  - 3.610175*x12*x7  - 9.608537*x12*x8  - 5.826707*x12*x9  - 0.914062*x12*x10  - 1.384545*x12*x11  - 2.542156*x12*x12 + 8.004327*x12*x13  - 2.393212*x12*x14  - 4.244832*x12*x15 + 0.204733*x12*x16  - 0.944851*x12*x17 + 2.401257*x12*x18 + 2.786069*x12*x19 + 2.636868*x12*x20  - 0.706900*x12*x21  - 4.316900*x12*x22  - 4.056623*x12*x23  - 7.676361*x12*x24 + 4.842417*x12*x25 + 0.086155*x12*x26  - 2.950213*x12*x27 + 0.467770*x12*x28 + 0.488107*x12*x29  - 8.488230*x12*x30 + 6.016206*x13*x1  - 3.555462*x13*x2  - 0.777189*x13*x3 + 1.573439*x13*x4  - 0.650574*x13*x5  - 1.890340*x13*x6  - 6.191724*x13*x7  - 5.476058*x13*x8  - 7.102011*x13*x9  - 5.523831*x13*x10 + 1.607933*x13*x11 + 8.004327*x13*x12  - 1.392131*x13*x13  - 6.058329*x13*x14 + 0.661451*x13*x15  - 3.879433*x13*x16 + 5.041734*x13*x17  - 6.776157*x13*x18 + 4.387319*x13*x19  - 1.495633*x13*x20 + 2.815944*x13*x21  - 4.875595*x13*x22  - 6.277821*x13*x23 + 1.760919*x13*x24  - 4.561083*x13*x25  - 1.317734*x13*x26  - 4.135558*x13*x27  - 4.537523*x13*x28  - 7.592605*x13*x29 + 5.942751*x13*x30 + 1.939838*x14*x1  - 4.935018*x14*x2  - 1.691561*x14*x3  - 7.335538*x14*x4 + 0.613210*x14*x5 + 5.544289*x14*x6 + 4.671754*x14*x7 + 1.555591*x14*x8 + 1.748903*x14*x9  - 3.398826*x14*x10 + 0.917685*x14*x11  - 2.393212*x14*x12  - 6.058329*x14*x13  - 4.061596*x14*x14  - 2.556361*x14*x15  - 8.482116*x14*x16  - 3.453818*x14*x17  - 6.618421*x14*x18  - 5.414705*x14*x19  - 2.874845*x14*x20 + 3.954299*x14*x21 + 3.755264*x14*x22  - 4.266104*x14*x23  - 1.276470*x14*x24 + 7.792899*x14*x25  - 1.025335*x14*x26  - 3.106666*x14*x27  - 3.063527*x14*x28  - 4.609119*x14*x29  - 4.828354*x14*x30  - 5.852273*x15*x1  - 2.235609*x15*x2  - 3.104181*x15*x3  - 6.842847*x15*x4 + 6.629868*x15*x5  - 3.794567*x15*x6 + 2.255600*x15*x7  - 5.182207*x15*x8  - 0.771562*x15*x9 + 2.278409*x15*x10 + 0.694371*x15*x11  - 4.244832*x15*x12 + 0.661451*x15*x13  - 2.556361*x15*x14  - 2.132295*x15*x15  - 4.964442*x15*x16  - 1.071196*x15*x17  - 7.903699*x15*x18  - 1.013339*x15*x19  - 0.783261*x15*x20  - 6.372516*x15*x21 + 0.811113*x15*x22  - 5.184369*x15*x23  - 0.323333*x15*x24  - 3.282733*x15*x25  - 0.827717*x15*x26  - 1.431705*x15*x27 + 4.551219*x15*x28  - 6.375645*x15*x29 + 0.755878*x15*x30 + 2.825295*x16*x1  - 1.600068*x16*x2  - 4.413937*x16*x3  - 3.716023*x16*x4  - 5.602605*x16*x5  - 1.779474*x16*x6  - 6.555546*x16*x7 + 1.105330*x16*x8 + 4.846477*x16*x9 + 7.742022*x16*x10  - 2.197125*x16*x11 + 0.204733*x16*x12  - 3.879433*x16*x13  - 8.482116*x16*x14  - 4.964442*x16*x15  - 1.118102*x16*x16 + 5.379476*x16*x17 + 4.147621*x16*x18  - 5.476033*x16*x19  - 6.706171*x16*x20  - 5.170673*x16*x21 + 0.687678*x16*x22  - 1.672274*x16*x23  - 3.250243*x16*x24  - 5.401639*x16*x25  - 2.737245*x16*x26 + 0.270822*x16*x27  - 5.799006*x16*x28 + 5.036803*x16*x29  - 3.034970*x16*x30  - 3.486819*x17*x1  - 0.040245*x17*x2  - 2.975878*x17*x3  - 0.439853*x17*x4 + 2.303977*x17*x5  - 4.477326*x17*x6  - 4.279310*x17*x7  - 1.477793*x17*x8  - 4.011827*x17*x9 + 7.630812*x17*x10  - 7.405298*x17*x11  - 0.944851*x17*x12 + 5.041734*x17*x13  - 3.453818*x17*x14  - 1.071196*x17*x15 + 5.379476*x17*x16  - 2.477484*x17*x17 + 2.006526*x17*x18  - 6.661577*x17*x19  - 1.314440*x17*x20  - 1.003797*x17*x21  - 2.748865*x17*x22 + 0.564453*x17*x23  - 2.303250*x17*x24  - 9.379286*x17*x25  - 4.058853*x17*x26  - 2.481682*x17*x27  - 7.429334*x17*x28  - 1.164193*x17*x29  - 2.502743*x17*x30 + 1.859085*x18*x1  - 5.107565*x18*x2  - 7.854152*x18*x3  - 6.693183*x18*x4  - 4.471052*x18*x5  - 5.326542*x18*x6  - 1.025012*x18*x7  - 2.693285*x18*x8  - 7.843739*x18*x9 + 2.427526*x18*x10  - 4.266895*x18*x11 + 2.401257*x18*x12  - 6.776157*x18*x13  - 6.618421*x18*x14  - 7.903699*x18*x15 + 4.147621*x18*x16 + 2.006526*x18*x17  - 2.148942*x18*x18 + 8.310856*x18*x19  - 5.672675*x18*x20  - 1.947257*x18*x21  - 4.618338*x18*x22 + 2.514116*x18*x23  - 2.992214*x18*x24  - 0.743973*x18*x25  - 3.886143*x18*x26  - 1.905873*x18*x27 + 0.685998*x18*x28 + 2.984351*x18*x29  - 0.129461*x18*x30  - 5.242566*x19*x1 + 8.078598*x19*x2  - 0.088136*x19*x3 + 1.507772*x19*x4  - 1.721025*x19*x5 + 1.102511*x19*x6 + 3.070516*x19*x7  - 1.765127*x19*x8  - 5.446248*x19*x9  - 0.976250*x19*x10  - 1.423922*x19*x11 + 2.786069*x19*x12 + 4.387319*x19*x13  - 5.414705*x19*x14  - 1.013339*x19*x15  - 5.476033*x19*x16  - 6.661577*x19*x17 + 8.310856*x19*x18  - 4.384215*x19*x19 + 4.992815*x19*x20  - 1.675270*x19*x21 + 0.734472*x19*x22 + 2.032773*x19*x23  - 1.400717*x19*x24 + 4.219487*x19*x25  - 5.191632*x19*x26  - 0.816628*x19*x27  - 3.153470*x19*x28  - 1.781642*x19*x29 + 0.309262*x19*x30  - 8.555611*x20*x1 + 8.444644*x20*x2  - 7.129801*x20*x3  - 2.709942*x20*x4 + 5.286960*x20*x5  - 6.887782*x20*x6 + 5.123126*x20*x7 + 6.220976*x20*x8  - 5.210195*x20*x9  - 0.066642*x20*x10 + 4.516788*x20*x11 + 2.636868*x20*x12  - 1.495633*x20*x13  - 2.874845*x20*x14  - 0.783261*x20*x15  - 6.706171*x20*x16  - 1.314440*x20*x17  - 5.672675*x20*x18 + 4.992815*x20*x19  - 1.046583*x20*x20  - 0.951620*x20*x21 + 4.872794*x20*x22 + 0.008678*x20*x23  - 9.172020*x20*x24  - 3.044538*x20*x25 + 1.695496*x20*x26 + 4.530872*x20*x27 + 1.570829*x20*x28  - 7.430126*x20*x29  - 1.574847*x20*x30 + 1.055252*x21*x1  - 2.888132*x21*x2  - 3.521493*x21*x3  - 5.477238*x21*x4  - 8.048266*x21*x5  - 4.383850*x21*x6 + 3.259997*x21*x7  - 4.628318*x21*x8  - 4.074758*x21*x9 + 4.338352*x21*x10 + 3.467094*x21*x11  - 0.706900*x21*x12 + 2.815944*x21*x13 + 3.954299*x21*x14  - 6.372516*x21*x15  - 5.170673*x21*x16  - 1.003797*x21*x17  - 1.947257*x21*x18  - 1.675270*x21*x19  - 0.951620*x21*x20  - 1.437891*x21*x21 + 3.710686*x21*x22 + 0.538187*x21*x23 + 1.035536*x21*x24  - 5.667888*x21*x25  - 0.343410*x21*x26 + 3.241107*x21*x27  - 4.599566*x21*x28  - 5.484428*x21*x29  - 2.285843*x21*x30 + 5.542627*x22*x1  - 5.025817*x22*x2 + 0.039822*x22*x3  - 2.686738*x22*x4 + 4.201449*x22*x5  - 7.552038*x22*x6  - 7.534057*x22*x7 + 6.418205*x22*x8  - 2.677754*x22*x9  - 6.442664*x22*x10 + 8.816111*x22*x11  - 4.316900*x22*x12  - 4.875595*x22*x13 + 3.755264*x22*x14 + 0.811113*x22*x15 + 0.687678*x22*x16  - 2.748865*x22*x17  - 4.618338*x22*x18 + 0.734472*x22*x19 + 4.872794*x22*x20 + 3.710686*x22*x21  - 2.694279*x22*x22  - 5.836841*x22*x23  - 3.584785*x22*x24  - 2.820289*x22*x25 + 5.269847*x22*x26  - 3.585583*x22*x27  - 3.113416*x22*x28  - 3.407091*x22*x29  - 3.332579*x22*x30  - 0.709931*x23*x1  - 0.268597*x23*x2  - 3.721423*x23*x3  - 4.714224*x23*x4  - 6.091653*x23*x5 + 2.841558*x23*x6  - 0.374872*x23*x7 + 2.948255*x23*x8  - 1.958325*x23*x9  - 3.711592*x23*x10  - 6.241247*x23*x11  - 4.056623*x23*x12  - 6.277821*x23*x13  - 4.266104*x23*x14  - 5.184369*x23*x15  - 1.672274*x23*x16 + 0.564453*x23*x17 + 2.514116*x23*x18 + 2.032773*x23*x19 + 0.008678*x23*x20 + 0.538187*x23*x21  - 5.836841*x23*x22  - 3.597269*x23*x23  - 2.383112*x23*x24  - 1.188922*x23*x25 + 2.819091*x23*x26  - 2.192444*x23*x27  - 4.517881*x23*x28  - 9.209111*x23*x29  - 1.369944*x23*x30  - 2.301807*x24*x1 + 1.760433*x24*x2  - 2.303016*x24*x3  - 4.511538*x24*x4  - 3.536073*x24*x5 + 2.470513*x24*x6 + 5.440195*x24*x7 + 5.973115*x24*x8 + 0.208514*x24*x9 + 5.212794*x24*x10  - 6.999151*x24*x11  - 7.676361*x24*x12 + 1.760919*x24*x13  - 1.276470*x24*x14  - 0.323333*x24*x15  - 3.250243*x24*x16  - 2.303250*x24*x17  - 2.992214*x24*x18  - 1.400717*x24*x19  - 9.172020*x24*x20 + 1.035536*x24*x21  - 3.584785*x24*x22  - 2.383112*x24*x23  - 2.414788*x24*x24 + 6.374336*x24*x25  - 0.895810*x24*x26  - 2.459100*x24*x27 + 0.423306*x24*x28 + 6.278362*x24*x29 + 2.149275*x24*x30 + 1.289050*x25*x1  - 1.480554*x25*x2 + 0.564404*x25*x3  - 6.607966*x25*x4 + 2.734931*x25*x5  - 2.832871*x25*x6  - 6.579397*x25*x7 + 9.497607*x25*x8  - 2.997807*x25*x9  - 1.654131*x25*x10  - 8.329836*x25*x11 + 4.842417*x25*x12  - 4.561083*x25*x13 + 7.792899*x25*x14  - 3.282733*x25*x15  - 5.401639*x25*x16  - 9.379286*x25*x17  - 0.743973*x25*x18 + 4.219487*x25*x19  - 3.044538*x25*x20  - 5.667888*x25*x21  - 2.820289*x25*x22  - 1.188922*x25*x23 + 6.374336*x25*x24  - 0.861332*x25*x25 + 3.822253*x25*x26  - 0.540987*x25*x27  - 5.282170*x25*x28  - 3.393063*x25*x29  - 5.914251*x25*x30 + 3.812216*x26*x1 + 3.246958*x26*x2  - 3.236656*x26*x3 + 7.508550*x26*x4  - 8.040877*x26*x5  - 0.349306*x26*x6  - 4.200850*x26*x7 + 0.751618*x26*x8 + 5.666283*x26*x9 + 1.765273*x26*x10 + 1.615974*x26*x11 + 0.086155*x26*x12  - 1.317734*x26*x13  - 1.025335*x26*x14  - 0.827717*x26*x15  - 2.737245*x26*x16  - 4.058853*x26*x17  - 3.886143*x26*x18  - 5.191632*x26*x19 + 1.695496*x26*x20  - 0.343410*x26*x21 + 5.269847*x26*x22 + 2.819091*x26*x23  - 0.895810*x26*x24 + 3.822253*x26*x25  - 0.728796*x26*x26 + 8.915258*x26*x27 + 4.148451*x26*x28  - 1.708888*x26*x29  - 1.092752*x26*x30 + 1.983170*x27*x1  - 3.197692*x27*x2  - 0.760140*x27*x3 + 4.746690*x27*x4  - 6.564030*x27*x5  - 3.348138*x27*x6  - 3.759354*x27*x7 + 3.745183*x27*x8 + 9.724198*x27*x9 + 1.698094*x27*x10 + 5.070879*x27*x11  - 2.950213*x27*x12  - 4.135558*x27*x13  - 3.106666*x27*x14  - 1.431705*x27*x15 + 0.270822*x27*x16  - 2.481682*x27*x17  - 1.905873*x27*x18  - 0.816628*x27*x19 + 4.530872*x27*x20 + 3.241107*x27*x21  - 3.585583*x27*x22  - 2.192444*x27*x23  - 2.459100*x27*x24  - 0.540987*x27*x25 + 8.915258*x27*x26  - 2.873770*x27*x27  - 4.118906*x27*x28 + 0.417315*x27*x29  - 3.369050*x27*x30  - 1.528441*x28*x1 + 2.973116*x28*x2 + 0.291139*x28*x3  - 4.306786*x28*x4  - 5.391013*x28*x5 + 2.157611*x28*x6 + 5.707007*x28*x7 + 5.838333*x28*x8  - 6.911092*x28*x9  - 9.150170*x28*x10 + 4.180953*x28*x11 + 0.467770*x28*x12  - 4.537523*x28*x13  - 3.063527*x28*x14 + 4.551219*x28*x15  - 5.799006*x28*x16  - 7.429334*x28*x17 + 0.685998*x28*x18  - 3.153470*x28*x19 + 1.570829*x28*x20  - 4.599566*x28*x21  - 3.113416*x28*x22  - 4.517881*x28*x23 + 0.423306*x28*x24  - 5.282170*x28*x25 + 4.148451*x28*x26  - 4.118906*x28*x27  - 1.565051*x28*x28  - 8.397015*x28*x29  - 4.210710*x28*x30 + 0.574198*x29*x1 + 4.264410*x29*x2  - 3.432218*x29*x3 + 0.966260*x29*x4 + 1.509385*x29*x5  - 3.806581*x29*x6 + 4.566329*x29*x7 + 4.609178*x29*x8 + 3.113083*x29*x9  - 0.908602*x29*x10  - 3.420817*x29*x11 + 0.488107*x29*x12  - 7.592605*x29*x13  - 4.609119*x29*x14  - 6.375645*x29*x15 + 5.036803*x29*x16  - 1.164193*x29*x17 + 2.984351*x29*x18  - 1.781642*x29*x19  - 7.430126*x29*x20  - 5.484428*x29*x21  - 3.407091*x29*x22  - 9.209111*x29*x23 + 6.278362*x29*x24  - 3.393063*x29*x25  - 1.708888*x29*x26 + 0.417315*x29*x27  - 8.397015*x29*x28  - 0.594625*x29*x29  - 7.224598*x29*x30 + 5.431608*x30*x1  - 3.292275*x30*x2  - 2.400743*x30*x3 + 1.955623*x30*x4 + 0.152456*x30*x5 + 1.546846*x30*x6  - 9.599320*x30*x7 + 4.393967*x30*x8  - 8.250789*x30*x9 + 0.211134*x30*x10 + 0.652531*x30*x11  - 8.488230*x30*x12 + 5.942751*x30*x13  - 4.828354*x30*x14 + 0.755878*x30*x15  - 3.034970*x30*x16  - 2.502743*x30*x17  - 0.129461*x30*x18 + 0.309262*x30*x19  - 1.574847*x30*x20  - 2.285843*x30*x21  - 3.332579*x30*x22  - 1.369944*x30*x23 + 2.149275*x30*x24  - 5.914251*x30*x25  - 1.092752*x30*x26  - 3.369050*x30*x27  - 4.210710*x30*x28  - 7.224598*x30*x29  - 1.051050*x30*x30 ;
