OPTIONS {
 MaxTime: 10000;
 EpsR: 0.000001;
 }
 
VARIABLES	x1,x2,x3,x4,x5,x6,x7,x8,x9,x10,x11,x12,x13,x14,x15,x16,x17,x18,x19,x20,x21,x22,x23,x24,x25,x26,x27,x28,x29,x30;
LOWER_BOUNDS {
x1: 0.000000;
x2: 0.000000;
x3: 0.000000;
x4: 0.000000;
x5: 0.000000;
x6: 0.000000;
x7: 0.000000;
x8: 0.000000;
x9: 0.000000;
x10: 0.000000;
x11: 0.000000;
x12: 0.000000;
x13: 0.000000;
x14: 0.000000;
x15: 0.000000;
x16: 0.000000;
x17: 0.000000;
x18: 0.000000;
x19: 0.000000;
x20: 0.000000;
x21: 0.000000;
x22: 0.000000;
x23: 0.000000;
x24: 0.000000;
x25: 0.000000;
x26: 0.000000;
x27: 0.000000;
x28: 0.000000;
x29: 0.000000;
x30: 0.000000;
}

UPPER_BOUNDS {
x1: 1.000000;
x2: 1.000000;
x3: 1.000000;
x4: 1.000000;
x5: 1.000000;
x6: 1.000000;
x7: 1.000000;
x8: 1.000000;
x9: 1.000000;
x10: 1.000000;
x11: 1.000000;
x12: 1.000000;
x13: 1.000000;
x14: 1.000000;
x15: 1.000000;
x16: 1.000000;
x17: 1.000000;
x18: 1.000000;
x19: 1.000000;
x20: 1.000000;
x21: 1.000000;
x22: 1.000000;
x23: 1.000000;
x24: 1.000000;
x25: 1.000000;
x26: 1.000000;
x27: 1.000000;
x28: 1.000000;
x29: 1.000000;
x30: 1.000000;
}

EQUATIONS e1;

e1:  1.000000*x1  + 1.000000*x2  + 1.000000*x3  + 1.000000*x4  + 1.000000*x5  + 1.000000*x6  + 1.000000*x7  + 1.000000*x8  + 1.000000*x9  + 1.000000*x10  + 1.000000*x11  + 1.000000*x12  + 1.000000*x13  + 1.000000*x14  + 1.000000*x15  + 1.000000*x16  + 1.000000*x17  + 1.000000*x18  + 1.000000*x19  + 1.000000*x20  + 1.000000*x21  + 1.000000*x22  + 1.000000*x23  + 1.000000*x24  + 1.000000*x25  + 1.000000*x26  + 1.000000*x27  + 1.000000*x28  + 1.000000*x29  + 1.000000*x30  == 1.000000;

OBJ: minimize	 2.119928*x1*x1  - 3.156048*x1*x2 + 3.540528*x1*x3 + 0.698101*x1*x4  - 1.132543*x1*x5  - 6.320027*x1*x6  - 0.948125*x1*x7  - 2.783134*x1*x8  - 1.213677*x1*x9 + 7.995394*x1*x10  - 3.646055*x1*x11  - 0.791856*x1*x12 + 3.892873*x1*x13  - 5.203257*x1*x14  - 2.037506*x1*x15  - 5.034647*x1*x16 + 0.065296*x1*x17 + 6.292138*x1*x18  - 5.152516*x1*x19 + 0.774270*x1*x20 + 4.954558*x1*x21  - 3.383060*x1*x22 + 5.607389*x1*x23  - 1.444908*x1*x24  - 7.714629*x1*x25 + 3.933222*x1*x26  - 2.969198*x1*x27 + 0.068653*x1*x28  - 0.246079*x1*x29 + 0.079312*x1*x30  - 3.156048*x2*x1 + 2.015210*x2*x2 + 2.869592*x2*x3  - 0.475932*x2*x4  - 2.255318*x2*x5  - 1.656232*x2*x6  - 2.709544*x2*x7 + 1.372008*x2*x8 + 1.593833*x2*x9 + 5.766941*x2*x10 + 9.644673*x2*x11 + 1.746517*x2*x12 + 5.074907*x2*x13  - 0.316074*x2*x14  - 0.120378*x2*x15 + 0.199050*x2*x16  - 2.768983*x2*x17  - 3.889877*x2*x18  - 3.390217*x2*x19  - 2.580222*x2*x20 + 0.618698*x2*x21 + 4.923104*x2*x22  - 1.006492*x2*x23  - 0.163535*x2*x24 + 0.316571*x2*x25  - 1.109139*x2*x26 + 0.654364*x2*x27 + 0.337607*x2*x28  - 7.615430*x2*x29 + 8.590169*x2*x30 + 3.540528*x3*x1 + 2.869592*x3*x2 + 3.388202*x3*x3  - 2.220044*x3*x4 + 1.707202*x3*x5  - 0.629799*x3*x6 + 0.618104*x3*x7 + 3.521166*x3*x8  - 2.604679*x3*x9 + 0.415740*x3*x10 + 3.927171*x3*x11  - 4.296483*x3*x12 + 1.903431*x3*x13 + 1.651913*x3*x14 + 1.412083*x3*x15 + 0.853379*x3*x16  - 0.635673*x3*x17  - 2.585953*x3*x18  - 6.955010*x3*x19 + 6.328216*x3*x20  - 4.079969*x3*x21  - 2.880112*x3*x22 + 4.071210*x3*x23 + 3.065071*x3*x24 + 2.259964*x3*x25 + 2.074744*x3*x26 + 0.516284*x3*x27 + 4.521950*x3*x28 + 1.758501*x3*x29  - 4.374644*x3*x30 + 0.698101*x4*x1  - 0.475932*x4*x2  - 2.220044*x4*x3 + 4.489781*x4*x4  - 3.275515*x4*x5  - 2.567093*x4*x6  - 3.971835*x4*x7 + 0.310688*x4*x8  - 6.262852*x4*x9 + 3.734391*x4*x10  - 6.634724*x4*x11  - 4.636001*x4*x12  - 0.245099*x4*x13  - 4.039741*x4*x14 + 0.254101*x4*x15 + 6.936207*x4*x16  - 3.802850*x4*x17  - 5.452958*x4*x18  - 6.889396*x4*x19  - 4.094195*x4*x20 + 2.720034*x4*x21 + 3.182028*x4*x22 + 1.386707*x4*x23  - 6.336350*x4*x24 + 1.569037*x4*x25  - 3.484208*x4*x26  - 6.696177*x4*x27 + 1.338490*x4*x28 + 2.324028*x4*x29 + 3.199365*x4*x30  - 1.132543*x5*x1  - 2.255318*x5*x2 + 1.707202*x5*x3  - 3.275515*x5*x4 + 2.273432*x5*x5 + 2.815704*x5*x6 + 1.944329*x5*x7  - 4.247844*x5*x8 + 1.365464*x5*x9 + 3.486750*x5*x10  - 1.985212*x5*x11 + 2.618896*x5*x12  - 2.380431*x5*x13 + 1.332992*x5*x14 + 4.888574*x5*x15 + 2.643431*x5*x16  - 5.395639*x5*x17 + 1.121923*x5*x18  - 0.440247*x5*x19 + 3.432904*x5*x20  - 0.174135*x5*x21 + 0.737578*x5*x22 + 3.813118*x5*x23 + 3.211514*x5*x24 + 3.650894*x5*x25  - 1.428087*x5*x26 + 0.440071*x5*x27  - 0.244736*x5*x28  - 4.618772*x5*x29  - 6.169501*x5*x30  - 6.320027*x6*x1  - 1.656232*x6*x2  - 0.629799*x6*x3  - 2.567093*x6*x4 + 2.815704*x6*x5 + 3.950565*x6*x6  - 2.812717*x6*x7 + 1.823722*x6*x8  - 1.824509*x6*x9 + 2.453078*x6*x10  - 3.683303*x6*x11  - 8.614008*x6*x12  - 2.206972*x6*x13  - 1.488075*x6*x14  - 3.779384*x6*x15 + 0.138649*x6*x16 + 5.730649*x6*x17 + 1.204207*x6*x18 + 6.623580*x6*x19  - 3.783270*x6*x20  - 4.159229*x6*x21 + 3.504681*x6*x22 + 1.275908*x6*x23  - 0.629378*x6*x24  - 6.117928*x6*x25  - 2.689084*x6*x26 + 6.859186*x6*x27 + 0.641769*x6*x28  - 5.697800*x6*x29 + 0.518938*x6*x30  - 0.948125*x7*x1  - 2.709544*x7*x2 + 0.618104*x7*x3  - 3.971835*x7*x4 + 1.944329*x7*x5  - 2.812717*x7*x6 + 1.619986*x7*x7  - 4.544199*x7*x8  - 5.207112*x7*x9 + 2.658741*x7*x10  - 2.754546*x7*x11  - 2.867867*x7*x12  - 2.699065*x7*x13 + 0.630892*x7*x14 + 1.582428*x7*x15 + 1.991731*x7*x16  - 5.521461*x7*x17 + 0.315125*x7*x18  - 1.246512*x7*x19  - 4.504394*x7*x20 + 5.435716*x7*x21  - 1.427756*x7*x22 + 4.503004*x7*x23  - 9.180974*x7*x24  - 7.470626*x7*x25  - 0.030079*x7*x26  - 3.814241*x7*x27  - 6.581954*x7*x28  - 2.244143*x7*x29  - 2.557844*x7*x30  - 2.783134*x8*x1 + 1.372008*x8*x2 + 3.521166*x8*x3 + 0.310688*x8*x4  - 4.247844*x8*x5 + 1.823722*x8*x6  - 4.544199*x8*x7 + 0.080975*x8*x8  - 1.833189*x8*x9  - 6.688280*x8*x10 + 0.486512*x8*x11  - 2.779531*x8*x12  - 2.947016*x8*x13  - 2.581133*x8*x14  - 0.151050*x8*x15  - 3.102341*x8*x16  - 0.941699*x8*x17  - 0.461557*x8*x18  - 1.050288*x8*x19 + 4.880588*x8*x20  - 1.072248*x8*x21  - 0.313603*x8*x22 + 3.687269*x8*x23 + 3.589003*x8*x24 + 7.823971*x8*x25  - 3.083315*x8*x26  - 7.846576*x8*x27  - 5.412347*x8*x28  - 3.857991*x8*x29  - 6.662342*x8*x30  - 1.213677*x9*x1 + 1.593833*x9*x2  - 2.604679*x9*x3  - 6.262852*x9*x4 + 1.365464*x9*x5  - 1.824509*x9*x6  - 5.207112*x9*x7  - 1.833189*x9*x8 + 2.190511*x9*x9 + 3.237326*x9*x10 + 1.070104*x9*x11 + 1.305402*x9*x12  - 0.489609*x9*x13 + 1.289677*x9*x14  - 3.235455*x9*x15  - 4.297055*x9*x16  - 3.682670*x9*x17  - 4.657226*x9*x18  - 0.592721*x9*x19  - 1.612105*x9*x20  - 6.962531*x9*x21  - 4.206651*x9*x22  - 1.152012*x9*x23 + 4.965786*x9*x24  - 0.160447*x9*x25 + 1.859033*x9*x26 + 7.559461*x9*x27  - 2.184704*x9*x28 + 0.836418*x9*x29  - 6.556420*x9*x30 + 7.995394*x10*x1 + 5.766941*x10*x2 + 0.415740*x10*x3 + 3.734391*x10*x4 + 3.486750*x10*x5 + 2.453078*x10*x6 + 2.658741*x10*x7  - 6.688280*x10*x8 + 3.237326*x10*x9 + 3.651686*x10*x10  - 5.101165*x10*x11  - 0.074284*x10*x12  - 1.903477*x10*x13  - 2.636121*x10*x14  - 6.267238*x10*x15  - 7.863907*x10*x16  - 3.514274*x10*x17  - 0.235146*x10*x18 + 3.135742*x10*x19  - 5.421154*x10*x20  - 0.457777*x10*x21 + 7.156653*x10*x22  - 0.538514*x10*x23  - 0.100741*x10*x24 + 1.516989*x10*x25 + 2.075463*x10*x26  - 8.999481*x10*x27  - 2.182143*x10*x28  - 0.104893*x10*x29  - 1.447876*x10*x30  - 3.646055*x11*x1 + 9.644673*x11*x2 + 3.927171*x11*x3  - 6.634724*x11*x4  - 1.985212*x11*x5  - 3.683303*x11*x6  - 2.754546*x11*x7 + 0.486512*x11*x8 + 1.070104*x11*x9  - 5.101165*x11*x10 + 0.181598*x11*x11  - 4.256216*x11*x12 + 6.975777*x11*x13  - 1.422245*x11*x14  - 0.581092*x11*x15  - 4.095887*x11*x16  - 5.530265*x11*x17  - 2.418943*x11*x18  - 3.259243*x11*x19  - 5.570708*x11*x20 + 1.973851*x11*x21  - 2.077203*x11*x22  - 2.165349*x11*x23 + 1.627809*x11*x24  - 1.242290*x11*x25  - 3.898257*x11*x26 + 2.299865*x11*x27 + 2.426603*x11*x28  - 4.544769*x11*x29 + 0.878188*x11*x30  - 0.791856*x12*x1 + 1.746517*x12*x2  - 4.296483*x12*x3  - 4.636001*x12*x4 + 2.618896*x12*x5  - 8.614008*x12*x6  - 2.867867*x12*x7  - 2.779531*x12*x8 + 1.305402*x12*x9  - 0.074284*x12*x10  - 4.256216*x12*x11 + 1.668637*x12*x12 + 0.207061*x12*x13 + 4.860038*x12*x14 + 1.763377*x12*x15  - 4.546824*x12*x16  - 0.049333*x12*x17 + 4.562688*x12*x18  - 0.700308*x12*x19  - 0.673873*x12*x20  - 1.233594*x12*x21 + 1.080455*x12*x22  - 8.369155*x12*x23  - 6.942693*x12*x24  - 2.493315*x12*x25  - 0.724184*x12*x26  - 1.157024*x12*x27  - 3.659933*x12*x28  - 5.175886*x12*x29 + 1.675191*x12*x30 + 3.892873*x13*x1 + 5.074907*x13*x2 + 1.903431*x13*x3  - 0.245099*x13*x4  - 2.380431*x13*x5  - 2.206972*x13*x6  - 2.699065*x13*x7  - 2.947016*x13*x8  - 0.489609*x13*x9  - 1.903477*x13*x10 + 6.975777*x13*x11 + 0.207061*x13*x12 + 0.303406*x13*x13  - 1.761266*x13*x14  - 8.135876*x13*x15  - 2.680495*x13*x16  - 7.274192*x13*x17  - 1.067030*x13*x18  - 2.821677*x13*x19 + 8.458234*x13*x20  - 3.819497*x13*x21 + 0.023011*x13*x22  - 1.056096*x13*x23  - 7.563341*x13*x24 + 3.690609*x13*x25  - 4.472540*x13*x26 + 4.716737*x13*x27  - 1.633654*x13*x28  - 1.474958*x13*x29 + 2.880021*x13*x30  - 5.203257*x14*x1  - 0.316074*x14*x2 + 1.651913*x14*x3  - 4.039741*x14*x4 + 1.332992*x14*x5  - 1.488075*x14*x6 + 0.630892*x14*x7  - 2.581133*x14*x8 + 1.289677*x14*x9  - 2.636121*x14*x10  - 1.422245*x14*x11 + 4.860038*x14*x12  - 1.761266*x14*x13 + 2.308335*x14*x14  - 2.283201*x14*x15 + 4.339039*x14*x16  - 0.759407*x14*x17 + 0.330006*x14*x18 + 1.483907*x14*x19  - 0.420696*x14*x20 + 0.202845*x14*x21  - 4.676904*x14*x22  - 2.282858*x14*x23 + 6.328242*x14*x24  - 4.567908*x14*x25  - 5.590618*x14*x26 + 9.353504*x14*x27  - 7.070612*x14*x28 + 0.973283*x14*x29  - 2.659888*x14*x30  - 2.037506*x15*x1  - 0.120378*x15*x2 + 1.412083*x15*x3 + 0.254101*x15*x4 + 4.888574*x15*x5  - 3.779384*x15*x6 + 1.582428*x15*x7  - 0.151050*x15*x8  - 3.235455*x15*x9  - 6.267238*x15*x10  - 0.581092*x15*x11 + 1.763377*x15*x12  - 8.135876*x15*x13  - 2.283201*x15*x14 + 1.268475*x15*x15  - 0.898338*x15*x16 + 1.845682*x15*x17  - 3.669046*x15*x18  - 4.005511*x15*x19 + 3.524682*x15*x20  - 1.681553*x15*x21 + 2.690046*x15*x22  - 5.205758*x15*x23 + 3.947867*x15*x24 + 5.824648*x15*x25  - 5.105550*x15*x26 + 1.561398*x15*x27  - 1.885197*x15*x28  - 0.538566*x15*x29  - 0.626124*x15*x30  - 5.034647*x16*x1 + 0.199050*x16*x2 + 0.853379*x16*x3 + 6.936207*x16*x4 + 2.643431*x16*x5 + 0.138649*x16*x6 + 1.991731*x16*x7  - 3.102341*x16*x8  - 4.297055*x16*x9  - 7.863907*x16*x10  - 4.095887*x16*x11  - 4.546824*x16*x12  - 2.680495*x16*x13 + 4.339039*x16*x14  - 0.898338*x16*x15 + 0.452047*x16*x16  - 2.815379*x16*x17  - 5.515842*x16*x18  - 6.364518*x16*x19  - 3.079573*x16*x20  - 5.605273*x16*x21 + 5.031147*x16*x22  - 2.229680*x16*x23  - 7.128737*x16*x24  - 6.896038*x16*x25 + 0.848070*x16*x26  - 6.776691*x16*x27 + 8.290184*x16*x28  - 0.944769*x16*x29 + 0.732432*x16*x30 + 0.065296*x17*x1  - 2.768983*x17*x2  - 0.635673*x17*x3  - 3.802850*x17*x4  - 5.395639*x17*x5 + 5.730649*x17*x6  - 5.521461*x17*x7  - 0.941699*x17*x8  - 3.682670*x17*x9  - 3.514274*x17*x10  - 5.530265*x17*x11  - 0.049333*x17*x12  - 7.274192*x17*x13  - 0.759407*x17*x14 + 1.845682*x17*x15  - 2.815379*x17*x16 + 2.179245*x17*x17  - 4.358116*x17*x18 + 1.690857*x17*x19 + 3.254971*x17*x20  - 5.770754*x17*x21  - 6.372778*x17*x22  - 3.441501*x17*x23  - 7.125739*x17*x24  - 0.865400*x17*x25  - 1.624346*x17*x26  - 5.380312*x17*x27 + 6.493919*x17*x28 + 8.139882*x17*x29  - 6.931266*x17*x30 + 6.292138*x18*x1  - 3.889877*x18*x2  - 2.585953*x18*x3  - 5.452958*x18*x4 + 1.121923*x18*x5 + 1.204207*x18*x6 + 0.315125*x18*x7  - 0.461557*x18*x8  - 4.657226*x18*x9  - 0.235146*x18*x10  - 2.418943*x18*x11 + 4.562688*x18*x12  - 1.067030*x18*x13 + 0.330006*x18*x14  - 3.669046*x18*x15  - 5.515842*x18*x16  - 4.358116*x18*x17 + 3.181332*x18*x18 + 5.050098*x18*x19  - 3.104574*x18*x20 + 5.112584*x18*x21 + 6.913632*x18*x22 + 4.699327*x18*x23  - 5.407260*x18*x24  - 5.303649*x18*x25  - 1.637372*x18*x26  - 4.607932*x18*x27  - 0.018039*x18*x28  - 1.337362*x18*x29  - 7.181867*x18*x30  - 5.152516*x19*x1  - 3.390217*x19*x2  - 6.955010*x19*x3  - 6.889396*x19*x4  - 0.440247*x19*x5 + 6.623580*x19*x6  - 1.246512*x19*x7  - 1.050288*x19*x8  - 0.592721*x19*x9 + 3.135742*x19*x10  - 3.259243*x19*x11  - 0.700308*x19*x12  - 2.821677*x19*x13 + 1.483907*x19*x14  - 4.005511*x19*x15  - 6.364518*x19*x16 + 1.690857*x19*x17 + 5.050098*x19*x18 + 1.466053*x19*x19 + 6.643372*x19*x20  - 0.482642*x19*x21  - 9.287353*x19*x22 + 1.038485*x19*x23  - 2.755183*x19*x24  - 0.711873*x19*x25 + 0.001931*x19*x26 + 9.083533*x19*x27  - 2.960345*x19*x28 + 0.313119*x19*x29  - 1.375311*x19*x30 + 0.774270*x20*x1  - 2.580222*x20*x2 + 6.328216*x20*x3  - 4.094195*x20*x4 + 3.432904*x20*x5  - 3.783270*x20*x6  - 4.504394*x20*x7 + 4.880588*x20*x8  - 1.612105*x20*x9  - 5.421154*x20*x10  - 5.570708*x20*x11  - 0.673873*x20*x12 + 8.458234*x20*x13  - 0.420696*x20*x14 + 3.524682*x20*x15  - 3.079573*x20*x16 + 3.254971*x20*x17  - 3.104574*x20*x18 + 6.643372*x20*x19 + 0.513308*x20*x20 + 2.571937*x20*x21  - 2.711855*x20*x22  - 3.088379*x20*x23 + 1.126640*x20*x24 + 3.821255*x20*x25  - 0.857058*x20*x26 + 5.191835*x20*x27 + 0.678242*x20*x28  - 8.927010*x20*x29  - 2.030731*x20*x30 + 4.954558*x21*x1 + 0.618698*x21*x2  - 4.079969*x21*x3 + 2.720034*x21*x4  - 0.174135*x21*x5  - 4.159229*x21*x6 + 5.435716*x21*x7  - 1.072248*x21*x8  - 6.962531*x21*x9  - 0.457777*x21*x10 + 1.973851*x21*x11  - 1.233594*x21*x12  - 3.819497*x21*x13 + 0.202845*x21*x14  - 1.681553*x21*x15  - 5.605273*x21*x16  - 5.770754*x21*x17 + 5.112584*x21*x18  - 0.482642*x21*x19 + 2.571937*x21*x20 + 0.072361*x21*x21 + 4.938023*x21*x22 + 3.315453*x21*x23 + 0.798136*x21*x24  - 2.612064*x21*x25 + 0.572618*x21*x26 + 0.893605*x21*x27 + 0.348707*x21*x28 + 6.884879*x21*x29  - 1.679081*x21*x30  - 3.383060*x22*x1 + 4.923104*x22*x2  - 2.880112*x22*x3 + 3.182028*x22*x4 + 0.737578*x22*x5 + 3.504681*x22*x6  - 1.427756*x22*x7  - 0.313603*x22*x8  - 4.206651*x22*x9 + 7.156653*x22*x10  - 2.077203*x22*x11 + 1.080455*x22*x12 + 0.023011*x22*x13  - 4.676904*x22*x14 + 2.690046*x22*x15 + 5.031147*x22*x16  - 6.372778*x22*x17 + 6.913632*x22*x18  - 9.287353*x22*x19  - 2.711855*x22*x20 + 4.938023*x22*x21 + 0.373031*x22*x22 + 1.652050*x22*x23 + 3.410927*x22*x24 + 2.463482*x22*x25 + 2.641238*x22*x26  - 4.870392*x22*x27 + 2.072710*x22*x28  - 6.903115*x22*x29  - 4.846553*x22*x30 + 5.607389*x23*x1  - 1.006492*x23*x2 + 4.071210*x23*x3 + 1.386707*x23*x4 + 3.813118*x23*x5 + 1.275908*x23*x6 + 4.503004*x23*x7 + 3.687269*x23*x8  - 1.152012*x23*x9  - 0.538514*x23*x10  - 2.165349*x23*x11  - 8.369155*x23*x12  - 1.056096*x23*x13  - 2.282858*x23*x14  - 5.205758*x23*x15  - 2.229680*x23*x16  - 3.441501*x23*x17 + 4.699327*x23*x18 + 1.038485*x23*x19  - 3.088379*x23*x20 + 3.315453*x23*x21 + 1.652050*x23*x22 + 1.248067*x23*x23  - 1.033295*x23*x24 + 1.456301*x23*x25 + 0.047479*x23*x26  - 0.008686*x23*x27 + 1.934335*x23*x28 + 3.315927*x23*x29 + 5.476778*x23*x30  - 1.444908*x24*x1  - 0.163535*x24*x2 + 3.065071*x24*x3  - 6.336350*x24*x4 + 3.211514*x24*x5  - 0.629378*x24*x6  - 9.180974*x24*x7 + 3.589003*x24*x8 + 4.965786*x24*x9  - 0.100741*x24*x10 + 1.627809*x24*x11  - 6.942693*x24*x12  - 7.563341*x24*x13 + 6.328242*x24*x14 + 3.947867*x24*x15  - 7.128737*x24*x16  - 7.125739*x24*x17  - 5.407260*x24*x18  - 2.755183*x24*x19 + 1.126640*x24*x20 + 0.798136*x24*x21 + 3.410927*x24*x22  - 1.033295*x24*x23 + 2.291614*x24*x24 + 0.529964*x24*x25 + 0.143210*x24*x26  - 4.473911*x24*x27  - 8.567417*x24*x28 + 4.605449*x24*x29 + 2.318501*x24*x30  - 7.714629*x25*x1 + 0.316571*x25*x2 + 2.259964*x25*x3 + 1.569037*x25*x4 + 3.650894*x25*x5  - 6.117928*x25*x6  - 7.470626*x25*x7 + 7.823971*x25*x8  - 0.160447*x25*x9 + 1.516989*x25*x10  - 1.242290*x25*x11  - 2.493315*x25*x12 + 3.690609*x25*x13  - 4.567908*x25*x14 + 5.824648*x25*x15  - 6.896038*x25*x16  - 0.865400*x25*x17  - 5.303649*x25*x18  - 0.711873*x25*x19 + 3.821255*x25*x20  - 2.612064*x25*x21 + 2.463482*x25*x22 + 1.456301*x25*x23 + 0.529964*x25*x24 + 2.177442*x25*x25 + 9.397228*x25*x26  - 2.377296*x25*x27  - 3.161981*x25*x28 + 2.160416*x25*x29 + 3.856680*x25*x30 + 3.933222*x26*x1  - 1.109139*x26*x2 + 2.074744*x26*x3  - 3.484208*x26*x4  - 1.428087*x26*x5  - 2.689084*x26*x6  - 0.030079*x26*x7  - 3.083315*x26*x8 + 1.859033*x26*x9 + 2.075463*x26*x10  - 3.898257*x26*x11  - 0.724184*x26*x12  - 4.472540*x26*x13  - 5.590618*x26*x14  - 5.105550*x26*x15 + 0.848070*x26*x16  - 1.624346*x26*x17  - 1.637372*x26*x18 + 0.001931*x26*x19  - 0.857058*x26*x20 + 0.572618*x26*x21 + 2.641238*x26*x22 + 0.047479*x26*x23 + 0.143210*x26*x24 + 9.397228*x26*x25 + 2.681959*x26*x26 + 2.515087*x26*x27  - 0.164269*x26*x28 + 1.566330*x26*x29  - 1.109144*x26*x30  - 2.969198*x27*x1 + 0.654364*x27*x2 + 0.516284*x27*x3  - 6.696177*x27*x4 + 0.440071*x27*x5 + 6.859186*x27*x6  - 3.814241*x27*x7  - 7.846576*x27*x8 + 7.559461*x27*x9  - 8.999481*x27*x10 + 2.299865*x27*x11  - 1.157024*x27*x12 + 4.716737*x27*x13 + 9.353504*x27*x14 + 1.561398*x27*x15  - 6.776691*x27*x16  - 5.380312*x27*x17  - 4.607932*x27*x18 + 9.083533*x27*x19 + 5.191835*x27*x20 + 0.893605*x27*x21  - 4.870392*x27*x22  - 0.008686*x27*x23  - 4.473911*x27*x24  - 2.377296*x27*x25 + 2.515087*x27*x26 + 0.466553*x27*x27 + 3.650887*x27*x28 + 6.855874*x27*x29 + 3.413354*x27*x30 + 0.068653*x28*x1 + 0.337607*x28*x2 + 4.521950*x28*x3 + 1.338490*x28*x4  - 0.244736*x28*x5 + 0.641769*x28*x6  - 6.581954*x28*x7  - 5.412347*x28*x8  - 2.184704*x28*x9  - 2.182143*x28*x10 + 2.426603*x28*x11  - 3.659933*x28*x12  - 1.633654*x28*x13  - 7.070612*x28*x14  - 1.885197*x28*x15 + 8.290184*x28*x16 + 6.493919*x28*x17  - 0.018039*x28*x18  - 2.960345*x28*x19 + 0.678242*x28*x20 + 0.348707*x28*x21 + 2.072710*x28*x22 + 1.934335*x28*x23  - 8.567417*x28*x24  - 3.161981*x28*x25  - 0.164269*x28*x26 + 3.650887*x28*x27 + 1.756481*x28*x28  - 0.194207*x28*x29  - 3.304451*x28*x30  - 0.246079*x29*x1  - 7.615430*x29*x2 + 1.758501*x29*x3 + 2.324028*x29*x4  - 4.618772*x29*x5  - 5.697800*x29*x6  - 2.244143*x29*x7  - 3.857991*x29*x8 + 0.836418*x29*x9  - 0.104893*x29*x10  - 4.544769*x29*x11  - 5.175886*x29*x12  - 1.474958*x29*x13 + 0.973283*x29*x14  - 0.538566*x29*x15  - 0.944769*x29*x16 + 8.139882*x29*x17  - 1.337362*x29*x18 + 0.313119*x29*x19  - 8.927010*x29*x20 + 6.884879*x29*x21  - 6.903115*x29*x22 + 3.315927*x29*x23 + 4.605449*x29*x24 + 2.160416*x29*x25 + 1.566330*x29*x26 + 6.855874*x29*x27  - 0.194207*x29*x28 + 0.864393*x29*x29  - 1.519105*x29*x30 + 0.079312*x30*x1 + 8.590169*x30*x2  - 4.374644*x30*x3 + 3.199365*x30*x4  - 6.169501*x30*x5 + 0.518938*x30*x6  - 2.557844*x30*x7  - 6.662342*x30*x8  - 6.556420*x30*x9  - 1.447876*x30*x10 + 0.878188*x30*x11 + 1.675191*x30*x12 + 2.880021*x30*x13  - 2.659888*x30*x14  - 0.626124*x30*x15 + 0.732432*x30*x16  - 6.931266*x30*x17  - 7.181867*x30*x18  - 1.375311*x30*x19  - 2.030731*x30*x20  - 1.679081*x30*x21  - 4.846553*x30*x22 + 5.476778*x30*x23 + 2.318501*x30*x24 + 3.856680*x30*x25  - 1.109144*x30*x26 + 3.413354*x30*x27  - 3.304451*x30*x28  - 1.519105*x30*x29 + 3.230880*x30*x30 ;
