OPTIONS {
 MaxTime: 10000;
 EpsR: 0.000001;
 }
 
VARIABLES	x1,x2,x3,x4,x5,x6,x7,x8,x9,x10,x11,x12,x13,x14,x15,x16,x17,x18,x19,x20,x21,x22,x23,x24,x25,x26,x27,x28,x29,x30;
LOWER_BOUNDS {
x1: 0.000000;
x2: 0.000000;
x3: 0.000000;
x4: 0.000000;
x5: 0.000000;
x6: 0.000000;
x7: 0.000000;
x8: 0.000000;
x9: 0.000000;
x10: 0.000000;
x11: 0.000000;
x12: 0.000000;
x13: 0.000000;
x14: 0.000000;
x15: 0.000000;
x16: 0.000000;
x17: 0.000000;
x18: 0.000000;
x19: 0.000000;
x20: 0.000000;
x21: 0.000000;
x22: 0.000000;
x23: 0.000000;
x24: 0.000000;
x25: 0.000000;
x26: 0.000000;
x27: 0.000000;
x28: 0.000000;
x29: 0.000000;
x30: 0.000000;
}

UPPER_BOUNDS {
x1: 1.000000;
x2: 1.000000;
x3: 1.000000;
x4: 1.000000;
x5: 1.000000;
x6: 1.000000;
x7: 1.000000;
x8: 1.000000;
x9: 1.000000;
x10: 1.000000;
x11: 1.000000;
x12: 1.000000;
x13: 1.000000;
x14: 1.000000;
x15: 1.000000;
x16: 1.000000;
x17: 1.000000;
x18: 1.000000;
x19: 1.000000;
x20: 1.000000;
x21: 1.000000;
x22: 1.000000;
x23: 1.000000;
x24: 1.000000;
x25: 1.000000;
x26: 1.000000;
x27: 1.000000;
x28: 1.000000;
x29: 1.000000;
x30: 1.000000;
}

EQUATIONS e1;

e1:  1.000000*x1  + 1.000000*x2  + 1.000000*x3  + 1.000000*x4  + 1.000000*x5  + 1.000000*x6  + 1.000000*x7  + 1.000000*x8  + 1.000000*x9  + 1.000000*x10  + 1.000000*x11  + 1.000000*x12  + 1.000000*x13  + 1.000000*x14  + 1.000000*x15  + 1.000000*x16  + 1.000000*x17  + 1.000000*x18  + 1.000000*x19  + 1.000000*x20  + 1.000000*x21  + 1.000000*x22  + 1.000000*x23  + 1.000000*x24  + 1.000000*x25  + 1.000000*x26  + 1.000000*x27  + 1.000000*x28  + 1.000000*x29  + 1.000000*x30  == 1.000000;

OBJ: minimize	 - 0.860749*x1*x1  - 2.316267*x1*x2  - 3.368521*x1*x3  - 0.621582*x1*x4 + 5.463713*x1*x5 + 1.334156*x1*x6 + 5.527849*x1*x7  - 2.447783*x1*x8  - 1.840501*x1*x9 + 3.357657*x1*x10 + 4.238969*x1*x11  - 4.487280*x1*x12 + 7.951196*x1*x13  - 7.729504*x1*x14  - 8.096679*x1*x15 + 6.075168*x1*x16 + 7.771017*x1*x17 + 5.889416*x1*x18 + 7.005124*x1*x19  - 3.626434*x1*x20  - 0.761117*x1*x21 + 6.753448*x1*x22  - 6.238095*x1*x23 + 5.707438*x1*x24  - 3.397672*x1*x25 + 1.784435*x1*x26 + 2.570203*x1*x27 + 2.978967*x1*x28  - 2.206590*x1*x29  - 5.920610*x1*x30  - 2.316267*x2*x1  - 0.117979*x2*x2  - 8.848330*x2*x3 + 1.424246*x2*x4 + 1.487439*x2*x5 + 0.775933*x2*x6 + 4.276271*x2*x7 + 6.550149*x2*x8  - 0.450114*x2*x9 + 2.323711*x2*x10 + 7.991208*x2*x11 + 7.064900*x2*x12 + 4.507865*x2*x13 + 2.522044*x2*x14  - 2.012736*x2*x15  - 1.029996*x2*x16 + 3.456016*x2*x17  - 1.024437*x2*x18 + 5.996977*x2*x19  - 2.420333*x2*x20 + 7.691878*x2*x21 + 3.540857*x2*x22  - 1.302281*x2*x23 + 6.227785*x2*x24 + 1.543911*x2*x25 + 2.008574*x2*x26 + 2.339145*x2*x27 + 2.518569*x2*x28  - 3.012692*x2*x29 + 4.806575*x2*x30  - 3.368521*x3*x1  - 8.848330*x3*x2  - 0.733448*x3*x3  - 0.102888*x3*x4  - 1.070444*x3*x5  - 7.808050*x3*x6 + 3.525322*x3*x7 + 5.860901*x3*x8 + 7.016113*x3*x9  - 0.815300*x3*x10 + 0.698842*x3*x11  - 4.193754*x3*x12  - 2.233228*x3*x13 + 0.194651*x3*x14  - 3.964998*x3*x15  - 2.505514*x3*x16  - 3.145222*x3*x17 + 4.920348*x3*x18 + 1.218802*x3*x19  - 6.556019*x3*x20 + 3.993401*x3*x21  - 9.236515*x3*x22 + 7.222133*x3*x23  - 2.175608*x3*x24  - 3.083712*x3*x25  - 1.895250*x3*x26 + 3.830219*x3*x27 + 8.815131*x3*x28  - 0.922832*x3*x29  - 1.975857*x3*x30  - 0.621582*x4*x1 + 1.424246*x4*x2  - 0.102888*x4*x3  - 0.544299*x4*x4  - 3.310532*x4*x5  - 5.140536*x4*x6  - 2.065046*x4*x7  - 4.032670*x4*x8 + 1.868019*x4*x9 + 5.086682*x4*x10  - 3.302710*x4*x11  - 6.418490*x4*x12  - 1.387120*x4*x13  - 7.332536*x4*x14 + 3.922324*x4*x15 + 2.009836*x4*x16  - 4.650814*x4*x17  - 0.019005*x4*x18 + 2.075546*x4*x19 + 2.302608*x4*x20 + 1.955463*x4*x21 + 3.869560*x4*x22  - 7.135235*x4*x23 + 1.525179*x4*x24 + 6.458331*x4*x25 + 8.135055*x4*x26  - 5.079988*x4*x27  - 1.686102*x4*x28  - 2.159644*x4*x29 + 0.851800*x4*x30 + 5.463713*x5*x1 + 1.487439*x5*x2  - 1.070444*x5*x3  - 3.310532*x5*x4  - 0.123602*x5*x5  - 0.787669*x5*x6 + 3.709928*x5*x7 + 5.981272*x5*x8 + 4.696324*x5*x9 + 1.887775*x5*x10 + 1.035539*x5*x11 + 0.881401*x5*x12  - 1.130641*x5*x13  - 0.448906*x5*x14 + 6.080963*x5*x15  - 6.894724*x5*x16  - 1.483692*x5*x17 + 1.694429*x5*x18 + 2.181147*x5*x19  - 4.171112*x5*x20 + 7.940700*x5*x21 + 1.821097*x5*x22  - 3.419385*x5*x23 + 1.890619*x5*x24 + 6.630149*x5*x25 + 1.888163*x5*x26 + 3.719612*x5*x27 + 6.017435*x5*x28  - 3.235022*x5*x29 + 2.030187*x5*x30 + 1.334156*x6*x1 + 0.775933*x6*x2  - 7.808050*x6*x3  - 5.140536*x6*x4  - 0.787669*x6*x5  - 0.321708*x6*x6  - 3.062576*x6*x7 + 8.432596*x6*x8  - 0.428846*x6*x9 + 0.714031*x6*x10  - 0.973939*x6*x11 + 4.264928*x6*x12  - 7.133389*x6*x13  - 1.367551*x6*x14 + 5.424068*x6*x15  - 3.341486*x6*x16 + 0.184556*x6*x17 + 2.942492*x6*x18 + 3.226996*x6*x19 + 3.852368*x6*x20 + 3.608158*x6*x21  - 2.513232*x6*x22 + 6.997481*x6*x23  - 1.631481*x6*x24 + 2.018830*x6*x25 + 1.299924*x6*x26 + 2.429635*x6*x27  - 1.280170*x6*x28 + 4.691625*x6*x29  - 0.768757*x6*x30 + 5.527849*x7*x1 + 4.276271*x7*x2 + 3.525322*x7*x3  - 2.065046*x7*x4 + 3.709928*x7*x5  - 3.062576*x7*x6  - 0.790014*x7*x7 + 5.782519*x7*x8  - 1.119555*x7*x9  - 3.597268*x7*x10  - 5.347890*x7*x11 + 2.031247*x7*x12  - 2.169327*x7*x13  - 1.155792*x7*x14 + 0.344825*x7*x15 + 3.024055*x7*x16  - 0.396292*x7*x17  - 4.388249*x7*x18  - 1.393899*x7*x19 + 0.968917*x7*x20  - 3.630200*x7*x21 + 0.316934*x7*x22  - 7.093445*x7*x23  - 2.265671*x7*x24  - 4.705309*x7*x25 + 4.431065*x7*x26  - 2.394147*x7*x27 + 2.034732*x7*x28  - 4.291875*x7*x29 + 8.936670*x7*x30  - 2.447783*x8*x1 + 6.550149*x8*x2 + 5.860901*x8*x3  - 4.032670*x8*x4 + 5.981272*x8*x5 + 8.432596*x8*x6 + 5.782519*x8*x7  - 1.321766*x8*x8  - 2.875004*x8*x9 + 3.921509*x8*x10 + 1.369080*x8*x11 + 4.322182*x8*x12 + 7.309765*x8*x13 + 8.179106*x8*x14 + 2.232949*x8*x15 + 1.947813*x8*x16  - 5.405496*x8*x17  - 1.623850*x8*x18  - 1.295856*x8*x19 + 2.764862*x8*x20  - 3.819901*x8*x21 + 6.848748*x8*x22  - 7.520826*x8*x23 + 1.559509*x8*x24  - 0.655593*x8*x25  - 6.345814*x8*x26 + 4.305276*x8*x27 + 7.224489*x8*x28  - 6.368416*x8*x29  - 6.738087*x8*x30  - 1.840501*x9*x1  - 0.450114*x9*x2 + 7.016113*x9*x3 + 1.868019*x9*x4 + 4.696324*x9*x5  - 0.428846*x9*x6  - 1.119555*x9*x7  - 2.875004*x9*x8  - 3.856843*x9*x9  - 8.661953*x9*x10 + 5.021379*x9*x11  - 2.240416*x9*x12 + 6.223227*x9*x13  - 3.013756*x9*x14 + 2.507571*x9*x15  - 0.680962*x9*x16  - 1.686396*x9*x17 + 5.340870*x9*x18 + 1.587302*x9*x19  - 1.926994*x9*x20  - 6.444408*x9*x21  - 3.242238*x9*x22 + 1.944150*x9*x23 + 4.387142*x9*x24 + 1.703884*x9*x25 + 4.474378*x9*x26 + 3.850969*x9*x27 + 0.182930*x9*x28 + 4.078030*x9*x29  - 0.284885*x9*x30 + 3.357657*x10*x1 + 2.323711*x10*x2  - 0.815300*x10*x3 + 5.086682*x10*x4 + 1.887775*x10*x5 + 0.714031*x10*x6  - 3.597268*x10*x7 + 3.921509*x10*x8  - 8.661953*x10*x9  - 2.712827*x10*x10  - 4.517909*x10*x11 + 6.682091*x10*x12  - 7.010771*x10*x13  - 4.433192*x10*x14 + 1.318167*x10*x15  - 0.277509*x10*x16  - 0.911204*x10*x17 + 1.416570*x10*x18 + 2.794533*x10*x19  - 3.631437*x10*x20 + 4.084004*x10*x21 + 0.394506*x10*x22 + 7.477932*x10*x23  - 0.668711*x10*x24  - 4.459914*x10*x25  - 1.952863*x10*x26  - 6.218006*x10*x27 + 4.174598*x10*x28 + 1.563997*x10*x29  - 2.838184*x10*x30 + 4.238969*x11*x1 + 7.991208*x11*x2 + 0.698842*x11*x3  - 3.302710*x11*x4 + 1.035539*x11*x5  - 0.973939*x11*x6  - 5.347890*x11*x7 + 1.369080*x11*x8 + 5.021379*x11*x9  - 4.517909*x11*x10  - 0.453663*x11*x11  - 9.274207*x11*x12 + 1.763117*x11*x13  - 7.646428*x11*x14  - 2.684495*x11*x15 + 4.832436*x11*x16  - 0.945585*x11*x17  - 0.232014*x11*x18 + 2.571483*x11*x19 + 4.078132*x11*x20 + 1.724261*x11*x21 + 7.299360*x11*x22  - 0.690633*x11*x23  - 4.214567*x11*x24  - 3.798158*x11*x25  - 7.475858*x11*x26 + 0.308923*x11*x27  - 6.044908*x11*x28 + 1.188161*x11*x29  - 8.244667*x11*x30  - 4.487280*x12*x1 + 7.064900*x12*x2  - 4.193754*x12*x3  - 6.418490*x12*x4 + 0.881401*x12*x5 + 4.264928*x12*x6 + 2.031247*x12*x7 + 4.322182*x12*x8  - 2.240416*x12*x9 + 6.682091*x12*x10  - 9.274207*x12*x11  - 2.384091*x12*x12  - 7.558549*x12*x13  - 3.113655*x12*x14  - 3.720325*x12*x15  - 4.253622*x12*x16 + 0.196713*x12*x17  - 6.228916*x12*x18 + 2.473838*x12*x19  - 2.581034*x12*x20 + 5.741245*x12*x21 + 3.039590*x12*x22  - 4.974971*x12*x23  - 4.479698*x12*x24 + 0.847644*x12*x25  - 3.450987*x12*x26 + 8.345421*x12*x27  - 1.308266*x12*x28 + 1.081323*x12*x29 + 8.489207*x12*x30 + 7.951196*x13*x1 + 4.507865*x13*x2  - 2.233228*x13*x3  - 1.387120*x13*x4  - 1.130641*x13*x5  - 7.133389*x13*x6  - 2.169327*x13*x7 + 7.309765*x13*x8 + 6.223227*x13*x9  - 7.010771*x13*x10 + 1.763117*x13*x11  - 7.558549*x13*x12  - 0.441123*x13*x13  - 0.614868*x13*x14 + 3.605319*x13*x15 + 8.139503*x13*x16  - 1.327788*x13*x17  - 4.056203*x13*x18 + 8.707232*x13*x19 + 4.025729*x13*x20  - 3.594982*x13*x21  - 0.458187*x13*x22  - 5.925604*x13*x23 + 9.652139*x13*x24 + 3.462816*x13*x25  - 3.814263*x13*x26 + 5.850571*x13*x27 + 0.800357*x13*x28  - 3.651601*x13*x29  - 7.442787*x13*x30  - 7.729504*x14*x1 + 2.522044*x14*x2 + 0.194651*x14*x3  - 7.332536*x14*x4  - 0.448906*x14*x5  - 1.367551*x14*x6  - 1.155792*x14*x7 + 8.179106*x14*x8  - 3.013756*x14*x9  - 4.433192*x14*x10  - 7.646428*x14*x11  - 3.113655*x14*x12  - 0.614868*x14*x13  - 1.290031*x14*x14  - 5.500451*x14*x15  - 5.543327*x14*x16  - 0.327585*x14*x17  - 3.578084*x14*x18  - 2.478472*x14*x19 + 6.697127*x14*x20 + 7.687696*x14*x21 + 1.012953*x14*x22  - 1.240015*x14*x23  - 4.161196*x14*x24 + 0.792819*x14*x25 + 6.366101*x14*x26  - 2.623991*x14*x27  - 4.996893*x14*x28 + 3.318222*x14*x29  - 5.790944*x14*x30  - 8.096679*x15*x1  - 2.012736*x15*x2  - 3.964998*x15*x3 + 3.922324*x15*x4 + 6.080963*x15*x5 + 5.424068*x15*x6 + 0.344825*x15*x7 + 2.232949*x15*x8 + 2.507571*x15*x9 + 1.318167*x15*x10  - 2.684495*x15*x11  - 3.720325*x15*x12 + 3.605319*x15*x13  - 5.500451*x15*x14  - 0.801316*x15*x15  - 3.458335*x15*x16  - 4.552160*x15*x17  - 6.417805*x15*x18  - 2.399152*x15*x19  - 0.591270*x15*x20  - 1.906474*x15*x21 + 3.896631*x15*x22  - 2.869958*x15*x23  - 0.986234*x15*x24  - 1.102344*x15*x25  - 0.102012*x15*x26  - 0.375363*x15*x27 + 6.067008*x15*x28  - 6.043448*x15*x29  - 5.778735*x15*x30 + 6.075168*x16*x1  - 1.029996*x16*x2  - 2.505514*x16*x3 + 2.009836*x16*x4  - 6.894724*x16*x5  - 3.341486*x16*x6 + 3.024055*x16*x7 + 1.947813*x16*x8  - 0.680962*x16*x9  - 0.277509*x16*x10 + 4.832436*x16*x11  - 4.253622*x16*x12 + 8.139503*x16*x13  - 5.543327*x16*x14  - 3.458335*x16*x15  - 3.403876*x16*x16 + 3.763927*x16*x17  - 1.908250*x16*x18  - 2.571813*x16*x19  - 3.946759*x16*x20 + 6.196902*x16*x21 + 2.975150*x16*x22  - 8.975074*x16*x23 + 3.721649*x16*x24  - 3.653650*x16*x25  - 5.320074*x16*x26 + 2.152381*x16*x27 + 5.544131*x16*x28  - 4.589507*x16*x29  - 3.289494*x16*x30 + 7.771017*x17*x1 + 3.456016*x17*x2  - 3.145222*x17*x3  - 4.650814*x17*x4  - 1.483692*x17*x5 + 0.184556*x17*x6  - 0.396292*x17*x7  - 5.405496*x17*x8  - 1.686396*x17*x9  - 0.911204*x17*x10  - 0.945585*x17*x11 + 0.196713*x17*x12  - 1.327788*x17*x13  - 0.327585*x17*x14  - 4.552160*x17*x15 + 3.763927*x17*x16  - 3.770648*x17*x17 + 3.585573*x17*x18  - 2.221464*x17*x19 + 4.847996*x17*x20 + 2.413522*x17*x21 + 7.328610*x17*x22  - 6.488529*x17*x23  - 6.774881*x17*x24  - 5.370418*x17*x25 + 6.695840*x17*x26 + 9.037018*x17*x27 + 4.780245*x17*x28 + 0.764244*x17*x29  - 4.019049*x17*x30 + 5.889416*x18*x1  - 1.024437*x18*x2 + 4.920348*x18*x3  - 0.019005*x18*x4 + 1.694429*x18*x5 + 2.942492*x18*x6  - 4.388249*x18*x7  - 1.623850*x18*x8 + 5.340870*x18*x9 + 1.416570*x18*x10  - 0.232014*x18*x11  - 6.228916*x18*x12  - 4.056203*x18*x13  - 3.578084*x18*x14  - 6.417805*x18*x15  - 1.908250*x18*x16 + 3.585573*x18*x17  - 0.445340*x18*x18  - 7.259217*x18*x19 + 4.820639*x18*x20 + 2.769854*x18*x21  - 4.342192*x18*x22  - 3.268239*x18*x23  - 3.817919*x18*x24 + 8.493777*x18*x25 + 2.001958*x18*x26 + 1.595659*x18*x27  - 5.884661*x18*x28 + 1.551161*x18*x29 + 2.680904*x18*x30 + 7.005124*x19*x1 + 5.996977*x19*x2 + 1.218802*x19*x3 + 2.075546*x19*x4 + 2.181147*x19*x5 + 3.226996*x19*x6  - 1.393899*x19*x7  - 1.295856*x19*x8 + 1.587302*x19*x9 + 2.794533*x19*x10 + 2.571483*x19*x11 + 2.473838*x19*x12 + 8.707232*x19*x13  - 2.478472*x19*x14  - 2.399152*x19*x15  - 2.571813*x19*x16  - 2.221464*x19*x17  - 7.259217*x19*x18  - 2.273305*x19*x19 + 3.937541*x19*x20 + 5.312692*x19*x21 + 1.969762*x19*x22  - 7.200991*x19*x23  - 5.896759*x19*x24 + 0.664788*x19*x25 + 2.278490*x19*x26  - 1.453012*x19*x27 + 6.027599*x19*x28 + 5.521853*x19*x29  - 4.097773*x19*x30  - 3.626434*x20*x1  - 2.420333*x20*x2  - 6.556019*x20*x3 + 2.302608*x20*x4  - 4.171112*x20*x5 + 3.852368*x20*x6 + 0.968917*x20*x7 + 2.764862*x20*x8  - 1.926994*x20*x9  - 3.631437*x20*x10 + 4.078132*x20*x11  - 2.581034*x20*x12 + 4.025729*x20*x13 + 6.697127*x20*x14  - 0.591270*x20*x15  - 3.946759*x20*x16 + 4.847996*x20*x17 + 4.820639*x20*x18 + 3.937541*x20*x19  - 3.335932*x20*x20 + 1.020972*x20*x21 + 5.086577*x20*x22  - 0.044632*x20*x23  - 3.078893*x20*x24  - 2.149694*x20*x25 + 4.508619*x20*x26 + 0.043183*x20*x27 + 0.021259*x20*x28 + 7.481718*x20*x29  - 6.464864*x20*x30  - 0.761117*x21*x1 + 7.691878*x21*x2 + 3.993401*x21*x3 + 1.955463*x21*x4 + 7.940700*x21*x5 + 3.608158*x21*x6  - 3.630200*x21*x7  - 3.819901*x21*x8  - 6.444408*x21*x9 + 4.084004*x21*x10 + 1.724261*x21*x11 + 5.741245*x21*x12  - 3.594982*x21*x13 + 7.687696*x21*x14  - 1.906474*x21*x15 + 6.196902*x21*x16 + 2.413522*x21*x17 + 2.769854*x21*x18 + 5.312692*x21*x19 + 1.020972*x21*x20  - 3.196541*x21*x21 + 0.312142*x21*x22 + 0.656706*x21*x23  - 3.472526*x21*x24  - 0.883750*x21*x25 + 4.585312*x21*x26 + 0.862863*x21*x27 + 0.649393*x21*x28 + 0.200688*x21*x29  - 3.011347*x21*x30 + 6.753448*x22*x1 + 3.540857*x22*x2  - 9.236515*x22*x3 + 3.869560*x22*x4 + 1.821097*x22*x5  - 2.513232*x22*x6 + 0.316934*x22*x7 + 6.848748*x22*x8  - 3.242238*x22*x9 + 0.394506*x22*x10 + 7.299360*x22*x11 + 3.039590*x22*x12  - 0.458187*x22*x13 + 1.012953*x22*x14 + 3.896631*x22*x15 + 2.975150*x22*x16 + 7.328610*x22*x17  - 4.342192*x22*x18 + 1.969762*x22*x19 + 5.086577*x22*x20 + 0.312142*x22*x21  - 2.186103*x22*x22 + 0.546146*x22*x23  - 2.945312*x22*x24 + 7.728730*x22*x25  - 4.594137*x22*x26 + 3.768491*x22*x27  - 1.340438*x22*x28 + 1.775853*x22*x29  - 5.601845*x22*x30  - 6.238095*x23*x1  - 1.302281*x23*x2 + 7.222133*x23*x3  - 7.135235*x23*x4  - 3.419385*x23*x5 + 6.997481*x23*x6  - 7.093445*x23*x7  - 7.520826*x23*x8 + 1.944150*x23*x9 + 7.477932*x23*x10  - 0.690633*x23*x11  - 4.974971*x23*x12  - 5.925604*x23*x13  - 1.240015*x23*x14  - 2.869958*x23*x15  - 8.975074*x23*x16  - 6.488529*x23*x17  - 3.268239*x23*x18  - 7.200991*x23*x19  - 0.044632*x23*x20 + 0.656706*x23*x21 + 0.546146*x23*x22  - 4.142401*x23*x23  - 2.937990*x23*x24 + 1.317301*x23*x25 + 6.061914*x23*x26 + 2.358342*x23*x27 + 1.366037*x23*x28 + 4.228873*x23*x29  - 1.403580*x23*x30 + 5.707438*x24*x1 + 6.227785*x24*x2  - 2.175608*x24*x3 + 1.525179*x24*x4 + 1.890619*x24*x5  - 1.631481*x24*x6  - 2.265671*x24*x7 + 1.559509*x24*x8 + 4.387142*x24*x9  - 0.668711*x24*x10  - 4.214567*x24*x11  - 4.479698*x24*x12 + 9.652139*x24*x13  - 4.161196*x24*x14  - 0.986234*x24*x15 + 3.721649*x24*x16  - 6.774881*x24*x17  - 3.817919*x24*x18  - 5.896759*x24*x19  - 3.078893*x24*x20  - 3.472526*x24*x21  - 2.945312*x24*x22  - 2.937990*x24*x23  - 0.185898*x24*x24  - 7.349631*x24*x25 + 2.776150*x24*x26  - 1.586860*x24*x27  - 4.863716*x24*x28  - 0.312648*x24*x29 + 1.430041*x24*x30  - 3.397672*x25*x1 + 1.543911*x25*x2  - 3.083712*x25*x3 + 6.458331*x25*x4 + 6.630149*x25*x5 + 2.018830*x25*x6  - 4.705309*x25*x7  - 0.655593*x25*x8 + 1.703884*x25*x9  - 4.459914*x25*x10  - 3.798158*x25*x11 + 0.847644*x25*x12 + 3.462816*x25*x13 + 0.792819*x25*x14  - 1.102344*x25*x15  - 3.653650*x25*x16  - 5.370418*x25*x17 + 8.493777*x25*x18 + 0.664788*x25*x19  - 2.149694*x25*x20  - 0.883750*x25*x21 + 7.728730*x25*x22 + 1.317301*x25*x23  - 7.349631*x25*x24  - 0.423327*x25*x25 + 3.780663*x25*x26  - 9.840054*x25*x27  - 2.019038*x25*x28 + 3.968194*x25*x29  - 4.981691*x25*x30 + 1.784435*x26*x1 + 2.008574*x26*x2  - 1.895250*x26*x3 + 8.135055*x26*x4 + 1.888163*x26*x5 + 1.299924*x26*x6 + 4.431065*x26*x7  - 6.345814*x26*x8 + 4.474378*x26*x9  - 1.952863*x26*x10  - 7.475858*x26*x11  - 3.450987*x26*x12  - 3.814263*x26*x13 + 6.366101*x26*x14  - 0.102012*x26*x15  - 5.320074*x26*x16 + 6.695840*x26*x17 + 2.001958*x26*x18 + 2.278490*x26*x19 + 4.508619*x26*x20 + 4.585312*x26*x21  - 4.594137*x26*x22 + 6.061914*x26*x23 + 2.776150*x26*x24 + 3.780663*x26*x25  - 2.609846*x26*x26  - 1.864261*x26*x27  - 7.132431*x26*x28 + 3.040826*x26*x29  - 2.126892*x26*x30 + 2.570203*x27*x1 + 2.339145*x27*x2 + 3.830219*x27*x3  - 5.079988*x27*x4 + 3.719612*x27*x5 + 2.429635*x27*x6  - 2.394147*x27*x7 + 4.305276*x27*x8 + 3.850969*x27*x9  - 6.218006*x27*x10 + 0.308923*x27*x11 + 8.345421*x27*x12 + 5.850571*x27*x13  - 2.623991*x27*x14  - 0.375363*x27*x15 + 2.152381*x27*x16 + 9.037018*x27*x17 + 1.595659*x27*x18  - 1.453012*x27*x19 + 0.043183*x27*x20 + 0.862863*x27*x21 + 3.768491*x27*x22 + 2.358342*x27*x23  - 1.586860*x27*x24  - 9.840054*x27*x25  - 1.864261*x27*x26  - 0.153112*x27*x27  - 5.675585*x27*x28  - 0.167791*x27*x29  - 1.912329*x27*x30 + 2.978967*x28*x1 + 2.518569*x28*x2 + 8.815131*x28*x3  - 1.686102*x28*x4 + 6.017435*x28*x5  - 1.280170*x28*x6 + 2.034732*x28*x7 + 7.224489*x28*x8 + 0.182930*x28*x9 + 4.174598*x28*x10  - 6.044908*x28*x11  - 1.308266*x28*x12 + 0.800357*x28*x13  - 4.996893*x28*x14 + 6.067008*x28*x15 + 5.544131*x28*x16 + 4.780245*x28*x17  - 5.884661*x28*x18 + 6.027599*x28*x19 + 0.021259*x28*x20 + 0.649393*x28*x21  - 1.340438*x28*x22 + 1.366037*x28*x23  - 4.863716*x28*x24  - 2.019038*x28*x25  - 7.132431*x28*x26  - 5.675585*x28*x27  - 2.924125*x28*x28 + 3.983050*x28*x29  - 4.496919*x28*x30  - 2.206590*x29*x1  - 3.012692*x29*x2  - 0.922832*x29*x3  - 2.159644*x29*x4  - 3.235022*x29*x5 + 4.691625*x29*x6  - 4.291875*x29*x7  - 6.368416*x29*x8 + 4.078030*x29*x9 + 1.563997*x29*x10 + 1.188161*x29*x11 + 1.081323*x29*x12  - 3.651601*x29*x13 + 3.318222*x29*x14  - 6.043448*x29*x15  - 4.589507*x29*x16 + 0.764244*x29*x17 + 1.551161*x29*x18 + 5.521853*x29*x19 + 7.481718*x29*x20 + 0.200688*x29*x21 + 1.775853*x29*x22 + 4.228873*x29*x23  - 0.312648*x29*x24 + 3.968194*x29*x25 + 3.040826*x29*x26  - 0.167791*x29*x27 + 3.983050*x29*x28  - 1.826202*x29*x29 + 1.442986*x29*x30  - 5.920610*x30*x1 + 4.806575*x30*x2  - 1.975857*x30*x3 + 0.851800*x30*x4 + 2.030187*x30*x5  - 0.768757*x30*x6 + 8.936670*x30*x7  - 6.738087*x30*x8  - 0.284885*x30*x9  - 2.838184*x30*x10  - 8.244667*x30*x11 + 8.489207*x30*x12  - 7.442787*x30*x13  - 5.790944*x30*x14  - 5.778735*x30*x15  - 3.289494*x30*x16  - 4.019049*x30*x17 + 2.680904*x30*x18  - 4.097773*x30*x19  - 6.464864*x30*x20  - 3.011347*x30*x21  - 5.601845*x30*x22  - 1.403580*x30*x23 + 1.430041*x30*x24  - 4.981691*x30*x25  - 2.126892*x30*x26  - 1.912329*x30*x27  - 4.496919*x30*x28 + 1.442986*x30*x29  - 3.181226*x30*x30 ;
