OPTIONS {
 MaxTime: 10000;
 EpsR: 0.000001;
 }
 
VARIABLES	x1,x2,x3,x4,x5,x6,x7,x8,x9,x10,x11,x12,x13,x14,x15,x16,x17,x18,x19,x20,x21,x22,x23,x24,x25,x26,x27,x28,x29,x30;
LOWER_BOUNDS {
x1: 0.000000;
x2: 0.000000;
x3: 0.000000;
x4: 0.000000;
x5: 0.000000;
x6: 0.000000;
x7: 0.000000;
x8: 0.000000;
x9: 0.000000;
x10: 0.000000;
x11: 0.000000;
x12: 0.000000;
x13: 0.000000;
x14: 0.000000;
x15: 0.000000;
x16: 0.000000;
x17: 0.000000;
x18: 0.000000;
x19: 0.000000;
x20: 0.000000;
x21: 0.000000;
x22: 0.000000;
x23: 0.000000;
x24: 0.000000;
x25: 0.000000;
x26: 0.000000;
x27: 0.000000;
x28: 0.000000;
x29: 0.000000;
x30: 0.000000;
}

UPPER_BOUNDS {
x1: 1.000000;
x2: 1.000000;
x3: 1.000000;
x4: 1.000000;
x5: 1.000000;
x6: 1.000000;
x7: 1.000000;
x8: 1.000000;
x9: 1.000000;
x10: 1.000000;
x11: 1.000000;
x12: 1.000000;
x13: 1.000000;
x14: 1.000000;
x15: 1.000000;
x16: 1.000000;
x17: 1.000000;
x18: 1.000000;
x19: 1.000000;
x20: 1.000000;
x21: 1.000000;
x22: 1.000000;
x23: 1.000000;
x24: 1.000000;
x25: 1.000000;
x26: 1.000000;
x27: 1.000000;
x28: 1.000000;
x29: 1.000000;
x30: 1.000000;
}

EQUATIONS e1;

e1:  1.000000*x1  + 1.000000*x2  + 1.000000*x3  + 1.000000*x4  + 1.000000*x5  + 1.000000*x6  + 1.000000*x7  + 1.000000*x8  + 1.000000*x9  + 1.000000*x10  + 1.000000*x11  + 1.000000*x12  + 1.000000*x13  + 1.000000*x14  + 1.000000*x15  + 1.000000*x16  + 1.000000*x17  + 1.000000*x18  + 1.000000*x19  + 1.000000*x20  + 1.000000*x21  + 1.000000*x22  + 1.000000*x23  + 1.000000*x24  + 1.000000*x25  + 1.000000*x26  + 1.000000*x27  + 1.000000*x28  + 1.000000*x29  + 1.000000*x30  == 1.000000;

OBJ: minimize	 - 1.269476*x1*x1  - 3.716387*x1*x2  - 4.969487*x1*x3  - 9.276208*x1*x4  - 5.334527*x1*x5  - 3.717961*x1*x6  - 5.650860*x1*x7  - 2.744248*x1*x8  - 3.166050*x1*x9  - 5.615059*x1*x10  - 4.571027*x1*x11  - 1.479303*x1*x12  - 3.325856*x1*x13  - 4.353305*x1*x14  - 6.948639*x1*x15  - 6.621075*x1*x16  - 3.337197*x1*x17  - 6.260438*x1*x18  - 4.512307*x1*x19  - 9.652217*x1*x20  - 2.400839*x1*x21  - 4.834746*x1*x22  - 4.446916*x1*x23  - 5.942930*x1*x24  - 5.947407*x1*x25  - 4.881530*x1*x26  - 5.280114*x1*x27  - 8.871438*x1*x28  - 2.818843*x1*x29  - 0.675445*x1*x30  - 3.716387*x2*x1  - 1.835314*x2*x2  - 2.233850*x2*x3  - 8.330369*x2*x4  - 5.327877*x2*x5  - 7.066868*x2*x6  - 7.986302*x2*x7  - 4.210930*x2*x8  - 2.069596*x2*x9  - 7.925433*x2*x10  - 5.157583*x2*x11  - 3.461136*x2*x12  - 1.210750*x2*x13  - 3.467181*x2*x14  - 6.939722*x2*x15  - 9.133204*x2*x16  - 6.076469*x2*x17  - 1.878569*x2*x18  - 3.257812*x2*x19  - 3.062488*x2*x20  - 7.724236*x2*x21  - 2.438768*x2*x22  - 4.623931*x2*x23  - 3.735562*x2*x24  - 5.337010*x2*x25  - 4.401917*x2*x26  - 1.273104*x2*x27  - 3.122969*x2*x28  - 8.582480*x2*x29  - 6.390351*x2*x30  - 4.969487*x3*x1  - 2.233850*x3*x2  - 2.369635*x3*x3  - 4.898330*x3*x4  - 0.584910*x3*x5  - 3.510491*x3*x6  - 6.157389*x3*x7  - 3.081992*x3*x8  - 1.706281*x3*x9  - 4.836957*x3*x10  - 4.053824*x3*x11  - 3.328018*x3*x12  - 7.725877*x3*x13  - 1.854240*x3*x14  - 1.646760*x3*x15  - 7.768097*x3*x16  - 2.769508*x3*x17  - 6.007476*x3*x18  - 2.224977*x3*x19  - 8.258987*x3*x20  - 3.658030*x3*x21  - 6.323507*x3*x22  - 6.251044*x3*x23  - 3.647412*x3*x24  - 3.141417*x3*x25  - 3.948571*x3*x26  - 3.476904*x3*x27  - 2.634751*x3*x28  - 3.641910*x3*x29  - 3.552610*x3*x30  - 9.276208*x4*x1  - 8.330369*x4*x2  - 4.898330*x4*x3  - 2.913997*x4*x4  - 4.334043*x4*x5  - 7.070570*x4*x6  - 1.790440*x4*x7  - 1.388803*x4*x8  - 2.638387*x4*x9  - 5.238760*x4*x10  - 4.582233*x4*x11  - 1.538739*x4*x12  - 1.049552*x4*x13  - 4.502356*x4*x14  - 4.037438*x4*x15  - 3.856313*x4*x16  - 5.597586*x4*x17  - 3.453641*x4*x18  - 4.873678*x4*x19  - 1.021075*x4*x20  - 7.768119*x4*x21  - 9.077500*x4*x22  - 3.100843*x4*x23  - 5.508381*x4*x24  - 6.577958*x4*x25  - 5.218668*x4*x26  - 3.413321*x4*x27  - 4.374997*x4*x28  - 5.731213*x4*x29  - 7.176914*x4*x30  - 5.334527*x5*x1  - 5.327877*x5*x2  - 0.584910*x5*x3  - 4.334043*x5*x4  - 0.532700*x5*x5  - 2.101609*x5*x6  - 2.398476*x5*x7  - 5.680047*x5*x8  - 6.260863*x5*x9  - 6.855891*x5*x10  - 8.351165*x5*x11  - 8.487360*x5*x12  - 7.407207*x5*x13  - 2.499270*x5*x14  - 2.856759*x5*x15  - 4.944257*x5*x16  - 5.247617*x5*x17  - 4.539337*x5*x18  - 8.504693*x5*x19  - 5.980878*x5*x20  - 5.083335*x5*x21  - 7.157744*x5*x22  - 4.935058*x5*x23  - 3.786860*x5*x24  - 5.269295*x5*x25  - 4.252227*x5*x26  - 4.965113*x5*x27  - 3.614077*x5*x28  - 6.189723*x5*x29  - 5.195299*x5*x30  - 3.717961*x6*x1  - 7.066868*x6*x2  - 3.510491*x6*x3  - 7.070570*x6*x4  - 2.101609*x6*x5  - 1.595418*x6*x6  - 1.957763*x6*x7  - 6.841830*x6*x8  - 4.936904*x6*x9  - 7.915829*x6*x10  - 7.161297*x6*x11  - 2.673213*x6*x12  - 5.922835*x6*x13  - 6.827733*x6*x14  - 7.836378*x6*x15  - 4.301849*x6*x16  - 6.049604*x6*x17  - 4.590301*x6*x18  - 4.817905*x6*x19  - 6.865383*x6*x20  - 4.500524*x6*x21  - 1.512008*x6*x22  - 3.141731*x6*x23  - 7.952491*x6*x24  - 5.651256*x6*x25  - 7.691301*x6*x26  - 4.173036*x6*x27  - 3.720874*x6*x28  - 6.169185*x6*x29  - 5.979713*x6*x30  - 5.650860*x7*x1  - 7.986302*x7*x2  - 6.157389*x7*x3  - 1.790440*x7*x4  - 2.398476*x7*x5  - 1.957763*x7*x6  - 2.050821*x7*x7  - 7.115947*x7*x8  - 2.774221*x7*x9  - 8.644206*x7*x10  - 3.634084*x7*x11  - 4.061729*x7*x12  - 5.835887*x7*x13  - 4.786801*x7*x14  - 6.721226*x7*x15  - 4.019942*x7*x16  - 7.708498*x7*x17  - 6.838714*x7*x18  - 2.348278*x7*x19  - 5.130255*x7*x20  - 2.948597*x7*x21  - 6.346375*x7*x22  - 6.076912*x7*x23  - 5.327493*x7*x24  - 4.163642*x7*x25  - 5.241891*x7*x26  - 6.634294*x7*x27  - 3.490148*x7*x28  - 3.779402*x7*x29  - 5.432606*x7*x30  - 2.744248*x8*x1  - 4.210930*x8*x2  - 3.081992*x8*x3  - 1.388803*x8*x4  - 5.680047*x8*x5  - 6.841830*x8*x6  - 7.115947*x8*x7  - 3.660723*x8*x8  - 1.441537*x8*x9  - 6.016205*x8*x10  - 1.757424*x8*x11  - 0.708709*x8*x12  - 7.519644*x8*x13  - 6.815927*x8*x14  - 9.430843*x8*x15  - 5.087176*x8*x16  - 4.996162*x8*x17  - 3.020502*x8*x18  - 5.168129*x8*x19  - 2.302745*x8*x20  - 3.837428*x8*x21  - 2.261032*x8*x22  - 8.748900*x8*x23  - 5.089562*x8*x24  - 6.881929*x8*x25  - 3.795530*x8*x26  - 7.898425*x8*x27  - 4.821123*x8*x28  - 6.231840*x8*x29  - 4.401031*x8*x30  - 3.166050*x9*x1  - 2.069596*x9*x2  - 1.706281*x9*x3  - 2.638387*x9*x4  - 6.260863*x9*x5  - 4.936904*x9*x6  - 2.774221*x9*x7  - 1.441537*x9*x8  - 3.105693*x9*x9  - 2.933687*x9*x10  - 4.637104*x9*x11  - 5.265135*x9*x12  - 6.686603*x9*x13  - 3.423372*x9*x14  - 1.881144*x9*x15  - 3.748837*x9*x16  - 7.952935*x9*x17  - 5.308316*x9*x18  - 8.994347*x9*x19  - 4.117548*x9*x20  - 6.951394*x9*x21  - 6.689202*x9*x22  - 5.945765*x9*x23  - 4.736437*x9*x24  - 1.752406*x9*x25  - 6.384024*x9*x26  - 5.157029*x9*x27  - 5.803392*x9*x28  - 3.967264*x9*x29  - 6.813441*x9*x30  - 5.615059*x10*x1  - 7.925433*x10*x2  - 4.836957*x10*x3  - 5.238760*x10*x4  - 6.855891*x10*x5  - 7.915829*x10*x6  - 8.644206*x10*x7  - 6.016205*x10*x8  - 2.933687*x10*x9  - 1.462962*x10*x10  - 3.161823*x10*x11  - 2.933435*x10*x12  - 4.055810*x10*x13  - 6.587027*x10*x14  - 3.834125*x10*x15  - 6.488062*x10*x16  - 4.594050*x10*x17  - 1.244877*x10*x18  - 6.085101*x10*x19  - 4.626277*x10*x20  - 1.864586*x10*x21  - 9.903588*x10*x22  - 2.602079*x10*x23  - 8.247055*x10*x24  - 7.175477*x10*x25  - 4.819046*x10*x26  - 3.408056*x10*x27  - 8.053793*x10*x28  - 1.967620*x10*x29  - 4.670963*x10*x30  - 4.571027*x11*x1  - 5.157583*x11*x2  - 4.053824*x11*x3  - 4.582233*x11*x4  - 8.351165*x11*x5  - 7.161297*x11*x6  - 3.634084*x11*x7  - 1.757424*x11*x8  - 4.637104*x11*x9  - 3.161823*x11*x10  - 2.685727*x11*x11  - 6.595200*x11*x12  - 4.792976*x11*x13  - 6.737645*x11*x14  - 7.466642*x11*x15  - 6.517215*x11*x16  - 2.249109*x11*x17  - 2.416737*x11*x18  - 8.771659*x11*x19  - 7.339285*x11*x20  - 3.093155*x11*x21  - 4.709290*x11*x22  - 6.930974*x11*x23  - 6.125303*x11*x24  - 5.661466*x11*x25  - 5.266937*x11*x26  - 4.722495*x11*x27  - 2.941123*x11*x28  - 3.601858*x11*x29  - 4.652880*x11*x30  - 1.479303*x12*x1  - 3.461136*x12*x2  - 3.328018*x12*x3  - 1.538739*x12*x4  - 8.487360*x12*x5  - 2.673213*x12*x6  - 4.061729*x12*x7  - 0.708709*x12*x8  - 5.265135*x12*x9  - 2.933435*x12*x10  - 6.595200*x12*x11  - 3.473162*x12*x12  - 7.719159*x12*x13  - 5.821766*x12*x14  - 9.295308*x12*x15  - 7.646180*x12*x16  - 2.417240*x12*x17  - 2.852308*x12*x18  - 5.706641*x12*x19  - 7.602785*x12*x20  - 3.295035*x12*x21  - 4.962455*x12*x22  - 9.004888*x12*x23  - 5.382141*x12*x24  - 7.915109*x12*x25  - 5.331976*x12*x26  - 3.264774*x12*x27  - 7.390913*x12*x28  - 2.525275*x12*x29  - 5.859550*x12*x30  - 3.325856*x13*x1  - 1.210750*x13*x2  - 7.725877*x13*x3  - 1.049552*x13*x4  - 7.407207*x13*x5  - 5.922835*x13*x6  - 5.835887*x13*x7  - 7.519644*x13*x8  - 6.686603*x13*x9  - 4.055810*x13*x10  - 4.792976*x13*x11  - 7.719159*x13*x12  - 2.872238*x13*x13  - 4.579054*x13*x14  - 3.986997*x13*x15  - 3.292667*x13*x16  - 5.736122*x13*x17  - 6.788786*x13*x18  - 4.479005*x13*x19  - 5.366713*x13*x20  - 3.359059*x13*x21  - 6.453612*x13*x22  - 7.894120*x13*x23  - 7.806398*x13*x24  - 4.771753*x13*x25  - 5.228577*x13*x26  - 3.559478*x13*x27  - 6.299598*x13*x28  - 7.910838*x13*x29  - 7.883329*x13*x30  - 4.353305*x14*x1  - 3.467181*x14*x2  - 1.854240*x14*x3  - 4.502356*x14*x4  - 2.499270*x14*x5  - 6.827733*x14*x6  - 4.786801*x14*x7  - 6.815927*x14*x8  - 3.423372*x14*x9  - 6.587027*x14*x10  - 6.737645*x14*x11  - 5.821766*x14*x12  - 4.579054*x14*x13  - 2.213925*x14*x14  - 7.098113*x14*x15  - 5.121350*x14*x16  - 3.558569*x14*x17  - 7.964785*x14*x18  - 5.969591*x14*x19  - 5.657030*x14*x20  - 4.623152*x14*x21  - 1.433269*x14*x22  - 5.726235*x14*x23  - 8.738751*x14*x24  - 6.634345*x14*x25  - 3.787446*x14*x26  - 4.123645*x14*x27  - 3.538347*x14*x28  - 8.231395*x14*x29  - 5.276878*x14*x30  - 6.948639*x15*x1  - 6.939722*x15*x2  - 1.646760*x15*x3  - 4.037438*x15*x4  - 2.856759*x15*x5  - 7.836378*x15*x6  - 6.721226*x15*x7  - 9.430843*x15*x8  - 1.881144*x15*x9  - 3.834125*x15*x10  - 7.466642*x15*x11  - 9.295308*x15*x12  - 3.986997*x15*x13  - 7.098113*x15*x14  - 1.439830*x15*x15  - 2.838928*x15*x16  - 3.804546*x15*x17  - 5.246975*x15*x18  - 8.740305*x15*x19  - 4.904400*x15*x20  - 7.164297*x15*x21  - 6.764704*x15*x22  - 9.369270*x15*x23  - 4.232495*x15*x24  - 6.741951*x15*x25  - 7.260073*x15*x26  - 4.030394*x15*x27  - 5.553271*x15*x28  - 4.902063*x15*x29  - 5.532746*x15*x30  - 6.621075*x16*x1  - 9.133204*x16*x2  - 7.768097*x16*x3  - 3.856313*x16*x4  - 4.944257*x16*x5  - 4.301849*x16*x6  - 4.019942*x16*x7  - 5.087176*x16*x8  - 3.748837*x16*x9  - 6.488062*x16*x10  - 6.517215*x16*x11  - 7.646180*x16*x12  - 3.292667*x16*x13  - 5.121350*x16*x14  - 2.838928*x16*x15  - 1.939549*x16*x16  - 8.158157*x16*x17  - 9.273567*x16*x18  - 3.139021*x16*x19  - 8.029357*x16*x20  - 8.833611*x16*x21  - 1.932042*x16*x22  - 6.892453*x16*x23  - 3.368212*x16*x24  - 5.554234*x16*x25  - 5.152734*x16*x26  - 2.090944*x16*x27  - 6.183103*x16*x28  - 2.875052*x16*x29  - 4.198591*x16*x30  - 3.337197*x17*x1  - 6.076469*x17*x2  - 2.769508*x17*x3  - 5.597586*x17*x4  - 5.247617*x17*x5  - 6.049604*x17*x6  - 7.708498*x17*x7  - 4.996162*x17*x8  - 7.952935*x17*x9  - 4.594050*x17*x10  - 2.249109*x17*x11  - 2.417240*x17*x12  - 5.736122*x17*x13  - 3.558569*x17*x14  - 3.804546*x17*x15  - 8.158157*x17*x16  - 1.257605*x17*x17  - 6.166862*x17*x18  - 2.943468*x17*x19  - 3.774576*x17*x20  - 9.571275*x17*x21  - 4.664814*x17*x22  - 4.584837*x17*x23  - 6.798555*x17*x24  - 5.231586*x17*x25  - 3.065054*x17*x26  - 7.204207*x17*x27  - 6.010506*x17*x28  - 5.121191*x17*x29  - 7.063830*x17*x30  - 6.260438*x18*x1  - 1.878569*x18*x2  - 6.007476*x18*x3  - 3.453641*x18*x4  - 4.539337*x18*x5  - 4.590301*x18*x6  - 6.838714*x18*x7  - 3.020502*x18*x8  - 5.308316*x18*x9  - 1.244877*x18*x10  - 2.416737*x18*x11  - 2.852308*x18*x12  - 6.788786*x18*x13  - 7.964785*x18*x14  - 5.246975*x18*x15  - 9.273567*x18*x16  - 6.166862*x18*x17  - 3.268935*x18*x18  - 5.012779*x18*x19  - 7.795437*x18*x20  - 5.733435*x18*x21  - 4.249119*x18*x22  - 2.865010*x18*x23  - 6.493525*x18*x24  - 2.785670*x18*x25  - 2.214643*x18*x26  - 4.818044*x18*x27  - 3.902133*x18*x28  - 5.242099*x18*x29  - 6.415964*x18*x30  - 4.512307*x19*x1  - 3.257812*x19*x2  - 2.224977*x19*x3  - 4.873678*x19*x4  - 8.504693*x19*x5  - 4.817905*x19*x6  - 2.348278*x19*x7  - 5.168129*x19*x8  - 8.994347*x19*x9  - 6.085101*x19*x10  - 8.771659*x19*x11  - 5.706641*x19*x12  - 4.479005*x19*x13  - 5.969591*x19*x14  - 8.740305*x19*x15  - 3.139021*x19*x16  - 2.943468*x19*x17  - 5.012779*x19*x18  - 0.856354*x19*x19  - 6.997636*x19*x20  - 6.152291*x19*x21  - 2.661486*x19*x22  - 3.325656*x19*x23  - 2.775564*x19*x24  - 0.809341*x19*x25  - 8.835275*x19*x26  - 2.615491*x19*x27  - 2.950696*x19*x28  - 6.576487*x19*x29  - 7.080385*x19*x30  - 9.652217*x20*x1  - 3.062488*x20*x2  - 8.258987*x20*x3  - 1.021075*x20*x4  - 5.980878*x20*x5  - 6.865383*x20*x6  - 5.130255*x20*x7  - 2.302745*x20*x8  - 4.117548*x20*x9  - 4.626277*x20*x10  - 7.339285*x20*x11  - 7.602785*x20*x12  - 5.366713*x20*x13  - 5.657030*x20*x14  - 4.904400*x20*x15  - 8.029357*x20*x16  - 3.774576*x20*x17  - 7.795437*x20*x18  - 6.997636*x20*x19  - 3.885340*x20*x20  - 3.886998*x20*x21  - 1.308219*x20*x22  - 3.247667*x20*x23  - 7.836070*x20*x24  - 8.955917*x20*x25  - 2.940553*x20*x26  - 4.205773*x20*x27  - 5.022821*x20*x28  - 5.508692*x20*x29  - 6.343476*x20*x30  - 2.400839*x21*x1  - 7.724236*x21*x2  - 3.658030*x21*x3  - 7.768119*x21*x4  - 5.083335*x21*x5  - 4.500524*x21*x6  - 2.948597*x21*x7  - 3.837428*x21*x8  - 6.951394*x21*x9  - 1.864586*x21*x10  - 3.093155*x21*x11  - 3.295035*x21*x12  - 3.359059*x21*x13  - 4.623152*x21*x14  - 7.164297*x21*x15  - 8.833611*x21*x16  - 9.571275*x21*x17  - 5.733435*x21*x18  - 6.152291*x21*x19  - 3.886998*x21*x20  - 3.861077*x21*x21  - 5.392820*x21*x22  - 3.577583*x21*x23  - 7.214454*x21*x24  - 2.869018*x21*x25  - 5.208300*x21*x26  - 3.949503*x21*x27  - 4.053999*x21*x28  - 4.595836*x21*x29  - 3.604471*x21*x30  - 4.834746*x22*x1  - 2.438768*x22*x2  - 6.323507*x22*x3  - 9.077500*x22*x4  - 7.157744*x22*x5  - 1.512008*x22*x6  - 6.346375*x22*x7  - 2.261032*x22*x8  - 6.689202*x22*x9  - 9.903588*x22*x10  - 4.709290*x22*x11  - 4.962455*x22*x12  - 6.453612*x22*x13  - 1.433269*x22*x14  - 6.764704*x22*x15  - 1.932042*x22*x16  - 4.664814*x22*x17  - 4.249119*x22*x18  - 2.661486*x22*x19  - 1.308219*x22*x20  - 5.392820*x22*x21  - 2.403915*x22*x22  - 2.215579*x22*x23  - 9.490197*x22*x24  - 6.527247*x22*x25  - 3.342040*x22*x26  - 6.100506*x22*x27  - 3.076362*x22*x28  - 2.160707*x22*x29  - 7.373024*x22*x30  - 4.446916*x23*x1  - 4.623931*x23*x2  - 6.251044*x23*x3  - 3.100843*x23*x4  - 4.935058*x23*x5  - 3.141731*x23*x6  - 6.076912*x23*x7  - 8.748900*x23*x8  - 5.945765*x23*x9  - 2.602079*x23*x10  - 6.930974*x23*x11  - 9.004888*x23*x12  - 7.894120*x23*x13  - 5.726235*x23*x14  - 9.369270*x23*x15  - 6.892453*x23*x16  - 4.584837*x23*x17  - 2.865010*x23*x18  - 3.325656*x23*x19  - 3.247667*x23*x20  - 3.577583*x23*x21  - 2.215579*x23*x22  - 3.367347*x23*x23  - 4.774487*x23*x24  - 3.532324*x23*x25  - 0.803256*x23*x26  - 1.823130*x23*x27  - 5.331676*x23*x28  - 3.001098*x23*x29  - 2.580568*x23*x30  - 5.942930*x24*x1  - 3.735562*x24*x2  - 3.647412*x24*x3  - 5.508381*x24*x4  - 3.786860*x24*x5  - 7.952491*x24*x6  - 5.327493*x24*x7  - 5.089562*x24*x8  - 4.736437*x24*x9  - 8.247055*x24*x10  - 6.125303*x24*x11  - 5.382141*x24*x12  - 7.806398*x24*x13  - 8.738751*x24*x14  - 4.232495*x24*x15  - 3.368212*x24*x16  - 6.798555*x24*x17  - 6.493525*x24*x18  - 2.775564*x24*x19  - 7.836070*x24*x20  - 7.214454*x24*x21  - 9.490197*x24*x22  - 4.774487*x24*x23  - 2.027265*x24*x24  - 4.583083*x24*x25  - 4.565959*x24*x26  - 6.146364*x24*x27  - 8.737430*x24*x28  - 4.934921*x24*x29  - 1.925271*x24*x30  - 5.947407*x25*x1  - 5.337010*x25*x2  - 3.141417*x25*x3  - 6.577958*x25*x4  - 5.269295*x25*x5  - 5.651256*x25*x6  - 4.163642*x25*x7  - 6.881929*x25*x8  - 1.752406*x25*x9  - 7.175477*x25*x10  - 5.661466*x25*x11  - 7.915109*x25*x12  - 4.771753*x25*x13  - 6.634345*x25*x14  - 6.741951*x25*x15  - 5.554234*x25*x16  - 5.231586*x25*x17  - 2.785670*x25*x18  - 0.809341*x25*x19  - 8.955917*x25*x20  - 2.869018*x25*x21  - 6.527247*x25*x22  - 3.532324*x25*x23  - 4.583083*x25*x24  - 0.309103*x25*x25  - 6.971016*x25*x26  - 3.994302*x25*x27  - 7.206402*x25*x28  - 7.710585*x25*x29  - 6.061548*x25*x30  - 4.881530*x26*x1  - 4.401917*x26*x2  - 3.948571*x26*x3  - 5.218668*x26*x4  - 4.252227*x26*x5  - 7.691301*x26*x6  - 5.241891*x26*x7  - 3.795530*x26*x8  - 6.384024*x26*x9  - 4.819046*x26*x10  - 5.266937*x26*x11  - 5.331976*x26*x12  - 5.228577*x26*x13  - 3.787446*x26*x14  - 7.260073*x26*x15  - 5.152734*x26*x16  - 3.065054*x26*x17  - 2.214643*x26*x18  - 8.835275*x26*x19  - 2.940553*x26*x20  - 5.208300*x26*x21  - 3.342040*x26*x22  - 0.803256*x26*x23  - 4.565959*x26*x24  - 6.971016*x26*x25  - 2.819639*x26*x26  - 3.248371*x26*x27  - 2.436273*x26*x28  - 6.419890*x26*x29  - 4.464247*x26*x30  - 5.280114*x27*x1  - 1.273104*x27*x2  - 3.476904*x27*x3  - 3.413321*x27*x4  - 4.965113*x27*x5  - 4.173036*x27*x6  - 6.634294*x27*x7  - 7.898425*x27*x8  - 5.157029*x27*x9  - 3.408056*x27*x10  - 4.722495*x27*x11  - 3.264774*x27*x12  - 3.559478*x27*x13  - 4.123645*x27*x14  - 4.030394*x27*x15  - 2.090944*x27*x16  - 7.204207*x27*x17  - 4.818044*x27*x18  - 2.615491*x27*x19  - 4.205773*x27*x20  - 3.949503*x27*x21  - 6.100506*x27*x22  - 1.823130*x27*x23  - 6.146364*x27*x24  - 3.994302*x27*x25  - 3.248371*x27*x26  - 2.209938*x27*x27  - 5.016504*x27*x28  - 5.465135*x27*x29  - 5.517319*x27*x30  - 8.871438*x28*x1  - 3.122969*x28*x2  - 2.634751*x28*x3  - 4.374997*x28*x4  - 3.614077*x28*x5  - 3.720874*x28*x6  - 3.490148*x28*x7  - 4.821123*x28*x8  - 5.803392*x28*x9  - 8.053793*x28*x10  - 2.941123*x28*x11  - 7.390913*x28*x12  - 6.299598*x28*x13  - 3.538347*x28*x14  - 5.553271*x28*x15  - 6.183103*x28*x16  - 6.010506*x28*x17  - 3.902133*x28*x18  - 2.950696*x28*x19  - 5.022821*x28*x20  - 4.053999*x28*x21  - 3.076362*x28*x22  - 5.331676*x28*x23  - 8.737430*x28*x24  - 7.206402*x28*x25  - 2.436273*x28*x26  - 5.016504*x28*x27  - 1.888637*x28*x28  - 6.420341*x28*x29  - 4.928743*x28*x30  - 2.818843*x29*x1  - 8.582480*x29*x2  - 3.641910*x29*x3  - 5.731213*x29*x4  - 6.189723*x29*x5  - 6.169185*x29*x6  - 3.779402*x29*x7  - 6.231840*x29*x8  - 3.967264*x29*x9  - 1.967620*x29*x10  - 3.601858*x29*x11  - 2.525275*x29*x12  - 7.910838*x29*x13  - 8.231395*x29*x14  - 4.902063*x29*x15  - 2.875052*x29*x16  - 5.121191*x29*x17  - 5.242099*x29*x18  - 6.576487*x29*x19  - 5.508692*x29*x20  - 4.595836*x29*x21  - 2.160707*x29*x22  - 3.001098*x29*x23  - 4.934921*x29*x24  - 7.710585*x29*x25  - 6.419890*x29*x26  - 5.465135*x29*x27  - 6.420341*x29*x28  - 4.872940*x29*x29  - 5.923779*x29*x30  - 0.675445*x30*x1  - 6.390351*x30*x2  - 3.552610*x30*x3  - 7.176914*x30*x4  - 5.195299*x30*x5  - 5.979713*x30*x6  - 5.432606*x30*x7  - 4.401031*x30*x8  - 6.813441*x30*x9  - 4.670963*x30*x10  - 4.652880*x30*x11  - 5.859550*x30*x12  - 7.883329*x30*x13  - 5.276878*x30*x14  - 5.532746*x30*x15  - 4.198591*x30*x16  - 7.063830*x30*x17  - 6.415964*x30*x18  - 7.080385*x30*x19  - 6.343476*x30*x20  - 3.604471*x30*x21  - 7.373024*x30*x22  - 2.580568*x30*x23  - 1.925271*x30*x24  - 6.061548*x30*x25  - 4.464247*x30*x26  - 5.517319*x30*x27  - 4.928743*x30*x28  - 5.923779*x30*x29  - 2.686150*x30*x30 ;
