OPTIONS {
 MaxTime: 10000;
 EpsR: 0.000001;
 }
 
VARIABLES	x1,x2,x3,x4,x5,x6,x7,x8,x9,x10,x11,x12,x13,x14,x15,x16,x17,x18,x19,x20,x21,x22,x23,x24,x25,x26,x27,x28,x29,x30;
LOWER_BOUNDS {
x1: 0.000000;
x2: 0.000000;
x3: 0.000000;
x4: 0.000000;
x5: 0.000000;
x6: 0.000000;
x7: 0.000000;
x8: 0.000000;
x9: 0.000000;
x10: 0.000000;
x11: 0.000000;
x12: 0.000000;
x13: 0.000000;
x14: 0.000000;
x15: 0.000000;
x16: 0.000000;
x17: 0.000000;
x18: 0.000000;
x19: 0.000000;
x20: 0.000000;
x21: 0.000000;
x22: 0.000000;
x23: 0.000000;
x24: 0.000000;
x25: 0.000000;
x26: 0.000000;
x27: 0.000000;
x28: 0.000000;
x29: 0.000000;
x30: 0.000000;
}

UPPER_BOUNDS {
x1: 1.000000;
x2: 1.000000;
x3: 1.000000;
x4: 1.000000;
x5: 1.000000;
x6: 1.000000;
x7: 1.000000;
x8: 1.000000;
x9: 1.000000;
x10: 1.000000;
x11: 1.000000;
x12: 1.000000;
x13: 1.000000;
x14: 1.000000;
x15: 1.000000;
x16: 1.000000;
x17: 1.000000;
x18: 1.000000;
x19: 1.000000;
x20: 1.000000;
x21: 1.000000;
x22: 1.000000;
x23: 1.000000;
x24: 1.000000;
x25: 1.000000;
x26: 1.000000;
x27: 1.000000;
x28: 1.000000;
x29: 1.000000;
x30: 1.000000;
}

EQUATIONS e1;

e1:  1.000000*x1  + 1.000000*x2  + 1.000000*x3  + 1.000000*x4  + 1.000000*x5  + 1.000000*x6  + 1.000000*x7  + 1.000000*x8  + 1.000000*x9  + 1.000000*x10  + 1.000000*x11  + 1.000000*x12  + 1.000000*x13  + 1.000000*x14  + 1.000000*x15  + 1.000000*x16  + 1.000000*x17  + 1.000000*x18  + 1.000000*x19  + 1.000000*x20  + 1.000000*x21  + 1.000000*x22  + 1.000000*x23  + 1.000000*x24  + 1.000000*x25  + 1.000000*x26  + 1.000000*x27  + 1.000000*x28  + 1.000000*x29  + 1.000000*x30  == 1.000000;

OBJ: minimize	 0.639094*x1*x1 + 4.957135*x1*x2 + 1.128326*x1*x3  - 9.123013*x1*x4 + 1.165795*x1*x5 + 5.726003*x1*x6 + 7.771249*x1*x7 + 1.007120*x1*x8  - 0.163308*x1*x9  - 0.144679*x1*x10 + 1.609624*x1*x11 + 2.353421*x1*x12 + 5.358964*x1*x13  - 3.422167*x1*x14 + 3.450723*x1*x15 + 1.743791*x1*x16  - 6.744463*x1*x17  - 5.136126*x1*x18 + 0.827850*x1*x19 + 3.571321*x1*x20  - 4.900701*x1*x21  - 0.841824*x1*x22 + 2.651056*x1*x23 + 5.187279*x1*x24  - 1.039732*x1*x25 + 3.118866*x1*x26 + 1.760067*x1*x27  - 2.515389*x1*x28 + 8.355858*x1*x29 + 2.345711*x1*x30 + 4.957135*x2*x1 + 3.780686*x2*x2  - 2.652745*x2*x3 + 1.779303*x2*x4 + 8.053154*x2*x5 + 2.020944*x2*x6 + 4.197645*x2*x7 + 1.572335*x2*x8 + 5.509218*x2*x9 + 0.230818*x2*x10 + 1.010839*x2*x11 + 2.640364*x2*x12 + 3.942954*x2*x13  - 3.265539*x2*x14  - 9.479479*x2*x15 + 4.258817*x2*x16  - 7.405454*x2*x17 + 2.686832*x2*x18  - 3.736950*x2*x19 + 0.557745*x2*x20 + 0.514206*x2*x21 + 2.569470*x2*x22 + 9.064375*x2*x23 + 4.955567*x2*x24 + 6.589918*x2*x25  - 5.802841*x2*x26 + 5.428993*x2*x27  - 5.487535*x2*x28  - 4.287355*x2*x29  - 0.123696*x2*x30 + 1.128326*x3*x1  - 2.652745*x3*x2 + 2.742111*x3*x3 + 0.940207*x3*x4 + 4.179131*x3*x5  - 7.789795*x3*x6 + 1.686345*x3*x7 + 4.599289*x3*x8 + 1.400199*x3*x9 + 8.015860*x3*x10  - 6.833588*x3*x11  - 3.690934*x3*x12 + 2.312347*x3*x13 + 9.017394*x3*x14 + 3.942274*x3*x15  - 6.933964*x3*x16 + 1.803497*x3*x17 + 3.065367*x3*x18 + 1.995392*x3*x19  - 2.384881*x3*x20  - 8.349930*x3*x21 + 4.520154*x3*x22 + 0.971903*x3*x23 + 2.584789*x3*x24  - 0.459194*x3*x25  - 0.848477*x3*x26 + 6.018086*x3*x27 + 6.223509*x3*x28 + 0.498901*x3*x29 + 6.028896*x3*x30  - 9.123013*x4*x1 + 1.779303*x4*x2 + 0.940207*x4*x3 + 2.292237*x4*x4 + 3.386224*x4*x5 + 5.870697*x4*x6 + 2.769626*x4*x7  - 1.898145*x4*x8  - 2.026662*x4*x9  - 2.561851*x4*x10  - 2.069290*x4*x11  - 4.226969*x4*x12  - 0.420438*x4*x13 + 1.171107*x4*x14 + 3.801043*x4*x15  - 0.219141*x4*x16 + 6.549452*x4*x17 + 3.601065*x4*x18 + 0.687579*x4*x19  - 1.645988*x4*x20 + 3.270449*x4*x21 + 3.612942*x4*x22 + 0.597252*x4*x23  - 3.417337*x4*x24  - 2.367105*x4*x25 + 2.959182*x4*x26  - 1.740772*x4*x27 + 2.517663*x4*x28 + 6.613413*x4*x29  - 4.355972*x4*x30 + 1.165795*x5*x1 + 8.053154*x5*x2 + 4.179131*x5*x3 + 3.386224*x5*x4 + 1.038423*x5*x5 + 1.941295*x5*x6 + 1.403580*x5*x7  - 3.026567*x5*x8 + 2.479307*x5*x9 + 4.848852*x5*x10 + 4.817446*x5*x11  - 5.281232*x5*x12  - 3.313435*x5*x13  - 0.414763*x5*x14  - 2.640601*x5*x15 + 4.118593*x5*x16 + 0.980310*x5*x17 + 3.579901*x5*x18  - 8.575753*x5*x19 + 1.781401*x5*x20 + 4.604809*x5*x21 + 3.889094*x5*x22 + 8.603622*x5*x23  - 2.521607*x5*x24  - 6.889038*x5*x25  - 0.809565*x5*x26 + 6.266615*x5*x27 + 5.973709*x5*x28 + 2.835364*x5*x29 + 3.289430*x5*x30 + 5.726003*x6*x1 + 2.020944*x6*x2  - 7.789795*x6*x3 + 5.870697*x6*x4 + 1.941295*x6*x5 + 1.622246*x6*x6  - 2.378666*x6*x7  - 5.661957*x6*x8 + 5.242416*x6*x9  - 6.445152*x6*x10 + 4.772920*x6*x11  - 3.038979*x6*x12 + 1.170592*x6*x13 + 0.914117*x6*x14 + 0.611957*x6*x15  - 1.684765*x6*x16  - 7.503531*x6*x17 + 0.100648*x6*x18 + 3.781628*x6*x19  - 1.455179*x6*x20 + 0.649307*x6*x21  - 7.466746*x6*x22 + 2.169853*x6*x23 + 3.543579*x6*x24  - 0.784950*x6*x25  - 2.031262*x6*x26 + 0.493803*x6*x27 + 6.501799*x6*x28 + 4.464364*x6*x29 + 1.889883*x6*x30 + 7.771249*x7*x1 + 4.197645*x7*x2 + 1.686345*x7*x3 + 2.769626*x7*x4 + 1.403580*x7*x5  - 2.378666*x7*x6 + 0.405156*x7*x7 + 7.199267*x7*x8 + 1.171904*x7*x9  - 0.589028*x7*x10 + 4.320960*x7*x11 + 1.910477*x7*x12 + 4.606748*x7*x13 + 8.939956*x7*x14  - 7.865395*x7*x15 + 5.059766*x7*x16 + 0.642172*x7*x17 + 2.888980*x7*x18 + 2.501338*x7*x19 + 8.629665*x7*x20  - 6.713715*x7*x21  - 4.614987*x7*x22  - 7.306852*x7*x23  - 7.853026*x7*x24  - 0.829800*x7*x25 + 3.914621*x7*x26 + 1.544397*x7*x27 + 1.240178*x7*x28 + 1.289082*x7*x29  - 6.162849*x7*x30 + 1.007120*x8*x1 + 1.572335*x8*x2 + 4.599289*x8*x3  - 1.898145*x8*x4  - 3.026567*x8*x5  - 5.661957*x8*x6 + 7.199267*x8*x7 + 1.678453*x8*x8 + 2.504481*x8*x9 + 2.980739*x8*x10  - 2.061027*x8*x11 + 6.427408*x8*x12 + 3.849773*x8*x13  - 0.658520*x8*x14 + 3.769739*x8*x15 + 7.288909*x8*x16 + 5.303680*x8*x17 + 2.698089*x8*x18 + 7.351647*x8*x19  - 0.182633*x8*x20  - 1.307017*x8*x21 + 3.625975*x8*x22 + 0.030731*x8*x23 + 0.877581*x8*x24 + 6.085043*x8*x25 + 5.197779*x8*x26 + 4.872695*x8*x27 + 5.488881*x8*x28 + 1.420129*x8*x29 + 5.969639*x8*x30  - 0.163308*x9*x1 + 5.509218*x9*x2 + 1.400199*x9*x3  - 2.026662*x9*x4 + 2.479307*x9*x5 + 5.242416*x9*x6 + 1.171904*x9*x7 + 2.504481*x9*x8 + 0.981619*x9*x9 + 7.472544*x9*x10  - 1.359305*x9*x11 + 0.191355*x9*x12 + 3.201021*x9*x13  - 3.872209*x9*x14  - 7.092781*x9*x15  - 1.334173*x9*x16 + 0.135199*x9*x17  - 7.504860*x9*x18  - 0.575477*x9*x19  - 1.336818*x9*x20  - 6.624714*x9*x21  - 0.245297*x9*x22 + 0.325755*x9*x23  - 0.681262*x9*x24  - 3.883653*x9*x25 + 7.752485*x9*x26 + 3.383494*x9*x27  - 4.948943*x9*x28  - 3.690356*x9*x29  - 3.786993*x9*x30  - 0.144679*x10*x1 + 0.230818*x10*x2 + 8.015860*x10*x3  - 2.561851*x10*x4 + 4.848852*x10*x5  - 6.445152*x10*x6  - 0.589028*x10*x7 + 2.980739*x10*x8 + 7.472544*x10*x9 + 0.600177*x10*x10  - 5.442140*x10*x11 + 4.951486*x10*x12  - 0.878829*x10*x13  - 5.452633*x10*x14  - 2.027778*x10*x15  - 1.029828*x10*x16 + 2.455623*x10*x17  - 1.285355*x10*x18 + 6.163825*x10*x19 + 0.538482*x10*x20 + 6.037016*x10*x21  - 4.224291*x10*x22 + 5.640341*x10*x23  - 2.394290*x10*x24 + 5.069834*x10*x25  - 1.273792*x10*x26  - 2.913107*x10*x27 + 6.480435*x10*x28 + 5.810861*x10*x29 + 3.920183*x10*x30 + 1.609624*x11*x1 + 1.010839*x11*x2  - 6.833588*x11*x3  - 2.069290*x11*x4 + 4.817446*x11*x5 + 4.772920*x11*x6 + 4.320960*x11*x7  - 2.061027*x11*x8  - 1.359305*x11*x9  - 5.442140*x11*x10 + 2.783921*x11*x11 + 0.296493*x11*x12  - 5.337012*x11*x13  - 3.934705*x11*x14 + 3.185556*x11*x15 + 2.136510*x11*x16 + 4.650463*x11*x17 + 5.239054*x11*x18 + 0.482773*x11*x19 + 4.221403*x11*x20 + 1.162674*x11*x21  - 6.130736*x11*x22 + 0.847226*x11*x23  - 1.218114*x11*x24 + 3.755777*x11*x25  - 1.737477*x11*x26  - 6.300489*x11*x27  - 3.742296*x11*x28  - 2.828752*x11*x29 + 3.304758*x11*x30 + 2.353421*x12*x1 + 2.640364*x12*x2  - 3.690934*x12*x3  - 4.226969*x12*x4  - 5.281232*x12*x5  - 3.038979*x12*x6 + 1.910477*x12*x7 + 6.427408*x12*x8 + 0.191355*x12*x9 + 4.951486*x12*x10 + 0.296493*x12*x11 + 0.977555*x12*x12  - 4.215279*x12*x13  - 1.132820*x12*x14 + 2.150933*x12*x15 + 4.351835*x12*x16  - 2.422080*x12*x17 + 4.294414*x12*x18 + 3.298959*x12*x19 + 4.098704*x12*x20 + 2.010228*x12*x21  - 1.651531*x12*x22  - 0.792827*x12*x23 + 7.564242*x12*x24 + 1.960246*x12*x25  - 0.565664*x12*x26  - 6.945702*x12*x27  - 7.448339*x12*x28 + 1.054167*x12*x29 + 1.151100*x12*x30 + 5.358964*x13*x1 + 3.942954*x13*x2 + 2.312347*x13*x3  - 0.420438*x13*x4  - 3.313435*x13*x5 + 1.170592*x13*x6 + 4.606748*x13*x7 + 3.849773*x13*x8 + 3.201021*x13*x9  - 0.878829*x13*x10  - 5.337012*x13*x11  - 4.215279*x13*x12 + 2.114672*x13*x13 + 3.311109*x13*x14  - 1.666044*x13*x15 + 6.149159*x13*x16 + 5.085190*x13*x17 + 8.336834*x13*x18  - 2.799043*x13*x19 + 1.119321*x13*x20 + 3.689449*x13*x21 + 2.560423*x13*x22 + 0.584237*x13*x23 + 3.076704*x13*x24  - 2.340005*x13*x25 + 2.339919*x13*x26 + 3.085406*x13*x27 + 1.168298*x13*x28 + 5.570487*x13*x29 + 1.087926*x13*x30  - 3.422167*x14*x1  - 3.265539*x14*x2 + 9.017394*x14*x3 + 1.171107*x14*x4  - 0.414763*x14*x5 + 0.914117*x14*x6 + 8.939956*x14*x7  - 0.658520*x14*x8  - 3.872209*x14*x9  - 5.452633*x14*x10  - 3.934705*x14*x11  - 1.132820*x14*x12 + 3.311109*x14*x13 + 0.870676*x14*x14 + 6.936594*x14*x15 + 4.538526*x14*x16  - 0.850393*x14*x17  - 1.375968*x14*x18 + 3.965170*x14*x19 + 6.943521*x14*x20 + 3.523964*x14*x21 + 3.950245*x14*x22  - 1.660135*x14*x23 + 0.571083*x14*x24 + 6.866573*x14*x25 + 4.960730*x14*x26 + 8.078943*x14*x27 + 7.918487*x14*x28  - 1.766738*x14*x29 + 4.750132*x14*x30 + 3.450723*x15*x1  - 9.479479*x15*x2 + 3.942274*x15*x3 + 3.801043*x15*x4  - 2.640601*x15*x5 + 0.611957*x15*x6  - 7.865395*x15*x7 + 3.769739*x15*x8  - 7.092781*x15*x9  - 2.027778*x15*x10 + 3.185556*x15*x11 + 2.150933*x15*x12  - 1.666044*x15*x13 + 6.936594*x15*x14 + 0.776133*x15*x15  - 4.136958*x15*x16 + 4.013279*x15*x17 + 6.154870*x15*x18 + 8.338305*x15*x19  - 4.411797*x15*x20 + 4.197648*x15*x21  - 1.824852*x15*x22 + 6.001462*x15*x23 + 6.554919*x15*x24  - 2.099179*x15*x25 + 0.900155*x15*x26  - 3.149548*x15*x27  - 1.536483*x15*x28  - 6.568273*x15*x29  - 0.840618*x15*x30 + 1.743791*x16*x1 + 4.258817*x16*x2  - 6.933964*x16*x3  - 0.219141*x16*x4 + 4.118593*x16*x5  - 1.684765*x16*x6 + 5.059766*x16*x7 + 7.288909*x16*x8  - 1.334173*x16*x9  - 1.029828*x16*x10 + 2.136510*x16*x11 + 4.351835*x16*x12 + 6.149159*x16*x13 + 4.538526*x16*x14  - 4.136958*x16*x15 + 1.053476*x16*x16  - 1.803946*x16*x17 + 1.041660*x16*x18  - 3.200272*x16*x19  - 1.284618*x16*x20 + 4.122151*x16*x21  - 1.221666*x16*x22  - 3.930295*x16*x23  - 3.735365*x16*x24 + 0.870032*x16*x25  - 2.221789*x16*x26  - 4.014266*x16*x27 + 8.203825*x16*x28 + 5.137068*x16*x29 + 3.373099*x16*x30  - 6.744463*x17*x1  - 7.405454*x17*x2 + 1.803497*x17*x3 + 6.549452*x17*x4 + 0.980310*x17*x5  - 7.503531*x17*x6 + 0.642172*x17*x7 + 5.303680*x17*x8 + 0.135199*x17*x9 + 2.455623*x17*x10 + 4.650463*x17*x11  - 2.422080*x17*x12 + 5.085190*x17*x13  - 0.850393*x17*x14 + 4.013279*x17*x15  - 1.803946*x17*x16 + 2.805053*x17*x17 + 5.628277*x17*x18 + 4.453129*x17*x19 + 3.670491*x17*x20 + 5.880369*x17*x21 + 2.638376*x17*x22  - 0.811321*x17*x23 + 0.629374*x17*x24 + 3.020116*x17*x25 + 4.338659*x17*x26 + 1.869186*x17*x27 + 1.357806*x17*x28 + 3.074488*x17*x29 + 9.259068*x17*x30  - 5.136126*x18*x1 + 2.686832*x18*x2 + 3.065367*x18*x3 + 3.601065*x18*x4 + 3.579901*x18*x5 + 0.100648*x18*x6 + 2.888980*x18*x7 + 2.698089*x18*x8  - 7.504860*x18*x9  - 1.285355*x18*x10 + 5.239054*x18*x11 + 4.294414*x18*x12 + 8.336834*x18*x13  - 1.375968*x18*x14 + 6.154870*x18*x15 + 1.041660*x18*x16 + 5.628277*x18*x17 + 2.188945*x18*x18  - 2.801929*x18*x19 + 3.183483*x18*x20 + 1.831517*x18*x21 + 7.295800*x18*x22 + 7.515071*x18*x23 + 1.284208*x18*x24 + 5.792849*x18*x25 + 2.235414*x18*x26  - 1.727681*x18*x27  - 0.153951*x18*x28 + 4.961340*x18*x29 + 3.815460*x18*x30 + 0.827850*x19*x1  - 3.736950*x19*x2 + 1.995392*x19*x3 + 0.687579*x19*x4  - 8.575753*x19*x5 + 3.781628*x19*x6 + 2.501338*x19*x7 + 7.351647*x19*x8  - 0.575477*x19*x9 + 6.163825*x19*x10 + 0.482773*x19*x11 + 3.298959*x19*x12  - 2.799043*x19*x13 + 3.965170*x19*x14 + 8.338305*x19*x15  - 3.200272*x19*x16 + 4.453129*x19*x17  - 2.801929*x19*x18 + 1.739386*x19*x19 + 6.164351*x19*x20 + 4.565967*x19*x21 + 5.255723*x19*x22 + 4.133687*x19*x23  - 0.493719*x19*x24  - 4.252712*x19*x25  - 7.049393*x19*x26 + 6.189214*x19*x27 + 3.844213*x19*x28  - 2.600814*x19*x29 + 6.384607*x19*x30 + 3.571321*x20*x1 + 0.557745*x20*x2  - 2.384881*x20*x3  - 1.645988*x20*x4 + 1.781401*x20*x5  - 1.455179*x20*x6 + 8.629665*x20*x7  - 0.182633*x20*x8  - 1.336818*x20*x9 + 0.538482*x20*x10 + 4.221403*x20*x11 + 4.098704*x20*x12 + 1.119321*x20*x13 + 6.943521*x20*x14  - 4.411797*x20*x15  - 1.284618*x20*x16 + 3.670491*x20*x17 + 3.183483*x20*x18 + 6.164351*x20*x19 + 1.857949*x20*x20 + 0.815266*x20*x21 + 3.677597*x20*x22 + 0.236309*x20*x23 + 1.453724*x20*x24  - 6.869597*x20*x25 + 2.275886*x20*x26 + 1.706675*x20*x27 + 4.515916*x20*x28 + 0.605232*x20*x29  - 7.985043*x20*x30  - 4.900701*x21*x1 + 0.514206*x21*x2  - 8.349930*x21*x3 + 3.270449*x21*x4 + 4.604809*x21*x5 + 0.649307*x21*x6  - 6.713715*x21*x7  - 1.307017*x21*x8  - 6.624714*x21*x9 + 6.037016*x21*x10 + 1.162674*x21*x11 + 2.010228*x21*x12 + 3.689449*x21*x13 + 3.523964*x21*x14 + 4.197648*x21*x15 + 4.122151*x21*x16 + 5.880369*x21*x17 + 1.831517*x21*x18 + 4.565967*x21*x19 + 0.815266*x21*x20 + 1.203475*x21*x21  - 1.368245*x21*x22 + 4.099345*x21*x23 + 4.927168*x21*x24 + 3.494463*x21*x25 + 5.429585*x21*x26 + 5.412518*x21*x27 + 3.205012*x21*x28 + 0.303379*x21*x29 + 2.173082*x21*x30  - 0.841824*x22*x1 + 2.569470*x22*x2 + 4.520154*x22*x3 + 3.612942*x22*x4 + 3.889094*x22*x5  - 7.466746*x22*x6  - 4.614987*x22*x7 + 3.625975*x22*x8  - 0.245297*x22*x9  - 4.224291*x22*x10  - 6.130736*x22*x11  - 1.651531*x22*x12 + 2.560423*x22*x13 + 3.950245*x22*x14  - 1.824852*x22*x15  - 1.221666*x22*x16 + 2.638376*x22*x17 + 7.295800*x22*x18 + 5.255723*x22*x19 + 3.677597*x22*x20  - 1.368245*x22*x21 + 3.416032*x22*x22  - 2.346511*x22*x23 + 2.265246*x22*x24 + 5.063091*x22*x25 + 1.330787*x22*x26  - 0.762332*x22*x27 + 3.176751*x22*x28 + 8.756424*x22*x29 + 7.885121*x22*x30 + 2.651056*x23*x1 + 9.064375*x23*x2 + 0.971903*x23*x3 + 0.597252*x23*x4 + 8.603622*x23*x5 + 2.169853*x23*x6  - 7.306852*x23*x7 + 0.030731*x23*x8 + 0.325755*x23*x9 + 5.640341*x23*x10 + 0.847226*x23*x11  - 0.792827*x23*x12 + 0.584237*x23*x13  - 1.660135*x23*x14 + 6.001462*x23*x15  - 3.930295*x23*x16  - 0.811321*x23*x17 + 7.515071*x23*x18 + 4.133687*x23*x19 + 0.236309*x23*x20 + 4.099345*x23*x21  - 2.346511*x23*x22 + 1.642371*x23*x23 + 0.102281*x23*x24  - 0.542963*x23*x25  - 4.257931*x23*x26 + 2.841182*x23*x27 + 1.998760*x23*x28 + 0.525352*x23*x29 + 9.329899*x23*x30 + 5.187279*x24*x1 + 4.955567*x24*x2 + 2.584789*x24*x3  - 3.417337*x24*x4  - 2.521607*x24*x5 + 3.543579*x24*x6  - 7.853026*x24*x7 + 0.877581*x24*x8  - 0.681262*x24*x9  - 2.394290*x24*x10  - 1.218114*x24*x11 + 7.564242*x24*x12 + 3.076704*x24*x13 + 0.571083*x24*x14 + 6.554919*x24*x15  - 3.735365*x24*x16 + 0.629374*x24*x17 + 1.284208*x24*x18  - 0.493719*x24*x19 + 1.453724*x24*x20 + 4.927168*x24*x21 + 2.265246*x24*x22 + 0.102281*x24*x23 + 1.986864*x24*x24 + 6.118903*x24*x25 + 5.470499*x24*x26 + 3.842008*x24*x27  - 5.570844*x24*x28 + 3.262228*x24*x29  - 5.360658*x24*x30  - 1.039732*x25*x1 + 6.589918*x25*x2  - 0.459194*x25*x3  - 2.367105*x25*x4  - 6.889038*x25*x5  - 0.784950*x25*x6  - 0.829800*x25*x7 + 6.085043*x25*x8  - 3.883653*x25*x9 + 5.069834*x25*x10 + 3.755777*x25*x11 + 1.960246*x25*x12  - 2.340005*x25*x13 + 6.866573*x25*x14  - 2.099179*x25*x15 + 0.870032*x25*x16 + 3.020116*x25*x17 + 5.792849*x25*x18  - 4.252712*x25*x19  - 6.869597*x25*x20 + 3.494463*x25*x21 + 5.063091*x25*x22  - 0.542963*x25*x23 + 6.118903*x25*x24 + 2.216473*x25*x25 + 1.038571*x25*x26  - 0.093474*x25*x27 + 0.625043*x25*x28 + 4.158394*x25*x29 + 5.178829*x25*x30 + 3.118866*x26*x1  - 5.802841*x26*x2  - 0.848477*x26*x3 + 2.959182*x26*x4  - 0.809565*x26*x5  - 2.031262*x26*x6 + 3.914621*x26*x7 + 5.197779*x26*x8 + 7.752485*x26*x9  - 1.273792*x26*x10  - 1.737477*x26*x11  - 0.565664*x26*x12 + 2.339919*x26*x13 + 4.960730*x26*x14 + 0.900155*x26*x15  - 2.221789*x26*x16 + 4.338659*x26*x17 + 2.235414*x26*x18  - 7.049393*x26*x19 + 2.275886*x26*x20 + 5.429585*x26*x21 + 1.330787*x26*x22  - 4.257931*x26*x23 + 5.470499*x26*x24 + 1.038571*x26*x25 + 1.621618*x26*x26 + 0.875964*x26*x27  - 4.011791*x26*x28 + 4.604177*x26*x29  - 1.116171*x26*x30 + 1.760067*x27*x1 + 5.428993*x27*x2 + 6.018086*x27*x3  - 1.740772*x27*x4 + 6.266615*x27*x5 + 0.493803*x27*x6 + 1.544397*x27*x7 + 4.872695*x27*x8 + 3.383494*x27*x9  - 2.913107*x27*x10  - 6.300489*x27*x11  - 6.945702*x27*x12 + 3.085406*x27*x13 + 8.078943*x27*x14  - 3.149548*x27*x15  - 4.014266*x27*x16 + 1.869186*x27*x17  - 1.727681*x27*x18 + 6.189214*x27*x19 + 1.706675*x27*x20 + 5.412518*x27*x21  - 0.762332*x27*x22 + 2.841182*x27*x23 + 3.842008*x27*x24  - 0.093474*x27*x25 + 0.875964*x27*x26 + 1.040958*x27*x27  - 1.126766*x27*x28  - 3.304876*x27*x29 + 1.688916*x27*x30  - 2.515389*x28*x1  - 5.487535*x28*x2 + 6.223509*x28*x3 + 2.517663*x28*x4 + 5.973709*x28*x5 + 6.501799*x28*x6 + 1.240178*x28*x7 + 5.488881*x28*x8  - 4.948943*x28*x9 + 6.480435*x28*x10  - 3.742296*x28*x11  - 7.448339*x28*x12 + 1.168298*x28*x13 + 7.918487*x28*x14  - 1.536483*x28*x15 + 8.203825*x28*x16 + 1.357806*x28*x17  - 0.153951*x28*x18 + 3.844213*x28*x19 + 4.515916*x28*x20 + 3.205012*x28*x21 + 3.176751*x28*x22 + 1.998760*x28*x23  - 5.570844*x28*x24 + 0.625043*x28*x25  - 4.011791*x28*x26  - 1.126766*x28*x27 + 1.322549*x28*x28  - 6.091234*x28*x29 + 3.615263*x28*x30 + 8.355858*x29*x1  - 4.287355*x29*x2 + 0.498901*x29*x3 + 6.613413*x29*x4 + 2.835364*x29*x5 + 4.464364*x29*x6 + 1.289082*x29*x7 + 1.420129*x29*x8  - 3.690356*x29*x9 + 5.810861*x29*x10  - 2.828752*x29*x11 + 1.054167*x29*x12 + 5.570487*x29*x13  - 1.766738*x29*x14  - 6.568273*x29*x15 + 5.137068*x29*x16 + 3.074488*x29*x17 + 4.961340*x29*x18  - 2.600814*x29*x19 + 0.605232*x29*x20 + 0.303379*x29*x21 + 8.756424*x29*x22 + 0.525352*x29*x23 + 3.262228*x29*x24 + 4.158394*x29*x25 + 4.604177*x29*x26  - 3.304876*x29*x27  - 6.091234*x29*x28 + 2.369859*x29*x29  - 0.796278*x29*x30 + 2.345711*x30*x1  - 0.123696*x30*x2 + 6.028896*x30*x3  - 4.355972*x30*x4 + 3.289430*x30*x5 + 1.889883*x30*x6  - 6.162849*x30*x7 + 5.969639*x30*x8  - 3.786993*x30*x9 + 3.920183*x30*x10 + 3.304758*x30*x11 + 1.151100*x30*x12 + 1.087926*x30*x13 + 4.750132*x30*x14  - 0.840618*x30*x15 + 3.373099*x30*x16 + 9.259068*x30*x17 + 3.815460*x30*x18 + 6.384607*x30*x19  - 7.985043*x30*x20 + 2.173082*x30*x21 + 7.885121*x30*x22 + 9.329899*x30*x23  - 5.360658*x30*x24 + 5.178829*x30*x25  - 1.116171*x30*x26 + 1.688916*x30*x27 + 3.615263*x30*x28  - 0.796278*x30*x29 + 2.905887*x30*x30 ;
