OPTIONS {
 MaxTime: 10000;
 EpsR: 0.000001;
 }
 
VARIABLES	x1,x2,x3,x4,x5,x6,x7,x8,x9,x10,x11,x12,x13,x14,x15,x16,x17,x18,x19,x20,x21,x22,x23,x24,x25,x26,x27,x28,x29,x30;
LOWER_BOUNDS {
x1: 0.000000;
x2: 0.000000;
x3: 0.000000;
x4: 0.000000;
x5: 0.000000;
x6: 0.000000;
x7: 0.000000;
x8: 0.000000;
x9: 0.000000;
x10: 0.000000;
x11: 0.000000;
x12: 0.000000;
x13: 0.000000;
x14: 0.000000;
x15: 0.000000;
x16: 0.000000;
x17: 0.000000;
x18: 0.000000;
x19: 0.000000;
x20: 0.000000;
x21: 0.000000;
x22: 0.000000;
x23: 0.000000;
x24: 0.000000;
x25: 0.000000;
x26: 0.000000;
x27: 0.000000;
x28: 0.000000;
x29: 0.000000;
x30: 0.000000;
}

UPPER_BOUNDS {
x1: 1.000000;
x2: 1.000000;
x3: 1.000000;
x4: 1.000000;
x5: 1.000000;
x6: 1.000000;
x7: 1.000000;
x8: 1.000000;
x9: 1.000000;
x10: 1.000000;
x11: 1.000000;
x12: 1.000000;
x13: 1.000000;
x14: 1.000000;
x15: 1.000000;
x16: 1.000000;
x17: 1.000000;
x18: 1.000000;
x19: 1.000000;
x20: 1.000000;
x21: 1.000000;
x22: 1.000000;
x23: 1.000000;
x24: 1.000000;
x25: 1.000000;
x26: 1.000000;
x27: 1.000000;
x28: 1.000000;
x29: 1.000000;
x30: 1.000000;
}

EQUATIONS e1;

e1:  1.000000*x1  + 1.000000*x2  + 1.000000*x3  + 1.000000*x4  + 1.000000*x5  + 1.000000*x6  + 1.000000*x7  + 1.000000*x8  + 1.000000*x9  + 1.000000*x10  + 1.000000*x11  + 1.000000*x12  + 1.000000*x13  + 1.000000*x14  + 1.000000*x15  + 1.000000*x16  + 1.000000*x17  + 1.000000*x18  + 1.000000*x19  + 1.000000*x20  + 1.000000*x21  + 1.000000*x22  + 1.000000*x23  + 1.000000*x24  + 1.000000*x25  + 1.000000*x26  + 1.000000*x27  + 1.000000*x28  + 1.000000*x29  + 1.000000*x30  == 1.000000;

OBJ: minimize	 - 3.140592*x1*x1 + 1.905605*x1*x2  - 2.334283*x1*x3 + 2.770471*x1*x4 + 3.374673*x1*x5 + 5.433890*x1*x6 + 2.313925*x1*x7  - 4.948521*x1*x8 + 0.268820*x1*x9 + 2.732960*x1*x10  - 6.982279*x1*x11 + 0.340671*x1*x12  - 1.835751*x1*x13 + 1.803433*x1*x14  - 3.676160*x1*x15 + 2.524654*x1*x16 + 4.235976*x1*x17  - 0.602800*x1*x18  - 0.095811*x1*x19  - 1.055544*x1*x20  - 3.699397*x1*x21 + 4.485024*x1*x22 + 0.141473*x1*x23 + 8.572365*x1*x24 + 5.213584*x1*x25 + 4.115801*x1*x26 + 7.826025*x1*x27  - 0.970737*x1*x28 + 7.078436*x1*x29  - 1.023232*x1*x30 + 1.905605*x2*x1 + 2.022455*x2*x2  - 6.038337*x2*x3  - 0.449213*x2*x4 + 2.168076*x2*x5  - 0.779051*x2*x6 + 2.594235*x2*x7 + 0.716618*x2*x8 + 3.187807*x2*x9 + 3.384167*x2*x10  - 0.646154*x2*x11 + 0.779676*x2*x12 + 3.509424*x2*x13  - 1.389313*x2*x14 + 7.747668*x2*x15  - 5.850788*x2*x16 + 6.217866*x2*x17  - 5.092794*x2*x18  - 2.568494*x2*x19  - 0.727761*x2*x20  - 5.965528*x2*x21 + 3.703155*x2*x22  - 4.433305*x2*x23 + 1.512893*x2*x24  - 1.298956*x2*x25  - 4.373786*x2*x26 + 1.444063*x2*x27 + 4.770614*x2*x28 + 3.827635*x2*x29 + 5.398275*x2*x30  - 2.334283*x3*x1  - 6.038337*x3*x2 + 1.338448*x3*x3  - 1.588381*x3*x4  - 5.285440*x3*x5  - 4.156463*x3*x6 + 2.207981*x3*x7 + 1.898498*x3*x8 + 3.638620*x3*x9  - 4.786053*x3*x10  - 1.280666*x3*x11 + 6.814390*x3*x12  - 3.507804*x3*x13 + 0.890368*x3*x14  - 0.929545*x3*x15  - 0.798077*x3*x16  - 3.820615*x3*x17  - 5.522011*x3*x18 + 0.941438*x3*x19 + 0.306814*x3*x20 + 9.450301*x3*x21 + 3.695995*x3*x22 + 7.513475*x3*x23 + 4.131667*x3*x24 + 6.144339*x3*x25  - 3.002314*x3*x26 + 2.839159*x3*x27 + 2.220043*x3*x28 + 0.609370*x3*x29  - 0.387893*x3*x30 + 2.770471*x4*x1  - 0.449213*x4*x2  - 1.588381*x4*x3  - 2.278375*x4*x4 + 0.145093*x4*x5  - 8.686834*x4*x6 + 1.635338*x4*x7  - 0.467031*x4*x8 + 0.168702*x4*x9 + 8.128388*x4*x10  - 7.015936*x4*x11 + 0.072190*x4*x12  - 0.166143*x4*x13 + 2.201499*x4*x14  - 4.662639*x4*x15  - 3.819404*x4*x16  - 0.206490*x4*x17 + 4.299076*x4*x18 + 4.882279*x4*x19 + 0.542112*x4*x20 + 0.401856*x4*x21  - 0.997236*x4*x22 + 9.090439*x4*x23 + 4.434868*x4*x24 + 5.188577*x4*x25 + 1.353481*x4*x26 + 0.560119*x4*x27  - 1.127667*x4*x28  - 1.037700*x4*x29  - 1.669228*x4*x30 + 3.374673*x5*x1 + 2.168076*x5*x2  - 5.285440*x5*x3 + 0.145093*x5*x4  - 1.576752*x5*x5 + 2.366574*x5*x6  - 4.327970*x5*x7  - 4.339609*x5*x8 + 1.954846*x5*x9  - 2.271754*x5*x10 + 5.195313*x5*x11  - 7.148375*x5*x12 + 4.807953*x5*x13 + 0.813398*x5*x14  - 4.182482*x5*x15 + 5.074809*x5*x16  - 6.685254*x5*x17  - 5.484026*x5*x18  - 2.185288*x5*x19  - 2.169944*x5*x20 + 1.162372*x5*x21  - 6.865656*x5*x22 + 6.508202*x5*x23 + 2.348491*x5*x24  - 5.661800*x5*x25  - 9.124232*x5*x26  - 3.791214*x5*x27 + 5.252418*x5*x28 + 0.297687*x5*x29 + 5.804402*x5*x30 + 5.433890*x6*x1  - 0.779051*x6*x2  - 4.156463*x6*x3  - 8.686834*x6*x4 + 2.366574*x6*x5 + 0.651634*x6*x6 + 3.860118*x6*x7  - 3.726494*x6*x8 + 1.636141*x6*x9  - 4.370111*x6*x10  - 1.497996*x6*x11 + 7.069991*x6*x12  - 3.024306*x6*x13 + 1.421657*x6*x14 + 6.741270*x6*x15 + 5.142744*x6*x16 + 3.325420*x6*x17  - 2.024052*x6*x18 + 4.138363*x6*x19  - 0.689342*x6*x20  - 4.629767*x6*x21 + 0.652035*x6*x22  - 7.176825*x6*x23 + 5.886646*x6*x24  - 9.278365*x6*x25  - 5.624040*x6*x26  - 6.720524*x6*x27 + 2.096393*x6*x28  - 3.798742*x6*x29  - 3.359299*x6*x30 + 2.313925*x7*x1 + 2.594235*x7*x2 + 2.207981*x7*x3 + 1.635338*x7*x4  - 4.327970*x7*x5 + 3.860118*x7*x6 + 1.310450*x7*x7  - 6.381675*x7*x8 + 5.219183*x7*x9  - 4.952011*x7*x10 + 2.057573*x7*x11 + 6.381956*x7*x12 + 1.974920*x7*x13  - 3.341850*x7*x14  - 6.845324*x7*x15  - 1.950392*x7*x16  - 0.825717*x7*x17 + 3.934014*x7*x18  - 4.501653*x7*x19  - 2.703351*x7*x20 + 0.627919*x7*x21  - 7.755890*x7*x22 + 0.292411*x7*x23  - 2.482553*x7*x24 + 3.776072*x7*x25  - 0.228958*x7*x26  - 2.861404*x7*x27  - 3.704726*x7*x28 + 1.750407*x7*x29  - 4.373114*x7*x30  - 4.948521*x8*x1 + 0.716618*x8*x2 + 1.898498*x8*x3  - 0.467031*x8*x4  - 4.339609*x8*x5  - 3.726494*x8*x6  - 6.381675*x8*x7  - 3.093137*x8*x8  - 8.096580*x8*x9  - 0.097984*x8*x10 + 4.734533*x8*x11  - 0.832887*x8*x12 + 1.017467*x8*x13 + 3.957338*x8*x14  - 3.407107*x8*x15  - 6.492491*x8*x16 + 7.066842*x8*x17  - 1.181144*x8*x18  - 3.166174*x8*x19  - 0.250231*x8*x20  - 2.827869*x8*x21  - 0.314072*x8*x22 + 7.712049*x8*x23 + 1.785858*x8*x24 + 5.177800*x8*x25  - 5.648341*x8*x26 + 0.491694*x8*x27 + 5.617978*x8*x28 + 5.760016*x8*x29  - 3.042620*x8*x30 + 0.268820*x9*x1 + 3.187807*x9*x2 + 3.638620*x9*x3 + 0.168702*x9*x4 + 1.954846*x9*x5 + 1.636141*x9*x6 + 5.219183*x9*x7  - 8.096580*x9*x8 + 0.737519*x9*x9 + 7.519599*x9*x10  - 6.132922*x9*x11 + 1.615419*x9*x12 + 3.815906*x9*x13  - 1.601905*x9*x14 + 6.097869*x9*x15 + 2.101171*x9*x16 + 9.183009*x9*x17  - 8.815895*x9*x18 + 1.838447*x9*x19 + 5.278604*x9*x20 + 8.030182*x9*x21  - 0.858580*x9*x22  - 1.304829*x9*x23  - 6.310455*x9*x24  - 4.923257*x9*x25  - 4.107873*x9*x26 + 0.876043*x9*x27  - 1.608449*x9*x28  - 2.236127*x9*x29 + 0.404682*x9*x30 + 2.732960*x10*x1 + 3.384167*x10*x2  - 4.786053*x10*x3 + 8.128388*x10*x4  - 2.271754*x10*x5  - 4.370111*x10*x6  - 4.952011*x10*x7  - 0.097984*x10*x8 + 7.519599*x10*x9 + 0.066684*x10*x10  - 5.446594*x10*x11 + 0.950251*x10*x12 + 1.325727*x10*x13  - 2.364748*x10*x14  - 1.689653*x10*x15 + 3.048115*x10*x16  - 3.175513*x10*x17  - 3.790973*x10*x18  - 2.409396*x10*x19  - 1.704439*x10*x20  - 0.929405*x10*x21 + 6.964161*x10*x22  - 1.384513*x10*x23  - 6.882367*x10*x24  - 1.104763*x10*x25  - 0.952848*x10*x26 + 3.170595*x10*x27 + 0.817264*x10*x28 + 0.670485*x10*x29 + 8.456038*x10*x30  - 6.982279*x11*x1  - 0.646154*x11*x2  - 1.280666*x11*x3  - 7.015936*x11*x4 + 5.195313*x11*x5  - 1.497996*x11*x6 + 2.057573*x11*x7 + 4.734533*x11*x8  - 6.132922*x11*x9  - 5.446594*x11*x10 + 0.904110*x11*x11 + 1.321646*x11*x12 + 3.245356*x11*x13  - 3.835139*x11*x14  - 2.229896*x11*x15  - 1.133792*x11*x16  - 0.942887*x11*x17  - 2.151887*x11*x18  - 7.550589*x11*x19 + 1.248061*x11*x20  - 7.016029*x11*x21  - 1.440764*x11*x22 + 5.435013*x11*x23 + 5.240575*x11*x24 + 4.908834*x11*x25 + 2.958502*x11*x26 + 8.414589*x11*x27 + 0.406327*x11*x28 + 0.214764*x11*x29  - 0.834248*x11*x30 + 0.340671*x12*x1 + 0.779676*x12*x2 + 6.814390*x12*x3 + 0.072190*x12*x4  - 7.148375*x12*x5 + 7.069991*x12*x6 + 6.381956*x12*x7  - 0.832887*x12*x8 + 1.615419*x12*x9 + 0.950251*x12*x10 + 1.321646*x12*x11  - 4.118286*x12*x12 + 2.005420*x12*x13 + 4.747569*x12*x14  - 2.520036*x12*x15 + 1.373880*x12*x16  - 1.757806*x12*x17 + 7.754597*x12*x18  - 6.865410*x12*x19  - 0.226595*x12*x20 + 5.704501*x12*x21 + 0.966204*x12*x22 + 6.942023*x12*x23  - 6.678997*x12*x24  - 7.235111*x12*x25  - 5.588757*x12*x26 + 1.995902*x12*x27 + 5.227254*x12*x28 + 3.522497*x12*x29 + 3.137733*x12*x30  - 1.835751*x13*x1 + 3.509424*x13*x2  - 3.507804*x13*x3  - 0.166143*x13*x4 + 4.807953*x13*x5  - 3.024306*x13*x6 + 1.974920*x13*x7 + 1.017467*x13*x8 + 3.815906*x13*x9 + 1.325727*x13*x10 + 3.245356*x13*x11 + 2.005420*x13*x12 + 0.444516*x13*x13  - 4.315664*x13*x14  - 5.878866*x13*x15  - 2.231521*x13*x16  - 1.912171*x13*x17 + 0.193435*x13*x18 + 3.019046*x13*x19 + 0.708460*x13*x20 + 2.414266*x13*x21 + 0.644256*x13*x22  - 2.799726*x13*x23 + 0.380569*x13*x24 + 0.344842*x13*x25  - 1.012949*x13*x26 + 1.560933*x13*x27 + 3.125229*x13*x28  - 0.456675*x13*x29 + 2.475615*x13*x30 + 1.803433*x14*x1  - 1.389313*x14*x2 + 0.890368*x14*x3 + 2.201499*x14*x4 + 0.813398*x14*x5 + 1.421657*x14*x6  - 3.341850*x14*x7 + 3.957338*x14*x8  - 1.601905*x14*x9  - 2.364748*x14*x10  - 3.835139*x14*x11 + 4.747569*x14*x12  - 4.315664*x14*x13  - 3.994740*x14*x14 + 0.286530*x14*x15 + 1.304781*x14*x16 + 4.596834*x14*x17  - 1.407612*x14*x18  - 0.227889*x14*x19 + 0.807357*x14*x20 + 0.137944*x14*x21  - 1.903368*x14*x22 + 1.395971*x14*x23  - 3.135559*x14*x24 + 1.900086*x14*x25  - 1.627285*x14*x26 + 2.359824*x14*x27 + 3.440253*x14*x28 + 1.881102*x14*x29 + 7.200706*x14*x30  - 3.676160*x15*x1 + 7.747668*x15*x2  - 0.929545*x15*x3  - 4.662639*x15*x4  - 4.182482*x15*x5 + 6.741270*x15*x6  - 6.845324*x15*x7  - 3.407107*x15*x8 + 6.097869*x15*x9  - 1.689653*x15*x10  - 2.229896*x15*x11  - 2.520036*x15*x12  - 5.878866*x15*x13 + 0.286530*x15*x14  - 4.427458*x15*x15 + 9.050570*x15*x16 + 9.015361*x15*x17 + 3.022325*x15*x18 + 2.162357*x15*x19  - 1.519774*x15*x20 + 1.664165*x15*x21 + 1.550341*x15*x22 + 1.435745*x15*x23 + 6.881279*x15*x24 + 4.857490*x15*x25 + 6.981267*x15*x26 + 0.293121*x15*x27  - 1.071639*x15*x28 + 6.787525*x15*x29 + 0.353296*x15*x30 + 2.524654*x16*x1  - 5.850788*x16*x2  - 0.798077*x16*x3  - 3.819404*x16*x4 + 5.074809*x16*x5 + 5.142744*x16*x6  - 1.950392*x16*x7  - 6.492491*x16*x8 + 2.101171*x16*x9 + 3.048115*x16*x10  - 1.133792*x16*x11 + 1.373880*x16*x12  - 2.231521*x16*x13 + 1.304781*x16*x14 + 9.050570*x16*x15  - 2.727784*x16*x16 + 1.229306*x16*x17 + 0.130447*x16*x18 + 7.049966*x16*x19 + 8.685020*x16*x20  - 4.596183*x16*x21 + 1.230105*x16*x22  - 3.446872*x16*x23  - 1.555568*x16*x24  - 1.136158*x16*x25 + 0.770807*x16*x26 + 2.119717*x16*x27 + 5.409839*x16*x28 + 8.505858*x16*x29 + 3.986871*x16*x30 + 4.235976*x17*x1 + 6.217866*x17*x2  - 3.820615*x17*x3  - 0.206490*x17*x4  - 6.685254*x17*x5 + 3.325420*x17*x6  - 0.825717*x17*x7 + 7.066842*x17*x8 + 9.183009*x17*x9  - 3.175513*x17*x10  - 0.942887*x17*x11  - 1.757806*x17*x12  - 1.912171*x17*x13 + 4.596834*x17*x14 + 9.015361*x17*x15 + 1.229306*x17*x16 + 1.157346*x17*x17  - 0.926783*x17*x18  - 2.982177*x17*x19  - 1.462557*x17*x20 + 3.927518*x17*x21 + 4.770431*x17*x22 + 1.137390*x17*x23  - 1.454059*x17*x24 + 0.571286*x17*x25 + 7.518615*x17*x26  - 3.404998*x17*x27  - 0.945790*x17*x28  - 1.239419*x17*x29  - 2.217950*x17*x30  - 0.602800*x18*x1  - 5.092794*x18*x2  - 5.522011*x18*x3 + 4.299076*x18*x4  - 5.484026*x18*x5  - 2.024052*x18*x6 + 3.934014*x18*x7  - 1.181144*x18*x8  - 8.815895*x18*x9  - 3.790973*x18*x10  - 2.151887*x18*x11 + 7.754597*x18*x12 + 0.193435*x18*x13  - 1.407612*x18*x14 + 3.022325*x18*x15 + 0.130447*x18*x16  - 0.926783*x18*x17  - 2.439182*x18*x18  - 1.316818*x18*x19 + 3.656809*x18*x20  - 4.206403*x18*x21  - 4.941614*x18*x22  - 3.327068*x18*x23  - 6.381578*x18*x24 + 2.473388*x18*x25 + 2.690515*x18*x26 + 4.118580*x18*x27  - 0.422319*x18*x28 + 7.702832*x18*x29  - 0.962479*x18*x30  - 0.095811*x19*x1  - 2.568494*x19*x2 + 0.941438*x19*x3 + 4.882279*x19*x4  - 2.185288*x19*x5 + 4.138363*x19*x6  - 4.501653*x19*x7  - 3.166174*x19*x8 + 1.838447*x19*x9  - 2.409396*x19*x10  - 7.550589*x19*x11  - 6.865410*x19*x12 + 3.019046*x19*x13  - 0.227889*x19*x14 + 2.162357*x19*x15 + 7.049966*x19*x16  - 2.982177*x19*x17  - 1.316818*x19*x18  - 1.116598*x19*x19  - 5.963163*x19*x20  - 2.511863*x19*x21  - 2.976311*x19*x22 + 3.044462*x19*x23  - 1.346751*x19*x24  - 3.329763*x19*x25  - 3.320359*x19*x26 + 3.254911*x19*x27 + 0.169433*x19*x28 + 1.787972*x19*x29 + 3.765170*x19*x30  - 1.055544*x20*x1  - 0.727761*x20*x2 + 0.306814*x20*x3 + 0.542112*x20*x4  - 2.169944*x20*x5  - 0.689342*x20*x6  - 2.703351*x20*x7  - 0.250231*x20*x8 + 5.278604*x20*x9  - 1.704439*x20*x10 + 1.248061*x20*x11  - 0.226595*x20*x12 + 0.708460*x20*x13 + 0.807357*x20*x14  - 1.519774*x20*x15 + 8.685020*x20*x16  - 1.462557*x20*x17 + 3.656809*x20*x18  - 5.963163*x20*x19 + 3.831772*x20*x20 + 0.142352*x20*x21  - 2.008499*x20*x22  - 2.579096*x20*x23  - 3.493848*x20*x24  - 5.320810*x20*x25 + 1.978385*x20*x26 + 4.445665*x20*x27 + 6.398947*x20*x28  - 6.291450*x20*x29 + 2.596233*x20*x30  - 3.699397*x21*x1  - 5.965528*x21*x2 + 9.450301*x21*x3 + 0.401856*x21*x4 + 1.162372*x21*x5  - 4.629767*x21*x6 + 0.627919*x21*x7  - 2.827869*x21*x8 + 8.030182*x21*x9  - 0.929405*x21*x10  - 7.016029*x21*x11 + 5.704501*x21*x12 + 2.414266*x21*x13 + 0.137944*x21*x14 + 1.664165*x21*x15  - 4.596183*x21*x16 + 3.927518*x21*x17  - 4.206403*x21*x18  - 2.511863*x21*x19 + 0.142352*x21*x20 + 0.256066*x21*x21  - 0.650692*x21*x22 + 2.109654*x21*x23  - 0.247742*x21*x24  - 2.786166*x21*x25  - 2.533096*x21*x26  - 5.445146*x21*x27  - 4.611123*x21*x28 + 1.767251*x21*x29 + 1.149553*x21*x30 + 4.485024*x22*x1 + 3.703155*x22*x2 + 3.695995*x22*x3  - 0.997236*x22*x4  - 6.865656*x22*x5 + 0.652035*x22*x6  - 7.755890*x22*x7  - 0.314072*x22*x8  - 0.858580*x22*x9 + 6.964161*x22*x10  - 1.440764*x22*x11 + 0.966204*x22*x12 + 0.644256*x22*x13  - 1.903368*x22*x14 + 1.550341*x22*x15 + 1.230105*x22*x16 + 4.770431*x22*x17  - 4.941614*x22*x18  - 2.976311*x22*x19  - 2.008499*x22*x20  - 0.650692*x22*x21  - 2.307322*x22*x22  - 5.387524*x22*x23  - 2.747486*x22*x24  - 2.577146*x22*x25 + 3.198334*x22*x26 + 3.306446*x22*x27  - 2.220013*x22*x28 + 4.426980*x22*x29 + 0.953355*x22*x30 + 0.141473*x23*x1  - 4.433305*x23*x2 + 7.513475*x23*x3 + 9.090439*x23*x4 + 6.508202*x23*x5  - 7.176825*x23*x6 + 0.292411*x23*x7 + 7.712049*x23*x8  - 1.304829*x23*x9  - 1.384513*x23*x10 + 5.435013*x23*x11 + 6.942023*x23*x12  - 2.799726*x23*x13 + 1.395971*x23*x14 + 1.435745*x23*x15  - 3.446872*x23*x16 + 1.137390*x23*x17  - 3.327068*x23*x18 + 3.044462*x23*x19  - 2.579096*x23*x20 + 2.109654*x23*x21  - 5.387524*x23*x22  - 3.270623*x23*x23 + 4.632291*x23*x24  - 1.259998*x23*x25 + 2.213555*x23*x26  - 6.711875*x23*x27  - 5.145342*x23*x28  - 3.087095*x23*x29 + 2.584690*x23*x30 + 8.572365*x24*x1 + 1.512893*x24*x2 + 4.131667*x24*x3 + 4.434868*x24*x4 + 2.348491*x24*x5 + 5.886646*x24*x6  - 2.482553*x24*x7 + 1.785858*x24*x8  - 6.310455*x24*x9  - 6.882367*x24*x10 + 5.240575*x24*x11  - 6.678997*x24*x12 + 0.380569*x24*x13  - 3.135559*x24*x14 + 6.881279*x24*x15  - 1.555568*x24*x16  - 1.454059*x24*x17  - 6.381578*x24*x18  - 1.346751*x24*x19  - 3.493848*x24*x20  - 0.247742*x24*x21  - 2.747486*x24*x22 + 4.632291*x24*x23 + 0.213129*x24*x24  - 6.022906*x24*x25  - 0.328943*x24*x26 + 6.840486*x24*x27  - 4.507387*x24*x28  - 4.517581*x24*x29  - 1.736435*x24*x30 + 5.213584*x25*x1  - 1.298956*x25*x2 + 6.144339*x25*x3 + 5.188577*x25*x4  - 5.661800*x25*x5  - 9.278365*x25*x6 + 3.776072*x25*x7 + 5.177800*x25*x8  - 4.923257*x25*x9  - 1.104763*x25*x10 + 4.908834*x25*x11  - 7.235111*x25*x12 + 0.344842*x25*x13 + 1.900086*x25*x14 + 4.857490*x25*x15  - 1.136158*x25*x16 + 0.571286*x25*x17 + 2.473388*x25*x18  - 3.329763*x25*x19  - 5.320810*x25*x20  - 2.786166*x25*x21  - 2.577146*x25*x22  - 1.259998*x25*x23  - 6.022906*x25*x24 + 1.202187*x25*x25 + 3.328151*x25*x26  - 6.430296*x25*x27 + 5.895566*x25*x28 + 5.791143*x25*x29  - 0.441503*x25*x30 + 4.115801*x26*x1  - 4.373786*x26*x2  - 3.002314*x26*x3 + 1.353481*x26*x4  - 9.124232*x26*x5  - 5.624040*x26*x6  - 0.228958*x26*x7  - 5.648341*x26*x8  - 4.107873*x26*x9  - 0.952848*x26*x10 + 2.958502*x26*x11  - 5.588757*x26*x12  - 1.012949*x26*x13  - 1.627285*x26*x14 + 6.981267*x26*x15 + 0.770807*x26*x16 + 7.518615*x26*x17 + 2.690515*x26*x18  - 3.320359*x26*x19 + 1.978385*x26*x20  - 2.533096*x26*x21 + 3.198334*x26*x22 + 2.213555*x26*x23  - 0.328943*x26*x24 + 3.328151*x26*x25 + 3.047974*x26*x26  - 2.629533*x26*x27  - 6.133335*x26*x28  - 4.886503*x26*x29  - 3.745389*x26*x30 + 7.826025*x27*x1 + 1.444063*x27*x2 + 2.839159*x27*x3 + 0.560119*x27*x4  - 3.791214*x27*x5  - 6.720524*x27*x6  - 2.861404*x27*x7 + 0.491694*x27*x8 + 0.876043*x27*x9 + 3.170595*x27*x10 + 8.414589*x27*x11 + 1.995902*x27*x12 + 1.560933*x27*x13 + 2.359824*x27*x14 + 0.293121*x27*x15 + 2.119717*x27*x16  - 3.404998*x27*x17 + 4.118580*x27*x18 + 3.254911*x27*x19 + 4.445665*x27*x20  - 5.445146*x27*x21 + 3.306446*x27*x22  - 6.711875*x27*x23 + 6.840486*x27*x24  - 6.430296*x27*x25  - 2.629533*x27*x26  - 0.897729*x27*x27 + 6.275292*x27*x28  - 0.172691*x27*x29  - 4.304233*x27*x30  - 0.970737*x28*x1 + 4.770614*x28*x2 + 2.220043*x28*x3  - 1.127667*x28*x4 + 5.252418*x28*x5 + 2.096393*x28*x6  - 3.704726*x28*x7 + 5.617978*x28*x8  - 1.608449*x28*x9 + 0.817264*x28*x10 + 0.406327*x28*x11 + 5.227254*x28*x12 + 3.125229*x28*x13 + 3.440253*x28*x14  - 1.071639*x28*x15 + 5.409839*x28*x16  - 0.945790*x28*x17  - 0.422319*x28*x18 + 0.169433*x28*x19 + 6.398947*x28*x20  - 4.611123*x28*x21  - 2.220013*x28*x22  - 5.145342*x28*x23  - 4.507387*x28*x24 + 5.895566*x28*x25  - 6.133335*x28*x26 + 6.275292*x28*x27  - 3.501003*x28*x28  - 0.767025*x28*x29 + 2.098812*x28*x30 + 7.078436*x29*x1 + 3.827635*x29*x2 + 0.609370*x29*x3  - 1.037700*x29*x4 + 0.297687*x29*x5  - 3.798742*x29*x6 + 1.750407*x29*x7 + 5.760016*x29*x8  - 2.236127*x29*x9 + 0.670485*x29*x10 + 0.214764*x29*x11 + 3.522497*x29*x12  - 0.456675*x29*x13 + 1.881102*x29*x14 + 6.787525*x29*x15 + 8.505858*x29*x16  - 1.239419*x29*x17 + 7.702832*x29*x18 + 1.787972*x29*x19  - 6.291450*x29*x20 + 1.767251*x29*x21 + 4.426980*x29*x22  - 3.087095*x29*x23  - 4.517581*x29*x24 + 5.791143*x29*x25  - 4.886503*x29*x26  - 0.172691*x29*x27  - 0.767025*x29*x28 + 1.598492*x29*x29  - 0.784293*x29*x30  - 1.023232*x30*x1 + 5.398275*x30*x2  - 0.387893*x30*x3  - 1.669228*x30*x4 + 5.804402*x30*x5  - 3.359299*x30*x6  - 4.373114*x30*x7  - 3.042620*x30*x8 + 0.404682*x30*x9 + 8.456038*x30*x10  - 0.834248*x30*x11 + 3.137733*x30*x12 + 2.475615*x30*x13 + 7.200706*x30*x14 + 0.353296*x30*x15 + 3.986871*x30*x16  - 2.217950*x30*x17  - 0.962479*x30*x18 + 3.765170*x30*x19 + 2.596233*x30*x20 + 1.149553*x30*x21 + 0.953355*x30*x22 + 2.584690*x30*x23  - 1.736435*x30*x24  - 0.441503*x30*x25  - 3.745389*x30*x26  - 4.304233*x30*x27 + 2.098812*x30*x28  - 0.784293*x30*x29  - 0.424150*x30*x30 ;
