OPTIONS {
 MaxTime: 10000;
 EpsR: 0.000001;
 }
 
VARIABLES	x1,x2,x3,x4,x5,x6,x7,x8,x9,x10,x11,x12,x13,x14,x15,x16,x17,x18,x19,x20,x21,x22,x23,x24,x25,x26,x27,x28,x29,x30;
LOWER_BOUNDS {
x1: 0.000000;
x2: 0.000000;
x3: 0.000000;
x4: 0.000000;
x5: 0.000000;
x6: 0.000000;
x7: 0.000000;
x8: 0.000000;
x9: 0.000000;
x10: 0.000000;
x11: 0.000000;
x12: 0.000000;
x13: 0.000000;
x14: 0.000000;
x15: 0.000000;
x16: 0.000000;
x17: 0.000000;
x18: 0.000000;
x19: 0.000000;
x20: 0.000000;
x21: 0.000000;
x22: 0.000000;
x23: 0.000000;
x24: 0.000000;
x25: 0.000000;
x26: 0.000000;
x27: 0.000000;
x28: 0.000000;
x29: 0.000000;
x30: 0.000000;
}

UPPER_BOUNDS {
x1: 1.000000;
x2: 1.000000;
x3: 1.000000;
x4: 1.000000;
x5: 1.000000;
x6: 1.000000;
x7: 1.000000;
x8: 1.000000;
x9: 1.000000;
x10: 1.000000;
x11: 1.000000;
x12: 1.000000;
x13: 1.000000;
x14: 1.000000;
x15: 1.000000;
x16: 1.000000;
x17: 1.000000;
x18: 1.000000;
x19: 1.000000;
x20: 1.000000;
x21: 1.000000;
x22: 1.000000;
x23: 1.000000;
x24: 1.000000;
x25: 1.000000;
x26: 1.000000;
x27: 1.000000;
x28: 1.000000;
x29: 1.000000;
x30: 1.000000;
}

EQUATIONS e1;

e1:  1.000000*x1  + 1.000000*x2  + 1.000000*x3  + 1.000000*x4  + 1.000000*x5  + 1.000000*x6  + 1.000000*x7  + 1.000000*x8  + 1.000000*x9  + 1.000000*x10  + 1.000000*x11  + 1.000000*x12  + 1.000000*x13  + 1.000000*x14  + 1.000000*x15  + 1.000000*x16  + 1.000000*x17  + 1.000000*x18  + 1.000000*x19  + 1.000000*x20  + 1.000000*x21  + 1.000000*x22  + 1.000000*x23  + 1.000000*x24  + 1.000000*x25  + 1.000000*x26  + 1.000000*x27  + 1.000000*x28  + 1.000000*x29  + 1.000000*x30  == 1.000000;

OBJ: minimize	 - 0.715941*x1*x1  - 4.051178*x1*x2  - 7.520570*x1*x3 + 0.176741*x1*x4 + 3.919796*x1*x5 + 4.495158*x1*x6 + 2.203667*x1*x7  - 0.140092*x1*x8  - 6.987443*x1*x9 + 3.353539*x1*x10 + 3.388056*x1*x11 + 2.091719*x1*x12 + 6.228695*x1*x13 + 0.436009*x1*x14 + 7.153826*x1*x15  - 2.819491*x1*x16  - 0.912187*x1*x17 + 2.668177*x1*x18 + 2.091673*x1*x19  - 1.194975*x1*x20 + 5.270064*x1*x21 + 1.223900*x1*x22 + 5.485158*x1*x23 + 0.927615*x1*x24  - 6.316216*x1*x25 + 2.747909*x1*x26  - 2.175042*x1*x27  - 7.535109*x1*x28 + 5.517627*x1*x29 + 3.156969*x1*x30  - 4.051178*x2*x1  - 0.922155*x2*x2 + 0.918323*x2*x3  - 3.556576*x2*x4  - 0.127776*x2*x5  - 3.033810*x2*x6  - 5.012796*x2*x7 + 2.564524*x2*x8  - 1.507556*x2*x9  - 6.337688*x2*x10  - 5.953140*x2*x11 + 5.074223*x2*x12 + 4.236656*x2*x13  - 6.688900*x2*x14 + 8.826107*x2*x15 + 7.668903*x2*x16  - 0.718713*x2*x17  - 0.019981*x2*x18 + 1.735301*x2*x19  - 0.802245*x2*x20 + 8.383134*x2*x21 + 5.110022*x2*x22  - 2.987586*x2*x23  - 0.127660*x2*x24  - 0.855786*x2*x25 + 0.035749*x2*x26  - 0.993199*x2*x27 + 8.822541*x2*x28  - 3.292185*x2*x29  - 1.886259*x2*x30  - 7.520570*x3*x1 + 0.918323*x3*x2  - 0.571608*x3*x3 + 0.743488*x3*x4 + 0.993233*x3*x5  - 3.932053*x3*x6  - 5.368341*x3*x7 + 0.658648*x3*x8 + 3.906037*x3*x9 + 0.961420*x3*x10 + 1.206277*x3*x11  - 2.453852*x3*x12  - 1.276254*x3*x13 + 3.706840*x3*x14  - 2.110157*x3*x15  - 8.319257*x3*x16  - 4.245098*x3*x17  - 4.608135*x3*x18  - 0.227467*x3*x19  - 4.221830*x3*x20  - 0.374907*x3*x21 + 5.959301*x3*x22  - 7.166964*x3*x23 + 0.948353*x3*x24  - 0.615222*x3*x25  - 7.818817*x3*x26 + 1.850752*x3*x27  - 2.136714*x3*x28  - 1.589869*x3*x29  - 3.356665*x3*x30 + 0.176741*x4*x1  - 3.556576*x4*x2 + 0.743488*x4*x3  - 0.551667*x4*x4  - 2.978676*x4*x5 + 0.479367*x4*x6  - 7.189206*x4*x7 + 0.635368*x4*x8 + 0.520601*x4*x9 + 0.028843*x4*x10  - 5.134981*x4*x11 + 2.562764*x4*x12 + 5.280201*x4*x13  - 3.790210*x4*x14 + 0.290524*x4*x15  - 0.586149*x4*x16 + 4.905803*x4*x17  - 7.423351*x4*x18 + 2.792282*x4*x19  - 3.442866*x4*x20 + 0.600960*x4*x21 + 2.379819*x4*x22 + 0.555446*x4*x23  - 7.463122*x4*x24 + 1.469661*x4*x25  - 2.747374*x4*x26 + 7.133623*x4*x27 + 1.568629*x4*x28 + 4.762628*x4*x29 + 1.591516*x4*x30 + 3.919796*x5*x1  - 0.127776*x5*x2 + 0.993233*x5*x3  - 2.978676*x5*x4  - 0.577022*x5*x5 + 2.680063*x5*x6  - 8.705811*x5*x7  - 3.009090*x5*x8  - 7.231224*x5*x9 + 1.314034*x5*x10  - 9.387606*x5*x11  - 7.312790*x5*x12  - 3.324805*x5*x13  - 4.146719*x5*x14  - 2.154772*x5*x15 + 0.181271*x5*x16  - 1.745094*x5*x17 + 1.334624*x5*x18  - 2.168178*x5*x19 + 4.312698*x5*x20  - 6.762558*x5*x21  - 0.415117*x5*x22  - 0.695180*x5*x23  - 3.508472*x5*x24  - 3.220864*x5*x25 + 4.626174*x5*x26 + 0.509282*x5*x27 + 2.122661*x5*x28  - 1.167283*x5*x29  - 1.411542*x5*x30 + 4.495158*x6*x1  - 3.033810*x6*x2  - 3.932053*x6*x3 + 0.479367*x6*x4 + 2.680063*x6*x5  - 0.794397*x6*x6 + 6.717878*x6*x7 + 3.905563*x6*x8  - 6.527736*x6*x9  - 1.589245*x6*x10  - 0.657365*x6*x11  - 4.798229*x6*x12  - 7.401532*x6*x13 + 9.375083*x6*x14 + 5.367146*x6*x15 + 1.489353*x6*x16 + 7.320470*x6*x17 + 3.737062*x6*x18  - 0.945306*x6*x19 + 9.416115*x6*x20 + 0.298840*x6*x21  - 3.029946*x6*x22 + 1.411744*x6*x23  - 2.051037*x6*x24 + 0.805139*x6*x25 + 8.999254*x6*x26  - 0.937056*x6*x27 + 0.644561*x6*x28  - 7.816777*x6*x29  - 4.207051*x6*x30 + 2.203667*x7*x1  - 5.012796*x7*x2  - 5.368341*x7*x3  - 7.189206*x7*x4  - 8.705811*x7*x5 + 6.717878*x7*x6  - 1.859006*x7*x7  - 1.469739*x7*x8  - 2.759601*x7*x9  - 0.730968*x7*x10  - 1.757085*x7*x11 + 0.148491*x7*x12  - 5.789008*x7*x13 + 3.175198*x7*x14 + 5.701993*x7*x15 + 2.312649*x7*x16 + 0.355624*x7*x17  - 0.228354*x7*x18 + 5.926462*x7*x19 + 6.501471*x7*x20 + 2.956055*x7*x21  - 2.203078*x7*x22  - 0.249346*x7*x23  - 7.124973*x7*x24  - 4.175573*x7*x25 + 0.462181*x7*x26 + 4.812717*x7*x27  - 0.404346*x7*x28  - 0.297491*x7*x29 + 6.184898*x7*x30  - 0.140092*x8*x1 + 2.564524*x8*x2 + 0.658648*x8*x3 + 0.635368*x8*x4  - 3.009090*x8*x5 + 3.905563*x8*x6  - 1.469739*x8*x7  - 2.845443*x8*x8  - 0.048692*x8*x9  - 1.106592*x8*x10  - 1.990161*x8*x11  - 1.937292*x8*x12 + 5.177554*x8*x13 + 6.003370*x8*x14  - 1.736774*x8*x15  - 1.900535*x8*x16 + 3.673321*x8*x17  - 4.138539*x8*x18  - 6.557547*x8*x19  - 0.313678*x8*x20 + 5.273450*x8*x21 + 2.552641*x8*x22  - 3.276151*x8*x23 + 2.997967*x8*x24  - 0.949503*x8*x25  - 7.423617*x8*x26  - 5.196984*x8*x27  - 4.572994*x8*x28 + 3.144848*x8*x29  - 0.188680*x8*x30  - 6.987443*x9*x1  - 1.507556*x9*x2 + 3.906037*x9*x3 + 0.520601*x9*x4  - 7.231224*x9*x5  - 6.527736*x9*x6  - 2.759601*x9*x7  - 0.048692*x9*x8  - 0.071485*x9*x9  - 6.148240*x9*x10 + 4.006489*x9*x11  - 3.886757*x9*x12  - 0.927824*x9*x13 + 7.659790*x9*x14  - 3.149782*x9*x15  - 7.644939*x9*x16 + 5.287292*x9*x17 + 0.779505*x9*x18  - 1.361683*x9*x19 + 6.209663*x9*x20 + 5.205636*x9*x21  - 0.732007*x9*x22 + 0.035805*x9*x23  - 2.925770*x9*x24  - 4.033057*x9*x25  - 1.154929*x9*x26 + 3.237716*x9*x27 + 2.661431*x9*x28  - 3.028295*x9*x29 + 8.555219*x9*x30 + 3.353539*x10*x1  - 6.337688*x10*x2 + 0.961420*x10*x3 + 0.028843*x10*x4 + 1.314034*x10*x5  - 1.589245*x10*x6  - 0.730968*x10*x7  - 1.106592*x10*x8  - 6.148240*x10*x9  - 1.043559*x10*x10 + 7.495180*x10*x11 + 0.568866*x10*x12  - 1.458270*x10*x13 + 2.186980*x10*x14  - 0.078010*x10*x15  - 4.113568*x10*x16 + 2.005428*x10*x17  - 2.981140*x10*x18 + 2.903938*x10*x19 + 3.032862*x10*x20  - 5.311607*x10*x21  - 7.617063*x10*x22 + 1.383141*x10*x23  - 4.551453*x10*x24 + 2.664890*x10*x25 + 1.948204*x10*x26 + 1.133944*x10*x27  - 5.590512*x10*x28  - 5.856318*x10*x29  - 1.929653*x10*x30 + 3.388056*x11*x1  - 5.953140*x11*x2 + 1.206277*x11*x3  - 5.134981*x11*x4  - 9.387606*x11*x5  - 0.657365*x11*x6  - 1.757085*x11*x7  - 1.990161*x11*x8 + 4.006489*x11*x9 + 7.495180*x11*x10  - 0.629519*x11*x11  - 4.405311*x11*x12  - 3.644850*x11*x13 + 3.887332*x11*x14  - 0.601633*x11*x15 + 2.597463*x11*x16  - 7.514463*x11*x17 + 1.117630*x11*x18  - 2.755857*x11*x19 + 7.151464*x11*x20  - 2.061092*x11*x21 + 0.157489*x11*x22  - 3.266404*x11*x23  - 4.613156*x11*x24 + 6.680720*x11*x25 + 5.599044*x11*x26  - 0.188766*x11*x27 + 5.541922*x11*x28  - 1.493541*x11*x29  - 3.578556*x11*x30 + 2.091719*x12*x1 + 5.074223*x12*x2  - 2.453852*x12*x3 + 2.562764*x12*x4  - 7.312790*x12*x5  - 4.798229*x12*x6 + 0.148491*x12*x7  - 1.937292*x12*x8  - 3.886757*x12*x9 + 0.568866*x12*x10  - 4.405311*x12*x11  - 4.079811*x12*x12  - 0.624455*x12*x13 + 4.716041*x12*x14  - 1.085702*x12*x15  - 0.453959*x12*x16  - 4.808671*x12*x17 + 3.254024*x12*x18  - 2.502136*x12*x19  - 2.153731*x12*x20 + 6.392039*x12*x21 + 1.054479*x12*x22  - 0.489865*x12*x23 + 1.515554*x12*x24 + 3.021504*x12*x25  - 6.444951*x12*x26 + 1.911072*x12*x27  - 2.152733*x12*x28  - 0.147189*x12*x29 + 7.660757*x12*x30 + 6.228695*x13*x1 + 4.236656*x13*x2  - 1.276254*x13*x3 + 5.280201*x13*x4  - 3.324805*x13*x5  - 7.401532*x13*x6  - 5.789008*x13*x7 + 5.177554*x13*x8  - 0.927824*x13*x9  - 1.458270*x13*x10  - 3.644850*x13*x11  - 0.624455*x13*x12  - 2.694062*x13*x13  - 4.753620*x13*x14  - 0.553913*x13*x15 + 6.098938*x13*x16  - 0.569752*x13*x17  - 0.469608*x13*x18 + 4.464974*x13*x19 + 4.123107*x13*x20  - 3.850295*x13*x21  - 0.971663*x13*x22 + 6.281530*x13*x23 + 1.310415*x13*x24  - 3.364660*x13*x25  - 2.614750*x13*x26  - 5.324474*x13*x27 + 1.756989*x13*x28 + 0.004591*x13*x29 + 8.247450*x13*x30 + 0.436009*x14*x1  - 6.688900*x14*x2 + 3.706840*x14*x3  - 3.790210*x14*x4  - 4.146719*x14*x5 + 9.375083*x14*x6 + 3.175198*x14*x7 + 6.003370*x14*x8 + 7.659790*x14*x9 + 2.186980*x14*x10 + 3.887332*x14*x11 + 4.716041*x14*x12  - 4.753620*x14*x13  - 1.535274*x14*x14 + 2.780734*x14*x15 + 7.934072*x14*x16  - 6.257882*x14*x17  - 1.482718*x14*x18 + 2.602420*x14*x19  - 3.900219*x14*x20  - 0.450606*x14*x21  - 4.323341*x14*x22  - 3.715977*x14*x23 + 3.683297*x14*x24  - 0.901215*x14*x25  - 3.087506*x14*x26  - 5.098532*x14*x27  - 0.275892*x14*x28  - 1.718206*x14*x29 + 2.239502*x14*x30 + 7.153826*x15*x1 + 8.826107*x15*x2  - 2.110157*x15*x3 + 0.290524*x15*x4  - 2.154772*x15*x5 + 5.367146*x15*x6 + 5.701993*x15*x7  - 1.736774*x15*x8  - 3.149782*x15*x9  - 0.078010*x15*x10  - 0.601633*x15*x11  - 1.085702*x15*x12  - 0.553913*x15*x13 + 2.780734*x15*x14  - 3.442120*x15*x15 + 6.644976*x15*x16 + 0.902528*x15*x17  - 6.308756*x15*x18 + 3.457966*x15*x19 + 2.221496*x15*x20 + 0.725186*x15*x21 + 2.145129*x15*x22 + 8.157317*x15*x23 + 3.218272*x15*x24  - 3.394321*x15*x25  - 0.014230*x15*x26 + 5.216603*x15*x27 + 1.137483*x15*x28 + 0.905700*x15*x29  - 3.872470*x15*x30  - 2.819491*x16*x1 + 7.668903*x16*x2  - 8.319257*x16*x3  - 0.586149*x16*x4 + 0.181271*x16*x5 + 1.489353*x16*x6 + 2.312649*x16*x7  - 1.900535*x16*x8  - 7.644939*x16*x9  - 4.113568*x16*x10 + 2.597463*x16*x11  - 0.453959*x16*x12 + 6.098938*x16*x13 + 7.934072*x16*x14 + 6.644976*x16*x15  - 0.571015*x16*x16 + 2.434684*x16*x17 + 1.591017*x16*x18  - 2.338961*x16*x19  - 1.993702*x16*x20  - 3.365355*x16*x21  - 2.379984*x16*x22 + 2.058734*x16*x23  - 4.612872*x16*x24 + 4.716735*x16*x25  - 1.298631*x16*x26 + 3.325433*x16*x27  - 3.493115*x16*x28 + 4.972094*x16*x29  - 1.087654*x16*x30  - 0.912187*x17*x1  - 0.718713*x17*x2  - 4.245098*x17*x3 + 4.905803*x17*x4  - 1.745094*x17*x5 + 7.320470*x17*x6 + 0.355624*x17*x7 + 3.673321*x17*x8 + 5.287292*x17*x9 + 2.005428*x17*x10  - 7.514463*x17*x11  - 4.808671*x17*x12  - 0.569752*x17*x13  - 6.257882*x17*x14 + 0.902528*x17*x15 + 2.434684*x17*x16  - 1.940639*x17*x17 + 1.485206*x17*x18 + 3.192829*x17*x19 + 5.526550*x17*x20  - 6.541470*x17*x21 + 1.248405*x17*x22  - 1.522887*x17*x23 + 2.410346*x17*x24 + 5.040136*x17*x25  - 3.111336*x17*x26  - 1.629878*x17*x27 + 1.354867*x17*x28  - 4.245752*x17*x29 + 3.342112*x17*x30 + 2.668177*x18*x1  - 0.019981*x18*x2  - 4.608135*x18*x3  - 7.423351*x18*x4 + 1.334624*x18*x5 + 3.737062*x18*x6  - 0.228354*x18*x7  - 4.138539*x18*x8 + 0.779505*x18*x9  - 2.981140*x18*x10 + 1.117630*x18*x11 + 3.254024*x18*x12  - 0.469608*x18*x13  - 1.482718*x18*x14  - 6.308756*x18*x15 + 1.591017*x18*x16 + 1.485206*x18*x17  - 2.727686*x18*x18  - 4.612044*x18*x19  - 2.806687*x18*x20 + 0.252081*x18*x21  - 5.836145*x18*x22  - 2.074213*x18*x23 + 4.948020*x18*x24 + 1.632256*x18*x25  - 4.217914*x18*x26  - 6.888295*x18*x27 + 4.365339*x18*x28  - 0.880404*x18*x29 + 6.734437*x18*x30 + 2.091673*x19*x1 + 1.735301*x19*x2  - 0.227467*x19*x3 + 2.792282*x19*x4  - 2.168178*x19*x5  - 0.945306*x19*x6 + 5.926462*x19*x7  - 6.557547*x19*x8  - 1.361683*x19*x9 + 2.903938*x19*x10  - 2.755857*x19*x11  - 2.502136*x19*x12 + 4.464974*x19*x13 + 2.602420*x19*x14 + 3.457966*x19*x15  - 2.338961*x19*x16 + 3.192829*x19*x17  - 4.612044*x19*x18  - 0.126387*x19*x19 + 1.603383*x19*x20  - 2.469628*x19*x21  - 0.861669*x19*x22 + 0.545815*x19*x23 + 2.053031*x19*x24 + 4.456705*x19*x25  - 2.373469*x19*x26 + 1.295139*x19*x27  - 1.206381*x19*x28 + 4.508064*x19*x29 + 3.258417*x19*x30  - 1.194975*x20*x1  - 0.802245*x20*x2  - 4.221830*x20*x3  - 3.442866*x20*x4 + 4.312698*x20*x5 + 9.416115*x20*x6 + 6.501471*x20*x7  - 0.313678*x20*x8 + 6.209663*x20*x9 + 3.032862*x20*x10 + 7.151464*x20*x11  - 2.153731*x20*x12 + 4.123107*x20*x13  - 3.900219*x20*x14 + 2.221496*x20*x15  - 1.993702*x20*x16 + 5.526550*x20*x17  - 2.806687*x20*x18 + 1.603383*x20*x19  - 1.001046*x20*x20 + 2.731273*x20*x21 + 1.481374*x20*x22  - 5.260302*x20*x23  - 1.844095*x20*x24 + 4.155036*x20*x25 + 2.799939*x20*x26 + 1.822844*x20*x27  - 4.502603*x20*x28 + 2.636846*x20*x29  - 5.752093*x20*x30 + 5.270064*x21*x1 + 8.383134*x21*x2  - 0.374907*x21*x3 + 0.600960*x21*x4  - 6.762558*x21*x5 + 0.298840*x21*x6 + 2.956055*x21*x7 + 5.273450*x21*x8 + 5.205636*x21*x9  - 5.311607*x21*x10  - 2.061092*x21*x11 + 6.392039*x21*x12  - 3.850295*x21*x13  - 0.450606*x21*x14 + 0.725186*x21*x15  - 3.365355*x21*x16  - 6.541470*x21*x17 + 0.252081*x21*x18  - 2.469628*x21*x19 + 2.731273*x21*x20  - 0.642464*x21*x21 + 4.473819*x21*x22 + 6.697791*x21*x23 + 9.000640*x21*x24  - 0.820914*x21*x25  - 1.025722*x21*x26 + 1.737861*x21*x27  - 0.083482*x21*x28  - 4.143568*x21*x29 + 8.413633*x21*x30 + 1.223900*x22*x1 + 5.110022*x22*x2 + 5.959301*x22*x3 + 2.379819*x22*x4  - 0.415117*x22*x5  - 3.029946*x22*x6  - 2.203078*x22*x7 + 2.552641*x22*x8  - 0.732007*x22*x9  - 7.617063*x22*x10 + 0.157489*x22*x11 + 1.054479*x22*x12  - 0.971663*x22*x13  - 4.323341*x22*x14 + 2.145129*x22*x15  - 2.379984*x22*x16 + 1.248405*x22*x17  - 5.836145*x22*x18  - 0.861669*x22*x19 + 1.481374*x22*x20 + 4.473819*x22*x21  - 0.904216*x22*x22 + 7.402987*x22*x23 + 2.063491*x22*x24  - 1.274848*x22*x25  - 6.204159*x22*x26 + 9.018555*x22*x27 + 6.550082*x22*x28  - 2.023202*x22*x29 + 2.095705*x22*x30 + 5.485158*x23*x1  - 2.987586*x23*x2  - 7.166964*x23*x3 + 0.555446*x23*x4  - 0.695180*x23*x5 + 1.411744*x23*x6  - 0.249346*x23*x7  - 3.276151*x23*x8 + 0.035805*x23*x9 + 1.383141*x23*x10  - 3.266404*x23*x11  - 0.489865*x23*x12 + 6.281530*x23*x13  - 3.715977*x23*x14 + 8.157317*x23*x15 + 2.058734*x23*x16  - 1.522887*x23*x17  - 2.074213*x23*x18 + 0.545815*x23*x19  - 5.260302*x23*x20 + 6.697791*x23*x21 + 7.402987*x23*x22  - 3.119582*x23*x23  - 2.293045*x23*x24 + 5.648298*x23*x25  - 1.156761*x23*x26 + 5.921688*x23*x27 + 5.667097*x23*x28  - 0.431314*x23*x29 + 3.992634*x23*x30 + 0.927615*x24*x1  - 0.127660*x24*x2 + 0.948353*x24*x3  - 7.463122*x24*x4  - 3.508472*x24*x5  - 2.051037*x24*x6  - 7.124973*x24*x7 + 2.997967*x24*x8  - 2.925770*x24*x9  - 4.551453*x24*x10  - 4.613156*x24*x11 + 1.515554*x24*x12 + 1.310415*x24*x13 + 3.683297*x24*x14 + 3.218272*x24*x15  - 4.612872*x24*x16 + 2.410346*x24*x17 + 4.948020*x24*x18 + 2.053031*x24*x19  - 1.844095*x24*x20 + 9.000640*x24*x21 + 2.063491*x24*x22  - 2.293045*x24*x23  - 0.211869*x24*x24 + 4.917869*x24*x25 + 3.890474*x24*x26 + 1.328156*x24*x27 + 1.230820*x24*x28  - 5.172120*x24*x29  - 4.761407*x24*x30  - 6.316216*x25*x1  - 0.855786*x25*x2  - 0.615222*x25*x3 + 1.469661*x25*x4  - 3.220864*x25*x5 + 0.805139*x25*x6  - 4.175573*x25*x7  - 0.949503*x25*x8  - 4.033057*x25*x9 + 2.664890*x25*x10 + 6.680720*x25*x11 + 3.021504*x25*x12  - 3.364660*x25*x13  - 0.901215*x25*x14  - 3.394321*x25*x15 + 4.716735*x25*x16 + 5.040136*x25*x17 + 1.632256*x25*x18 + 4.456705*x25*x19 + 4.155036*x25*x20  - 0.820914*x25*x21  - 1.274848*x25*x22 + 5.648298*x25*x23 + 4.917869*x25*x24  - 2.339761*x25*x25 + 0.208335*x25*x26 + 0.744851*x25*x27  - 5.181255*x25*x28  - 0.959252*x25*x29  - 0.285022*x25*x30 + 2.747909*x26*x1 + 0.035749*x26*x2  - 7.818817*x26*x3  - 2.747374*x26*x4 + 4.626174*x26*x5 + 8.999254*x26*x6 + 0.462181*x26*x7  - 7.423617*x26*x8  - 1.154929*x26*x9 + 1.948204*x26*x10 + 5.599044*x26*x11  - 6.444951*x26*x12  - 2.614750*x26*x13  - 3.087506*x26*x14  - 0.014230*x26*x15  - 1.298631*x26*x16  - 3.111336*x26*x17  - 4.217914*x26*x18  - 2.373469*x26*x19 + 2.799939*x26*x20  - 1.025722*x26*x21  - 6.204159*x26*x22  - 1.156761*x26*x23 + 3.890474*x26*x24 + 0.208335*x26*x25  - 3.523524*x26*x26  - 5.305222*x26*x27  - 2.801807*x26*x28 + 1.619523*x26*x29  - 3.351570*x26*x30  - 2.175042*x27*x1  - 0.993199*x27*x2 + 1.850752*x27*x3 + 7.133623*x27*x4 + 0.509282*x27*x5  - 0.937056*x27*x6 + 4.812717*x27*x7  - 5.196984*x27*x8 + 3.237716*x27*x9 + 1.133944*x27*x10  - 0.188766*x27*x11 + 1.911072*x27*x12  - 5.324474*x27*x13  - 5.098532*x27*x14 + 5.216603*x27*x15 + 3.325433*x27*x16  - 1.629878*x27*x17  - 6.888295*x27*x18 + 1.295139*x27*x19 + 1.822844*x27*x20 + 1.737861*x27*x21 + 9.018555*x27*x22 + 5.921688*x27*x23 + 1.328156*x27*x24 + 0.744851*x27*x25  - 5.305222*x27*x26  - 1.864364*x27*x27  - 7.878587*x27*x28  - 0.174405*x27*x29  - 5.857601*x27*x30  - 7.535109*x28*x1 + 8.822541*x28*x2  - 2.136714*x28*x3 + 1.568629*x28*x4 + 2.122661*x28*x5 + 0.644561*x28*x6  - 0.404346*x28*x7  - 4.572994*x28*x8 + 2.661431*x28*x9  - 5.590512*x28*x10 + 5.541922*x28*x11  - 2.152733*x28*x12 + 1.756989*x28*x13  - 0.275892*x28*x14 + 1.137483*x28*x15  - 3.493115*x28*x16 + 1.354867*x28*x17 + 4.365339*x28*x18  - 1.206381*x28*x19  - 4.502603*x28*x20  - 0.083482*x28*x21 + 6.550082*x28*x22 + 5.667097*x28*x23 + 1.230820*x28*x24  - 5.181255*x28*x25  - 2.801807*x28*x26  - 7.878587*x28*x27  - 3.194288*x28*x28 + 2.655963*x28*x29  - 3.796053*x28*x30 + 5.517627*x29*x1  - 3.292185*x29*x2  - 1.589869*x29*x3 + 4.762628*x29*x4  - 1.167283*x29*x5  - 7.816777*x29*x6  - 0.297491*x29*x7 + 3.144848*x29*x8  - 3.028295*x29*x9  - 5.856318*x29*x10  - 1.493541*x29*x11  - 0.147189*x29*x12 + 0.004591*x29*x13  - 1.718206*x29*x14 + 0.905700*x29*x15 + 4.972094*x29*x16  - 4.245752*x29*x17  - 0.880404*x29*x18 + 4.508064*x29*x19 + 2.636846*x29*x20  - 4.143568*x29*x21  - 2.023202*x29*x22  - 0.431314*x29*x23  - 5.172120*x29*x24  - 0.959252*x29*x25 + 1.619523*x29*x26  - 0.174405*x29*x27 + 2.655963*x29*x28  - 2.886715*x29*x29 + 4.556049*x29*x30 + 3.156969*x30*x1  - 1.886259*x30*x2  - 3.356665*x30*x3 + 1.591516*x30*x4  - 1.411542*x30*x5  - 4.207051*x30*x6 + 6.184898*x30*x7  - 0.188680*x30*x8 + 8.555219*x30*x9  - 1.929653*x30*x10  - 3.578556*x30*x11 + 7.660757*x30*x12 + 8.247450*x30*x13 + 2.239502*x30*x14  - 3.872470*x30*x15  - 1.087654*x30*x16 + 3.342112*x30*x17 + 6.734437*x30*x18 + 3.258417*x30*x19  - 5.752093*x30*x20 + 8.413633*x30*x21 + 2.095705*x30*x22 + 3.992634*x30*x23  - 4.761407*x30*x24  - 0.285022*x30*x25  - 3.351570*x30*x26  - 5.857601*x30*x27  - 3.796053*x30*x28 + 4.556049*x30*x29  - 2.488874*x30*x30 ;
