OPTIONS {
 MaxTime: 10000;
 EpsR: 0.000001;
 }
 
VARIABLES	x1,x2,x3,x4,x5,x6,x7,x8,x9,x10,x11,x12,x13,x14,x15,x16,x17,x18,x19,x20,x21,x22,x23,x24,x25,x26,x27,x28,x29,x30;
LOWER_BOUNDS {
x1: 0.000000;
x2: 0.000000;
x3: 0.000000;
x4: 0.000000;
x5: 0.000000;
x6: 0.000000;
x7: 0.000000;
x8: 0.000000;
x9: 0.000000;
x10: 0.000000;
x11: 0.000000;
x12: 0.000000;
x13: 0.000000;
x14: 0.000000;
x15: 0.000000;
x16: 0.000000;
x17: 0.000000;
x18: 0.000000;
x19: 0.000000;
x20: 0.000000;
x21: 0.000000;
x22: 0.000000;
x23: 0.000000;
x24: 0.000000;
x25: 0.000000;
x26: 0.000000;
x27: 0.000000;
x28: 0.000000;
x29: 0.000000;
x30: 0.000000;
}

UPPER_BOUNDS {
x1: 1.000000;
x2: 1.000000;
x3: 1.000000;
x4: 1.000000;
x5: 1.000000;
x6: 1.000000;
x7: 1.000000;
x8: 1.000000;
x9: 1.000000;
x10: 1.000000;
x11: 1.000000;
x12: 1.000000;
x13: 1.000000;
x14: 1.000000;
x15: 1.000000;
x16: 1.000000;
x17: 1.000000;
x18: 1.000000;
x19: 1.000000;
x20: 1.000000;
x21: 1.000000;
x22: 1.000000;
x23: 1.000000;
x24: 1.000000;
x25: 1.000000;
x26: 1.000000;
x27: 1.000000;
x28: 1.000000;
x29: 1.000000;
x30: 1.000000;
}

EQUATIONS e1;

e1:  1.000000*x1  + 1.000000*x2  + 1.000000*x3  + 1.000000*x4  + 1.000000*x5  + 1.000000*x6  + 1.000000*x7  + 1.000000*x8  + 1.000000*x9  + 1.000000*x10  + 1.000000*x11  + 1.000000*x12  + 1.000000*x13  + 1.000000*x14  + 1.000000*x15  + 1.000000*x16  + 1.000000*x17  + 1.000000*x18  + 1.000000*x19  + 1.000000*x20  + 1.000000*x21  + 1.000000*x22  + 1.000000*x23  + 1.000000*x24  + 1.000000*x25  + 1.000000*x26  + 1.000000*x27  + 1.000000*x28  + 1.000000*x29  + 1.000000*x30  == 1.000000;

OBJ: minimize	 - 0.928030*x1*x1  - 1.475925*x1*x2  - 5.956069*x1*x3 + 2.864140*x1*x4  - 0.782269*x1*x5  - 2.330177*x1*x6 + 3.185543*x1*x7 + 2.058548*x1*x8  - 6.615646*x1*x9 + 0.547575*x1*x10 + 2.798913*x1*x11 + 3.306940*x1*x12  - 0.423217*x1*x13 + 2.107634*x1*x14 + 3.676675*x1*x15  - 0.116656*x1*x16 + 1.887830*x1*x17  - 0.914036*x1*x18  - 3.500436*x1*x19 + 2.930403*x1*x20 + 5.746326*x1*x21 + 4.753856*x1*x22 + 4.433193*x1*x23  - 0.403452*x1*x24 + 0.129507*x1*x25 + 5.699916*x1*x26  - 4.514341*x1*x27 + 6.770525*x1*x28  - 0.974565*x1*x29  - 6.863835*x1*x30  - 1.475925*x2*x1  - 0.651536*x2*x2  - 3.649394*x2*x3  - 0.579905*x2*x4 + 2.643585*x2*x5 + 0.749390*x2*x6  - 4.333388*x2*x7  - 1.018216*x2*x8  - 3.140693*x2*x9 + 3.874348*x2*x10  - 3.002247*x2*x11  - 4.026859*x2*x12 + 5.600825*x2*x13  - 1.254716*x2*x14 + 2.323421*x2*x15  - 6.008821*x2*x16  - 0.401397*x2*x17  - 1.162796*x2*x18  - 4.524927*x2*x19 + 3.725249*x2*x20  - 1.405647*x2*x21  - 6.135866*x2*x22 + 1.055084*x2*x23 + 1.283313*x2*x24  - 0.513646*x2*x25 + 0.878916*x2*x26 + 1.236193*x2*x27 + 7.054304*x2*x28 + 2.893327*x2*x29 + 4.636800*x2*x30  - 5.956069*x3*x1  - 3.649394*x3*x2  - 1.760270*x3*x3  - 6.517950*x3*x4 + 1.591012*x3*x5 + 5.411015*x3*x6  - 5.196103*x3*x7  - 0.922599*x3*x8  - 7.428123*x3*x9  - 0.639080*x3*x10  - 5.034108*x3*x11 + 4.255378*x3*x12  - 3.322901*x3*x13  - 3.397931*x3*x14 + 0.581270*x3*x15  - 1.846375*x3*x16 + 0.058969*x3*x17 + 0.648541*x3*x18  - 3.444201*x3*x19 + 0.788916*x3*x20  - 8.465313*x3*x21 + 5.962613*x3*x22  - 6.808305*x3*x23  - 3.156846*x3*x24  - 2.464705*x3*x25 + 8.382732*x3*x26 + 7.334866*x3*x27 + 1.794863*x3*x28 + 8.952087*x3*x29 + 7.789113*x3*x30 + 2.864140*x4*x1  - 0.579905*x4*x2  - 6.517950*x4*x3  - 2.311648*x4*x4  - 0.381503*x4*x5 + 2.950960*x4*x6  - 5.388214*x4*x7 + 2.036553*x4*x8 + 3.798902*x4*x9  - 0.961204*x4*x10 + 2.868291*x4*x11  - 0.410614*x4*x12 + 4.082522*x4*x13 + 3.184040*x4*x14  - 4.235842*x4*x15  - 0.142694*x4*x16 + 0.310964*x4*x17 + 3.073662*x4*x18 + 1.573538*x4*x19  - 1.295763*x4*x20 + 1.989794*x4*x21  - 1.930114*x4*x22 + 1.575587*x4*x23 + 9.144937*x4*x24 + 8.866670*x4*x25 + 6.169894*x4*x26 + 3.312475*x4*x27 + 2.931870*x4*x28 + 5.332148*x4*x29 + 1.434392*x4*x30  - 0.782269*x5*x1 + 2.643585*x5*x2 + 1.591012*x5*x3  - 0.381503*x5*x4  - 1.042396*x5*x5  - 2.428999*x5*x6 + 2.289966*x5*x7 + 1.759090*x5*x8 + 5.215899*x5*x9 + 8.089932*x5*x10 + 4.504377*x5*x11  - 1.670965*x5*x12 + 4.461042*x5*x13  - 0.043357*x5*x14 + 1.473872*x5*x15 + 6.786013*x5*x16 + 4.233021*x5*x17 + 4.805472*x5*x18 + 2.388102*x5*x19 + 1.382965*x5*x20 + 4.141425*x5*x21  - 1.547137*x5*x22  - 5.461650*x5*x23  - 1.740485*x5*x24 + 4.399848*x5*x25  - 5.001846*x5*x26 + 2.192434*x5*x27  - 1.067261*x5*x28 + 3.936532*x5*x29  - 3.117179*x5*x30  - 2.330177*x6*x1 + 0.749390*x6*x2 + 5.411015*x6*x3 + 2.950960*x6*x4  - 2.428999*x6*x5  - 1.223988*x6*x6 + 2.733264*x6*x7 + 1.817216*x6*x8 + 3.539491*x6*x9  - 6.107505*x6*x10  - 0.894580*x6*x11  - 2.709583*x6*x12 + 1.448609*x6*x13 + 2.055440*x6*x14  - 0.850153*x6*x15  - 7.866378*x6*x16 + 7.071610*x6*x17 + 3.131965*x6*x18 + 4.274076*x6*x19 + 6.808744*x6*x20 + 4.869859*x6*x21 + 3.451378*x6*x22 + 2.083505*x6*x23 + 6.897537*x6*x24 + 2.396060*x6*x25  - 2.107887*x6*x26 + 4.195490*x6*x27  - 6.527541*x6*x28  - 9.088714*x6*x29  - 2.401965*x6*x30 + 3.185543*x7*x1  - 4.333388*x7*x2  - 5.196103*x7*x3  - 5.388214*x7*x4 + 2.289966*x7*x5 + 2.733264*x7*x6  - 2.657485*x7*x7 + 3.168503*x7*x8  - 0.706037*x7*x9 + 3.032859*x7*x10 + 4.753017*x7*x11 + 3.319724*x7*x12  - 2.936427*x7*x13 + 2.400119*x7*x14 + 1.299781*x7*x15  - 0.705004*x7*x16  - 0.527509*x7*x17  - 3.637454*x7*x18  - 2.512968*x7*x19  - 1.300758*x7*x20 + 0.390441*x7*x21  - 4.418131*x7*x22 + 0.140015*x7*x23 + 4.575322*x7*x24  - 1.211046*x7*x25  - 5.142613*x7*x26 + 5.679073*x7*x27 + 9.153761*x7*x28 + 4.927950*x7*x29 + 0.991332*x7*x30 + 2.058548*x8*x1  - 1.018216*x8*x2  - 0.922599*x8*x3 + 2.036553*x8*x4 + 1.759090*x8*x5 + 1.817216*x8*x6 + 3.168503*x8*x7  - 2.542284*x8*x8  - 0.192692*x8*x9  - 8.424469*x8*x10 + 3.514053*x8*x11 + 0.377709*x8*x12 + 0.595769*x8*x13 + 6.385089*x8*x14 + 0.745474*x8*x15 + 8.677164*x8*x16 + 3.642673*x8*x17  - 8.236474*x8*x18  - 0.433852*x8*x19  - 6.449599*x8*x20 + 5.718552*x8*x21 + 8.051105*x8*x22 + 1.204543*x8*x23  - 0.855396*x8*x24 + 2.618698*x8*x25 + 1.620277*x8*x26 + 6.371929*x8*x27  - 2.923665*x8*x28  - 3.942884*x8*x29 + 2.763069*x8*x30  - 6.615646*x9*x1  - 3.140693*x9*x2  - 7.428123*x9*x3 + 3.798902*x9*x4 + 5.215899*x9*x5 + 3.539491*x9*x6  - 0.706037*x9*x7  - 0.192692*x9*x8  - 1.749247*x9*x9  - 6.983212*x9*x10 + 0.879033*x9*x11  - 5.938043*x9*x12 + 3.154744*x9*x13  - 1.027890*x9*x14 + 3.315104*x9*x15  - 1.393619*x9*x16  - 1.185216*x9*x17 + 4.114711*x9*x18  - 0.804822*x9*x19 + 3.447159*x9*x20  - 3.426483*x9*x21  - 2.554393*x9*x22  - 5.828472*x9*x23 + 2.149576*x9*x24 + 8.416205*x9*x25  - 4.030377*x9*x26 + 4.669967*x9*x27 + 4.524264*x9*x28  - 5.857776*x9*x29 + 0.055818*x9*x30 + 0.547575*x10*x1 + 3.874348*x10*x2  - 0.639080*x10*x3  - 0.961204*x10*x4 + 8.089932*x10*x5  - 6.107505*x10*x6 + 3.032859*x10*x7  - 8.424469*x10*x8  - 6.983212*x10*x9  - 2.431651*x10*x10  - 1.952512*x10*x11 + 6.028849*x10*x12 + 2.572406*x10*x13 + 1.151284*x10*x14 + 2.599673*x10*x15 + 1.615677*x10*x16 + 0.214416*x10*x17 + 0.175908*x10*x18 + 2.579924*x10*x19 + 5.383578*x10*x20 + 1.799302*x10*x21  - 1.800372*x10*x22 + 7.097180*x10*x23 + 1.466031*x10*x24 + 0.997070*x10*x25  - 9.333304*x10*x26  - 5.730994*x10*x27  - 0.752864*x10*x28 + 1.571114*x10*x29 + 7.734990*x10*x30 + 2.798913*x11*x1  - 3.002247*x11*x2  - 5.034108*x11*x3 + 2.868291*x11*x4 + 4.504377*x11*x5  - 0.894580*x11*x6 + 4.753017*x11*x7 + 3.514053*x11*x8 + 0.879033*x11*x9  - 1.952512*x11*x10  - 1.350243*x11*x11  - 0.334961*x11*x12 + 1.085238*x11*x13  - 5.490298*x11*x14 + 1.742664*x11*x15 + 1.070824*x11*x16 + 0.354254*x11*x17 + 0.969758*x11*x18 + 2.337969*x11*x19  - 2.910277*x11*x20 + 1.404660*x11*x21 + 0.528611*x11*x22 + 9.342157*x11*x23 + 1.002063*x11*x24 + 7.534243*x11*x25 + 2.914864*x11*x26 + 4.527374*x11*x27 + 4.492989*x11*x28  - 0.533534*x11*x29  - 5.467823*x11*x30 + 3.306940*x12*x1  - 4.026859*x12*x2 + 4.255378*x12*x3  - 0.410614*x12*x4  - 1.670965*x12*x5  - 2.709583*x12*x6 + 3.319724*x12*x7 + 0.377709*x12*x8  - 5.938043*x12*x9 + 6.028849*x12*x10  - 0.334961*x12*x11  - 2.961076*x12*x12 + 2.112594*x12*x13  - 4.502250*x12*x14 + 0.981690*x12*x15 + 4.477705*x12*x16  - 0.126797*x12*x17  - 1.016707*x12*x18 + 4.225877*x12*x19 + 2.960927*x12*x20  - 0.885350*x12*x21 + 3.451524*x12*x22 + 7.301754*x12*x23 + 3.539056*x12*x24  - 1.449465*x12*x25  - 8.126110*x12*x26  - 1.956881*x12*x27 + 4.960931*x12*x28 + 0.989464*x12*x29 + 6.661320*x12*x30  - 0.423217*x13*x1 + 5.600825*x13*x2  - 3.322901*x13*x3 + 4.082522*x13*x4 + 4.461042*x13*x5 + 1.448609*x13*x6  - 2.936427*x13*x7 + 0.595769*x13*x8 + 3.154744*x13*x9 + 2.572406*x13*x10 + 1.085238*x13*x11 + 2.112594*x13*x12  - 1.958220*x13*x13 + 1.943280*x13*x14  - 1.037717*x13*x15 + 0.020950*x13*x16  - 3.361365*x13*x17  - 0.640175*x13*x18 + 9.459600*x13*x19  - 2.892586*x13*x20 + 5.009377*x13*x21 + 7.743906*x13*x22  - 7.516644*x13*x23  - 5.726463*x13*x24 + 1.645925*x13*x25  - 2.992421*x13*x26  - 9.044434*x13*x27  - 7.921344*x13*x28 + 0.987391*x13*x29 + 4.334224*x13*x30 + 2.107634*x14*x1  - 1.254716*x14*x2  - 3.397931*x14*x3 + 3.184040*x14*x4  - 0.043357*x14*x5 + 2.055440*x14*x6 + 2.400119*x14*x7 + 6.385089*x14*x8  - 1.027890*x14*x9 + 1.151284*x14*x10  - 5.490298*x14*x11  - 4.502250*x14*x12 + 1.943280*x14*x13  - 1.547478*x14*x14 + 6.146339*x14*x15 + 2.362975*x14*x16 + 3.412018*x14*x17 + 6.685839*x14*x18  - 9.010364*x14*x19 + 3.045452*x14*x20  - 4.310351*x14*x21 + 4.177546*x14*x22 + 0.813217*x14*x23 + 4.360887*x14*x24  - 0.635188*x14*x25 + 5.362194*x14*x26  - 6.516423*x14*x27 + 6.978044*x14*x28 + 3.340627*x14*x29 + 3.903913*x14*x30 + 3.676675*x15*x1 + 2.323421*x15*x2 + 0.581270*x15*x3  - 4.235842*x15*x4 + 1.473872*x15*x5  - 0.850153*x15*x6 + 1.299781*x15*x7 + 0.745474*x15*x8 + 3.315104*x15*x9 + 2.599673*x15*x10 + 1.742664*x15*x11 + 0.981690*x15*x12  - 1.037717*x15*x13 + 6.146339*x15*x14  - 0.774993*x15*x15 + 4.372523*x15*x16  - 0.952354*x15*x17  - 2.718070*x15*x18 + 3.742020*x15*x19 + 0.439883*x15*x20 + 2.812735*x15*x21  - 0.565307*x15*x22 + 2.514720*x15*x23  - 5.949964*x15*x24 + 1.749073*x15*x25 + 2.388311*x15*x26 + 0.958752*x15*x27 + 1.094187*x15*x28  - 8.405303*x15*x29 + 0.406182*x15*x30  - 0.116656*x16*x1  - 6.008821*x16*x2  - 1.846375*x16*x3  - 0.142694*x16*x4 + 6.786013*x16*x5  - 7.866378*x16*x6  - 0.705004*x16*x7 + 8.677164*x16*x8  - 1.393619*x16*x9 + 1.615677*x16*x10 + 1.070824*x16*x11 + 4.477705*x16*x12 + 0.020950*x16*x13 + 2.362975*x16*x14 + 4.372523*x16*x15  - 0.761889*x16*x16  - 1.491862*x16*x17 + 3.108022*x16*x18  - 2.474843*x16*x19 + 3.858649*x16*x20 + 1.264825*x16*x21  - 0.394718*x16*x22 + 2.508259*x16*x23 + 2.163379*x16*x24 + 0.804546*x16*x25 + 2.383141*x16*x26 + 5.292770*x16*x27  - 2.995056*x16*x28 + 5.662679*x16*x29 + 3.763586*x16*x30 + 1.887830*x17*x1  - 0.401397*x17*x2 + 0.058969*x17*x3 + 0.310964*x17*x4 + 4.233021*x17*x5 + 7.071610*x17*x6  - 0.527509*x17*x7 + 3.642673*x17*x8  - 1.185216*x17*x9 + 0.214416*x17*x10 + 0.354254*x17*x11  - 0.126797*x17*x12  - 3.361365*x17*x13 + 3.412018*x17*x14  - 0.952354*x17*x15  - 1.491862*x17*x16  - 1.614565*x17*x17 + 3.482333*x17*x18  - 4.623391*x17*x19 + 2.575465*x17*x20 + 4.306910*x17*x21 + 5.681172*x17*x22  - 1.131883*x17*x23 + 1.182821*x17*x24 + 2.377724*x17*x25 + 4.143776*x17*x26 + 3.445101*x17*x27 + 2.528786*x17*x28  - 6.633805*x17*x29 + 2.771362*x17*x30  - 0.914036*x18*x1  - 1.162796*x18*x2 + 0.648541*x18*x3 + 3.073662*x18*x4 + 4.805472*x18*x5 + 3.131965*x18*x6  - 3.637454*x18*x7  - 8.236474*x18*x8 + 4.114711*x18*x9 + 0.175908*x18*x10 + 0.969758*x18*x11  - 1.016707*x18*x12  - 0.640175*x18*x13 + 6.685839*x18*x14  - 2.718070*x18*x15 + 3.108022*x18*x16 + 3.482333*x18*x17  - 2.266937*x18*x18  - 2.089208*x18*x19  - 6.879072*x18*x20 + 1.800163*x18*x21 + 3.588306*x18*x22  - 1.250272*x18*x23 + 5.167449*x18*x24 + 4.880920*x18*x25  - 6.974868*x18*x26  - 5.479498*x18*x27 + 7.826338*x18*x28  - 0.746672*x18*x29  - 1.411341*x18*x30  - 3.500436*x19*x1  - 4.524927*x19*x2  - 3.444201*x19*x3 + 1.573538*x19*x4 + 2.388102*x19*x5 + 4.274076*x19*x6  - 2.512968*x19*x7  - 0.433852*x19*x8  - 0.804822*x19*x9 + 2.579924*x19*x10 + 2.337969*x19*x11 + 4.225877*x19*x12 + 9.459600*x19*x13  - 9.010364*x19*x14 + 3.742020*x19*x15  - 2.474843*x19*x16  - 4.623391*x19*x17  - 2.089208*x19*x18  - 0.626841*x19*x19 + 3.911915*x19*x20 + 4.048000*x19*x21  - 0.188266*x19*x22 + 5.563859*x19*x23 + 3.673811*x19*x24 + 2.970864*x19*x25  - 1.823689*x19*x26  - 1.501659*x19*x27 + 2.446357*x19*x28 + 1.024747*x19*x29  - 3.482332*x19*x30 + 2.930403*x20*x1 + 3.725249*x20*x2 + 0.788916*x20*x3  - 1.295763*x20*x4 + 1.382965*x20*x5 + 6.808744*x20*x6  - 1.300758*x20*x7  - 6.449599*x20*x8 + 3.447159*x20*x9 + 5.383578*x20*x10  - 2.910277*x20*x11 + 2.960927*x20*x12  - 2.892586*x20*x13 + 3.045452*x20*x14 + 0.439883*x20*x15 + 3.858649*x20*x16 + 2.575465*x20*x17  - 6.879072*x20*x18 + 3.911915*x20*x19  - 1.805456*x20*x20 + 7.324792*x20*x21  - 4.049729*x20*x22 + 5.574006*x20*x23 + 4.862626*x20*x24  - 8.171476*x20*x25  - 3.073272*x20*x26  - 0.523025*x20*x27  - 1.243769*x20*x28 + 8.608499*x20*x29  - 0.879060*x20*x30 + 5.746326*x21*x1  - 1.405647*x21*x2  - 8.465313*x21*x3 + 1.989794*x21*x4 + 4.141425*x21*x5 + 4.869859*x21*x6 + 0.390441*x21*x7 + 5.718552*x21*x8  - 3.426483*x21*x9 + 1.799302*x21*x10 + 1.404660*x21*x11  - 0.885350*x21*x12 + 5.009377*x21*x13  - 4.310351*x21*x14 + 2.812735*x21*x15 + 1.264825*x21*x16 + 4.306910*x21*x17 + 1.800163*x21*x18 + 4.048000*x21*x19 + 7.324792*x21*x20  - 0.499098*x21*x21  - 0.379618*x21*x22 + 4.154900*x21*x23  - 4.703250*x21*x24  - 8.941680*x21*x25  - 1.260975*x21*x26 + 1.427532*x21*x27  - 4.012780*x21*x28 + 4.783260*x21*x29 + 0.523779*x21*x30 + 4.753856*x22*x1  - 6.135866*x22*x2 + 5.962613*x22*x3  - 1.930114*x22*x4  - 1.547137*x22*x5 + 3.451378*x22*x6  - 4.418131*x22*x7 + 8.051105*x22*x8  - 2.554393*x22*x9  - 1.800372*x22*x10 + 0.528611*x22*x11 + 3.451524*x22*x12 + 7.743906*x22*x13 + 4.177546*x22*x14  - 0.565307*x22*x15  - 0.394718*x22*x16 + 5.681172*x22*x17 + 3.588306*x22*x18  - 0.188266*x22*x19  - 4.049729*x22*x20  - 0.379618*x22*x21  - 0.209247*x22*x22  - 4.827134*x22*x23 + 2.868686*x22*x24 + 3.774009*x22*x25  - 1.502915*x22*x26  - 2.229408*x22*x27 + 0.552660*x22*x28 + 0.264613*x22*x29 + 6.576321*x22*x30 + 4.433193*x23*x1 + 1.055084*x23*x2  - 6.808305*x23*x3 + 1.575587*x23*x4  - 5.461650*x23*x5 + 2.083505*x23*x6 + 0.140015*x23*x7 + 1.204543*x23*x8  - 5.828472*x23*x9 + 7.097180*x23*x10 + 9.342157*x23*x11 + 7.301754*x23*x12  - 7.516644*x23*x13 + 0.813217*x23*x14 + 2.514720*x23*x15 + 2.508259*x23*x16  - 1.131883*x23*x17  - 1.250272*x23*x18 + 5.563859*x23*x19 + 5.574006*x23*x20 + 4.154900*x23*x21  - 4.827134*x23*x22  - 0.946348*x23*x23 + 1.127219*x23*x24 + 2.487789*x23*x25  - 2.736873*x23*x26 + 7.260260*x23*x27 + 4.198751*x23*x28 + 0.021895*x23*x29 + 4.465904*x23*x30  - 0.403452*x24*x1 + 1.283313*x24*x2  - 3.156846*x24*x3 + 9.144937*x24*x4  - 1.740485*x24*x5 + 6.897537*x24*x6 + 4.575322*x24*x7  - 0.855396*x24*x8 + 2.149576*x24*x9 + 1.466031*x24*x10 + 1.002063*x24*x11 + 3.539056*x24*x12  - 5.726463*x24*x13 + 4.360887*x24*x14  - 5.949964*x24*x15 + 2.163379*x24*x16 + 1.182821*x24*x17 + 5.167449*x24*x18 + 3.673811*x24*x19 + 4.862626*x24*x20  - 4.703250*x24*x21 + 2.868686*x24*x22 + 1.127219*x24*x23  - 1.346472*x24*x24  - 0.669778*x24*x25 + 7.737042*x24*x26 + 1.792513*x24*x27 + 5.842823*x24*x28 + 1.076752*x24*x29  - 9.587374*x24*x30 + 0.129507*x25*x1  - 0.513646*x25*x2  - 2.464705*x25*x3 + 8.866670*x25*x4 + 4.399848*x25*x5 + 2.396060*x25*x6  - 1.211046*x25*x7 + 2.618698*x25*x8 + 8.416205*x25*x9 + 0.997070*x25*x10 + 7.534243*x25*x11  - 1.449465*x25*x12 + 1.645925*x25*x13  - 0.635188*x25*x14 + 1.749073*x25*x15 + 0.804546*x25*x16 + 2.377724*x25*x17 + 4.880920*x25*x18 + 2.970864*x25*x19  - 8.171476*x25*x20  - 8.941680*x25*x21 + 3.774009*x25*x22 + 2.487789*x25*x23  - 0.669778*x25*x24  - 0.196444*x25*x25 + 7.916489*x25*x26 + 0.258827*x25*x27 + 4.578479*x25*x28  - 3.912366*x25*x29 + 5.992056*x25*x30 + 5.699916*x26*x1 + 0.878916*x26*x2 + 8.382732*x26*x3 + 6.169894*x26*x4  - 5.001846*x26*x5  - 2.107887*x26*x6  - 5.142613*x26*x7 + 1.620277*x26*x8  - 4.030377*x26*x9  - 9.333304*x26*x10 + 2.914864*x26*x11  - 8.126110*x26*x12  - 2.992421*x26*x13 + 5.362194*x26*x14 + 2.388311*x26*x15 + 2.383141*x26*x16 + 4.143776*x26*x17  - 6.974868*x26*x18  - 1.823689*x26*x19  - 3.073272*x26*x20  - 1.260975*x26*x21  - 1.502915*x26*x22  - 2.736873*x26*x23 + 7.737042*x26*x24 + 7.916489*x26*x25  - 1.805242*x26*x26  - 1.840846*x26*x27  - 6.912115*x26*x28 + 0.470882*x26*x29 + 5.662269*x26*x30  - 4.514341*x27*x1 + 1.236193*x27*x2 + 7.334866*x27*x3 + 3.312475*x27*x4 + 2.192434*x27*x5 + 4.195490*x27*x6 + 5.679073*x27*x7 + 6.371929*x27*x8 + 4.669967*x27*x9  - 5.730994*x27*x10 + 4.527374*x27*x11  - 1.956881*x27*x12  - 9.044434*x27*x13  - 6.516423*x27*x14 + 0.958752*x27*x15 + 5.292770*x27*x16 + 3.445101*x27*x17  - 5.479498*x27*x18  - 1.501659*x27*x19  - 0.523025*x27*x20 + 1.427532*x27*x21  - 2.229408*x27*x22 + 7.260260*x27*x23 + 1.792513*x27*x24 + 0.258827*x27*x25  - 1.840846*x27*x26  - 1.172367*x27*x27  - 4.205098*x27*x28 + 1.240544*x27*x29  - 5.945692*x27*x30 + 6.770525*x28*x1 + 7.054304*x28*x2 + 1.794863*x28*x3 + 2.931870*x28*x4  - 1.067261*x28*x5  - 6.527541*x28*x6 + 9.153761*x28*x7  - 2.923665*x28*x8 + 4.524264*x28*x9  - 0.752864*x28*x10 + 4.492989*x28*x11 + 4.960931*x28*x12  - 7.921344*x28*x13 + 6.978044*x28*x14 + 1.094187*x28*x15  - 2.995056*x28*x16 + 2.528786*x28*x17 + 7.826338*x28*x18 + 2.446357*x28*x19  - 1.243769*x28*x20  - 4.012780*x28*x21 + 0.552660*x28*x22 + 4.198751*x28*x23 + 5.842823*x28*x24 + 4.578479*x28*x25  - 6.912115*x28*x26  - 4.205098*x28*x27  - 0.375103*x28*x28  - 5.909445*x28*x29 + 2.734884*x28*x30  - 0.974565*x29*x1 + 2.893327*x29*x2 + 8.952087*x29*x3 + 5.332148*x29*x4 + 3.936532*x29*x5  - 9.088714*x29*x6 + 4.927950*x29*x7  - 3.942884*x29*x8  - 5.857776*x29*x9 + 1.571114*x29*x10  - 0.533534*x29*x11 + 0.989464*x29*x12 + 0.987391*x29*x13 + 3.340627*x29*x14  - 8.405303*x29*x15 + 5.662679*x29*x16  - 6.633805*x29*x17  - 0.746672*x29*x18 + 1.024747*x29*x19 + 8.608499*x29*x20 + 4.783260*x29*x21 + 0.264613*x29*x22 + 0.021895*x29*x23 + 1.076752*x29*x24  - 3.912366*x29*x25 + 0.470882*x29*x26 + 1.240544*x29*x27  - 5.909445*x29*x28  - 0.254490*x29*x29 + 2.527075*x29*x30  - 6.863835*x30*x1 + 4.636800*x30*x2 + 7.789113*x30*x3 + 1.434392*x30*x4  - 3.117179*x30*x5  - 2.401965*x30*x6 + 0.991332*x30*x7 + 2.763069*x30*x8 + 0.055818*x30*x9 + 7.734990*x30*x10  - 5.467823*x30*x11 + 6.661320*x30*x12 + 4.334224*x30*x13 + 3.903913*x30*x14 + 0.406182*x30*x15 + 3.763586*x30*x16 + 2.771362*x30*x17  - 1.411341*x30*x18  - 3.482332*x30*x19  - 0.879060*x30*x20 + 0.523779*x30*x21 + 6.576321*x30*x22 + 4.465904*x30*x23  - 9.587374*x30*x24 + 5.992056*x30*x25 + 5.662269*x30*x26  - 5.945692*x30*x27 + 2.734884*x30*x28 + 2.527075*x30*x29  - 2.374200*x30*x30 ;
