OPTIONS {
 MaxTime: 10000;
 EpsR: 0.000001;
 }
 
VARIABLES	x1,x2,x3,x4,x5,x6,x7,x8,x9,x10,x11,x12,x13,x14,x15,x16,x17,x18,x19,x20,x21,x22,x23,x24,x25,x26,x27,x28,x29,x30;
LOWER_BOUNDS {
x1: 0.000000;
x2: 0.000000;
x3: 0.000000;
x4: 0.000000;
x5: 0.000000;
x6: 0.000000;
x7: 0.000000;
x8: 0.000000;
x9: 0.000000;
x10: 0.000000;
x11: 0.000000;
x12: 0.000000;
x13: 0.000000;
x14: 0.000000;
x15: 0.000000;
x16: 0.000000;
x17: 0.000000;
x18: 0.000000;
x19: 0.000000;
x20: 0.000000;
x21: 0.000000;
x22: 0.000000;
x23: 0.000000;
x24: 0.000000;
x25: 0.000000;
x26: 0.000000;
x27: 0.000000;
x28: 0.000000;
x29: 0.000000;
x30: 0.000000;
}

UPPER_BOUNDS {
x1: 1.000000;
x2: 1.000000;
x3: 1.000000;
x4: 1.000000;
x5: 1.000000;
x6: 1.000000;
x7: 1.000000;
x8: 1.000000;
x9: 1.000000;
x10: 1.000000;
x11: 1.000000;
x12: 1.000000;
x13: 1.000000;
x14: 1.000000;
x15: 1.000000;
x16: 1.000000;
x17: 1.000000;
x18: 1.000000;
x19: 1.000000;
x20: 1.000000;
x21: 1.000000;
x22: 1.000000;
x23: 1.000000;
x24: 1.000000;
x25: 1.000000;
x26: 1.000000;
x27: 1.000000;
x28: 1.000000;
x29: 1.000000;
x30: 1.000000;
}

EQUATIONS e1;

e1:  1.000000*x1  + 1.000000*x2  + 1.000000*x3  + 1.000000*x4  + 1.000000*x5  + 1.000000*x6  + 1.000000*x7  + 1.000000*x8  + 1.000000*x9  + 1.000000*x10  + 1.000000*x11  + 1.000000*x12  + 1.000000*x13  + 1.000000*x14  + 1.000000*x15  + 1.000000*x16  + 1.000000*x17  + 1.000000*x18  + 1.000000*x19  + 1.000000*x20  + 1.000000*x21  + 1.000000*x22  + 1.000000*x23  + 1.000000*x24  + 1.000000*x25  + 1.000000*x26  + 1.000000*x27  + 1.000000*x28  + 1.000000*x29  + 1.000000*x30  == 1.000000;

OBJ: minimize	 - 3.233181*x1*x1  - 3.246585*x1*x2 + 2.106559*x1*x3  - 0.321574*x1*x4 + 3.871442*x1*x5 + 0.610599*x1*x6  - 6.358927*x1*x7  - 1.920052*x1*x8  - 4.984704*x1*x9  - 5.837493*x1*x10  - 0.746643*x1*x11 + 2.543646*x1*x12 + 4.096193*x1*x13  - 2.521538*x1*x14  - 3.903214*x1*x15 + 3.919962*x1*x16 + 4.974983*x1*x17  - 5.364966*x1*x18  - 1.168345*x1*x19  - 1.163237*x1*x20  - 0.003662*x1*x21  - 6.805705*x1*x22  - 9.002236*x1*x23  - 7.573521*x1*x24 + 7.195480*x1*x25  - 2.860035*x1*x26  - 4.436845*x1*x27  - 1.082679*x1*x28 + 2.026943*x1*x29  - 1.265974*x1*x30  - 3.246585*x2*x1  - 0.399123*x2*x2 + 0.694839*x2*x3  - 6.645349*x2*x4 + 2.776248*x2*x5 + 3.595061*x2*x6 + 1.557030*x2*x7  - 0.851495*x2*x8 + 0.576050*x2*x9  - 4.378843*x2*x10  - 5.814214*x2*x11 + 5.004712*x2*x12  - 5.297163*x2*x13  - 5.203103*x2*x14  - 1.708879*x2*x15  - 0.296102*x2*x16  - 5.204428*x2*x17 + 2.180334*x2*x18 + 4.969567*x2*x19 + 0.012042*x2*x20 + 0.896650*x2*x21 + 2.780178*x2*x22  - 2.715334*x2*x23  - 7.243263*x2*x24 + 4.687378*x2*x25 + 1.480035*x2*x26 + 3.769550*x2*x27 + 0.639915*x2*x28 + 6.331872*x2*x29 + 3.330141*x2*x30 + 2.106559*x3*x1 + 0.694839*x3*x2  - 0.568987*x3*x3 + 5.927290*x3*x4 + 0.259030*x3*x5 + 0.062225*x3*x6 + 2.001147*x3*x7  - 6.996264*x3*x8 + 1.984496*x3*x9 + 0.515240*x3*x10 + 5.700242*x3*x11 + 2.475131*x3*x12 + 6.009522*x3*x13 + 1.334777*x3*x14  - 0.568420*x3*x15  - 4.129752*x3*x16 + 4.856555*x3*x17  - 6.062340*x3*x18  - 1.242234*x3*x19  - 0.518506*x3*x20 + 1.875285*x3*x21 + 0.990161*x3*x22 + 0.162878*x3*x23 + 3.629894*x3*x24  - 8.068607*x3*x25 + 1.210678*x3*x26  - 1.268260*x3*x27  - 7.343040*x3*x28 + 4.987024*x3*x29  - 0.745444*x3*x30  - 0.321574*x4*x1  - 6.645349*x4*x2 + 5.927290*x4*x3 + 0.849296*x4*x4 + 3.864214*x4*x5 + 1.633820*x4*x6  - 1.782744*x4*x7 + 1.218811*x4*x8 + 1.936860*x4*x9  - 0.925061*x4*x10  - 3.254233*x4*x11 + 2.647915*x4*x12  - 3.811250*x4*x13  - 3.982511*x4*x14 + 7.690004*x4*x15  - 1.095865*x4*x16 + 0.702859*x4*x17  - 2.396683*x4*x18 + 3.837554*x4*x19  - 5.688458*x4*x20  - 4.663159*x4*x21  - 3.550727*x4*x22  - 4.108877*x4*x23 + 1.714377*x4*x24 + 0.576452*x4*x25  - 0.823608*x4*x26 + 2.603371*x4*x27  - 1.729756*x4*x28  - 4.165431*x4*x29  - 6.613693*x4*x30 + 3.871442*x5*x1 + 2.776248*x5*x2 + 0.259030*x5*x3 + 3.864214*x5*x4 + 0.449410*x5*x5 + 1.453417*x5*x6  - 6.318212*x5*x7 + 4.864848*x5*x8  - 4.781137*x5*x9 + 0.312898*x5*x10 + 3.979551*x5*x11  - 4.713667*x5*x12  - 6.055944*x5*x13 + 8.061710*x5*x14 + 1.839206*x5*x15 + 0.152780*x5*x16 + 0.836445*x5*x17 + 2.891536*x5*x18  - 3.195148*x5*x19 + 0.917260*x5*x20  - 4.164579*x5*x21  - 1.589255*x5*x22  - 5.211167*x5*x23  - 2.072461*x5*x24 + 0.284445*x5*x25  - 3.966990*x5*x26 + 0.772716*x5*x27  - 7.896770*x5*x28  - 6.258556*x5*x29  - 2.148947*x5*x30 + 0.610599*x6*x1 + 3.595061*x6*x2 + 0.062225*x6*x3 + 1.633820*x6*x4 + 1.453417*x6*x5  - 2.050699*x6*x6  - 3.387015*x6*x7  - 0.684553*x6*x8 + 0.626769*x6*x9 + 1.332286*x6*x10  - 4.189828*x6*x11  - 1.899637*x6*x12 + 3.591254*x6*x13 + 1.177147*x6*x14  - 9.886753*x6*x15 + 0.076901*x6*x16 + 7.520118*x6*x17  - 5.923067*x6*x18  - 0.008294*x6*x19  - 6.640603*x6*x20 + 3.290013*x6*x21  - 2.947119*x6*x22  - 1.313509*x6*x23  - 0.034960*x6*x24 + 3.942081*x6*x25  - 0.748981*x6*x26 + 7.547569*x6*x27 + 1.680331*x6*x28  - 4.392648*x6*x29  - 3.289189*x6*x30  - 6.358927*x7*x1 + 1.557030*x7*x2 + 2.001147*x7*x3  - 1.782744*x7*x4  - 6.318212*x7*x5  - 3.387015*x7*x6  - 4.794355*x7*x7 + 0.750904*x7*x8  - 7.620458*x7*x9 + 0.335465*x7*x10 + 1.785267*x7*x11  - 0.544087*x7*x12  - 6.028185*x7*x13 + 8.956407*x7*x14 + 7.774629*x7*x15  - 6.409443*x7*x16 + 0.259589*x7*x17  - 5.334569*x7*x18 + 4.493658*x7*x19 + 0.951385*x7*x20  - 3.466879*x7*x21 + 3.094193*x7*x22  - 2.874226*x7*x23  - 9.434142*x7*x24 + 2.368907*x7*x25 + 1.067424*x7*x26 + 2.460306*x7*x27  - 4.707971*x7*x28  - 6.264540*x7*x29  - 0.537448*x7*x30  - 1.920052*x8*x1  - 0.851495*x8*x2  - 6.996264*x8*x3 + 1.218811*x8*x4 + 4.864848*x8*x5  - 0.684553*x8*x6 + 0.750904*x8*x7  - 2.504933*x8*x8 + 7.410391*x8*x9  - 0.300154*x8*x10 + 2.668984*x8*x11 + 3.259970*x8*x12  - 2.381321*x8*x13 + 2.526792*x8*x14 + 2.318289*x8*x15  - 3.818103*x8*x16  - 0.388902*x8*x17  - 1.054200*x8*x18  - 9.767884*x8*x19 + 5.807475*x8*x20 + 6.475845*x8*x21 + 4.594578*x8*x22  - 6.226921*x8*x23  - 7.922867*x8*x24 + 1.765334*x8*x25 + 0.709281*x8*x26  - 6.203315*x8*x27 + 3.872404*x8*x28 + 0.668647*x8*x29 + 2.248063*x8*x30  - 4.984704*x9*x1 + 0.576050*x9*x2 + 1.984496*x9*x3 + 1.936860*x9*x4  - 4.781137*x9*x5 + 0.626769*x9*x6  - 7.620458*x9*x7 + 7.410391*x9*x8  - 0.818881*x9*x9 + 2.330799*x9*x10  - 0.361600*x9*x11  - 1.317570*x9*x12  - 3.685679*x9*x13 + 0.104198*x9*x14  - 3.601831*x9*x15 + 3.886258*x9*x16 + 4.776945*x9*x17  - 1.107558*x9*x18 + 5.891699*x9*x19 + 3.446754*x9*x20 + 1.099332*x9*x21 + 4.056981*x9*x22  - 0.128197*x9*x23  - 3.132463*x9*x24  - 2.631865*x9*x25  - 4.357923*x9*x26 + 5.461318*x9*x27  - 7.382448*x9*x28 + 2.734975*x9*x29  - 5.085460*x9*x30  - 5.837493*x10*x1  - 4.378843*x10*x2 + 0.515240*x10*x3  - 0.925061*x10*x4 + 0.312898*x10*x5 + 1.332286*x10*x6 + 0.335465*x10*x7  - 0.300154*x10*x8 + 2.330799*x10*x9 + 3.475441*x10*x10 + 4.770896*x10*x11 + 0.243473*x10*x12 + 4.954948*x10*x13 + 4.230276*x10*x14 + 0.815658*x10*x15 + 5.517656*x10*x16 + 7.249077*x10*x17 + 3.942043*x10*x18  - 9.066193*x10*x19  - 2.571615*x10*x20  - 3.024354*x10*x21  - 1.978917*x10*x22 + 0.616188*x10*x23  - 6.506608*x10*x24  - 2.854004*x10*x25 + 1.586809*x10*x26 + 7.797178*x10*x27 + 7.419701*x10*x28 + 0.958911*x10*x29 + 0.093158*x10*x30  - 0.746643*x11*x1  - 5.814214*x11*x2 + 5.700242*x11*x3  - 3.254233*x11*x4 + 3.979551*x11*x5  - 4.189828*x11*x6 + 1.785267*x11*x7 + 2.668984*x11*x8  - 0.361600*x11*x9 + 4.770896*x11*x10 + 3.539335*x11*x11 + 2.416931*x11*x12  - 1.141744*x11*x13  - 0.829665*x11*x14  - 4.245015*x11*x15  - 4.182032*x11*x16  - 3.099706*x11*x17  - 7.941865*x11*x18 + 7.637685*x11*x19  - 5.945290*x11*x20 + 3.139710*x11*x21  - 1.641185*x11*x22 + 0.906097*x11*x23  - 5.315004*x11*x24  - 3.618665*x11*x25  - 2.031707*x11*x26  - 1.866074*x11*x27 + 3.106077*x11*x28  - 5.581980*x11*x29  - 6.622276*x11*x30 + 2.543646*x12*x1 + 5.004712*x12*x2 + 2.475131*x12*x3 + 2.647915*x12*x4  - 4.713667*x12*x5  - 1.899637*x12*x6  - 0.544087*x12*x7 + 3.259970*x12*x8  - 1.317570*x12*x9 + 0.243473*x12*x10 + 2.416931*x12*x11  - 3.049411*x12*x12 + 2.217568*x12*x13 + 1.949841*x12*x14  - 0.213425*x12*x15 + 0.596808*x12*x16 + 0.092432*x12*x17  - 0.377473*x12*x18  - 4.872987*x12*x19  - 3.334620*x12*x20 + 8.540034*x12*x21 + 0.253801*x12*x22 + 2.885983*x12*x23 + 9.713441*x12*x24  - 0.907096*x12*x25  - 3.789213*x12*x26 + 0.699692*x12*x27 + 1.986751*x12*x28 + 1.619265*x12*x29 + 7.639300*x12*x30 + 4.096193*x13*x1  - 5.297163*x13*x2 + 6.009522*x13*x3  - 3.811250*x13*x4  - 6.055944*x13*x5 + 3.591254*x13*x6  - 6.028185*x13*x7  - 2.381321*x13*x8  - 3.685679*x13*x9 + 4.954948*x13*x10  - 1.141744*x13*x11 + 2.217568*x13*x12 + 0.230389*x13*x13 + 0.943409*x13*x14  - 2.646034*x13*x15  - 1.373734*x13*x16 + 3.153270*x13*x17  - 7.528898*x13*x18  - 2.950838*x13*x19  - 3.980660*x13*x20 + 6.280960*x13*x21  - 6.337603*x13*x22 + 5.217813*x13*x23  - 1.173388*x13*x24 + 1.896142*x13*x25  - 2.534896*x13*x26  - 3.024115*x13*x27 + 1.087064*x13*x28  - 2.145653*x13*x29 + 0.707150*x13*x30  - 2.521538*x14*x1  - 5.203103*x14*x2 + 1.334777*x14*x3  - 3.982511*x14*x4 + 8.061710*x14*x5 + 1.177147*x14*x6 + 8.956407*x14*x7 + 2.526792*x14*x8 + 0.104198*x14*x9 + 4.230276*x14*x10  - 0.829665*x14*x11 + 1.949841*x14*x12 + 0.943409*x14*x13  - 4.313014*x14*x14  - 1.540036*x14*x15  - 0.345448*x14*x16 + 4.421371*x14*x17  - 0.797723*x14*x18  - 0.735928*x14*x19  - 8.376827*x14*x20 + 7.791889*x14*x21 + 7.650808*x14*x22 + 0.526529*x14*x23  - 0.622304*x14*x24 + 3.585593*x14*x25  - 6.924428*x14*x26  - 4.522422*x14*x27  - 0.341052*x14*x28 + 4.922961*x14*x29 + 3.288696*x14*x30  - 3.903214*x15*x1  - 1.708879*x15*x2  - 0.568420*x15*x3 + 7.690004*x15*x4 + 1.839206*x15*x5  - 9.886753*x15*x6 + 7.774629*x15*x7 + 2.318289*x15*x8  - 3.601831*x15*x9 + 0.815658*x15*x10  - 4.245015*x15*x11  - 0.213425*x15*x12  - 2.646034*x15*x13  - 1.540036*x15*x14 + 2.039639*x15*x15 + 3.547829*x15*x16  - 1.264504*x15*x17 + 2.561366*x15*x18  - 1.196024*x15*x19  - 7.247404*x15*x20  - 4.514225*x15*x21 + 1.113208*x15*x22 + 2.404571*x15*x23 + 0.998529*x15*x24 + 0.883323*x15*x25 + 4.440600*x15*x26 + 9.114841*x15*x27  - 6.960995*x15*x28 + 1.547218*x15*x29 + 1.823886*x15*x30 + 3.919962*x16*x1  - 0.296102*x16*x2  - 4.129752*x16*x3  - 1.095865*x16*x4 + 0.152780*x16*x5 + 0.076901*x16*x6  - 6.409443*x16*x7  - 3.818103*x16*x8 + 3.886258*x16*x9 + 5.517656*x16*x10  - 4.182032*x16*x11 + 0.596808*x16*x12  - 1.373734*x16*x13  - 0.345448*x16*x14 + 3.547829*x16*x15  - 2.007748*x16*x16  - 3.952090*x16*x17  - 1.882306*x16*x18  - 1.089285*x16*x19 + 4.814551*x16*x20 + 5.104924*x16*x21 + 2.637196*x16*x22  - 0.114729*x16*x23  - 0.758751*x16*x24 + 8.386193*x16*x25  - 3.517891*x16*x26 + 2.451718*x16*x27 + 4.483302*x16*x28  - 1.384624*x16*x29  - 3.053213*x16*x30 + 4.974983*x17*x1  - 5.204428*x17*x2 + 4.856555*x17*x3 + 0.702859*x17*x4 + 0.836445*x17*x5 + 7.520118*x17*x6 + 0.259589*x17*x7  - 0.388902*x17*x8 + 4.776945*x17*x9 + 7.249077*x17*x10  - 3.099706*x17*x11 + 0.092432*x17*x12 + 3.153270*x17*x13 + 4.421371*x17*x14  - 1.264504*x17*x15  - 3.952090*x17*x16 + 2.189970*x17*x17  - 1.894005*x17*x18 + 4.185850*x17*x19  - 5.781577*x17*x20 + 5.304120*x17*x21 + 4.762643*x17*x22 + 1.776554*x17*x23  - 6.058365*x17*x24 + 2.372152*x17*x25 + 1.710518*x17*x26  - 2.718233*x17*x27 + 7.296976*x17*x28  - 6.376503*x17*x29 + 3.976547*x17*x30  - 5.364966*x18*x1 + 2.180334*x18*x2  - 6.062340*x18*x3  - 2.396683*x18*x4 + 2.891536*x18*x5  - 5.923067*x18*x6  - 5.334569*x18*x7  - 1.054200*x18*x8  - 1.107558*x18*x9 + 3.942043*x18*x10  - 7.941865*x18*x11  - 0.377473*x18*x12  - 7.528898*x18*x13  - 0.797723*x18*x14 + 2.561366*x18*x15  - 1.882306*x18*x16  - 1.894005*x18*x17  - 0.826187*x18*x18 + 3.123222*x18*x19  - 3.125581*x18*x20 + 7.480317*x18*x21  - 7.881511*x18*x22  - 2.645837*x18*x23  - 2.617365*x18*x24 + 0.891669*x18*x25  - 2.907195*x18*x26 + 3.870149*x18*x27 + 0.404606*x18*x28 + 1.323895*x18*x29  - 9.117640*x18*x30  - 1.168345*x19*x1 + 4.969567*x19*x2  - 1.242234*x19*x3 + 3.837554*x19*x4  - 3.195148*x19*x5  - 0.008294*x19*x6 + 4.493658*x19*x7  - 9.767884*x19*x8 + 5.891699*x19*x9  - 9.066193*x19*x10 + 7.637685*x19*x11  - 4.872987*x19*x12  - 2.950838*x19*x13  - 0.735928*x19*x14  - 1.196024*x19*x15  - 1.089285*x19*x16 + 4.185850*x19*x17 + 3.123222*x19*x18 + 1.313058*x19*x19 + 0.065263*x19*x20  - 1.794892*x19*x21  - 4.361304*x19*x22  - 1.183236*x19*x23  - 5.319358*x19*x24  - 5.511877*x19*x25  - 3.508319*x19*x26 + 1.246034*x19*x27  - 1.150214*x19*x28 + 8.319468*x19*x29  - 4.343202*x19*x30  - 1.163237*x20*x1 + 0.012042*x20*x2  - 0.518506*x20*x3  - 5.688458*x20*x4 + 0.917260*x20*x5  - 6.640603*x20*x6 + 0.951385*x20*x7 + 5.807475*x20*x8 + 3.446754*x20*x9  - 2.571615*x20*x10  - 5.945290*x20*x11  - 3.334620*x20*x12  - 3.980660*x20*x13  - 8.376827*x20*x14  - 7.247404*x20*x15 + 4.814551*x20*x16  - 5.781577*x20*x17  - 3.125581*x20*x18 + 0.065263*x20*x19 + 0.615424*x20*x20 + 5.015186*x20*x21  - 7.003440*x20*x22  - 5.447664*x20*x23 + 2.227403*x20*x24  - 2.240794*x20*x25 + 2.808518*x20*x26 + 5.012725*x20*x27  - 1.241539*x20*x28  - 0.062090*x20*x29  - 4.232902*x20*x30  - 0.003662*x21*x1 + 0.896650*x21*x2 + 1.875285*x21*x3  - 4.663159*x21*x4  - 4.164579*x21*x5 + 3.290013*x21*x6  - 3.466879*x21*x7 + 6.475845*x21*x8 + 1.099332*x21*x9  - 3.024354*x21*x10 + 3.139710*x21*x11 + 8.540034*x21*x12 + 6.280960*x21*x13 + 7.791889*x21*x14  - 4.514225*x21*x15 + 5.104924*x21*x16 + 5.304120*x21*x17 + 7.480317*x21*x18  - 1.794892*x21*x19 + 5.015186*x21*x20  - 3.320964*x21*x21  - 5.416291*x21*x22 + 3.024158*x21*x23 + 1.869629*x21*x24  - 3.373933*x21*x25  - 3.958485*x21*x26 + 5.207418*x21*x27  - 1.053255*x21*x28  - 6.424131*x21*x29  - 0.265139*x21*x30  - 6.805705*x22*x1 + 2.780178*x22*x2 + 0.990161*x22*x3  - 3.550727*x22*x4  - 1.589255*x22*x5  - 2.947119*x22*x6 + 3.094193*x22*x7 + 4.594578*x22*x8 + 4.056981*x22*x9  - 1.978917*x22*x10  - 1.641185*x22*x11 + 0.253801*x22*x12  - 6.337603*x22*x13 + 7.650808*x22*x14 + 1.113208*x22*x15 + 2.637196*x22*x16 + 4.762643*x22*x17  - 7.881511*x22*x18  - 4.361304*x22*x19  - 7.003440*x22*x20  - 5.416291*x22*x21  - 1.728316*x22*x22  - 7.431601*x22*x23 + 3.645524*x22*x24 + 7.267293*x22*x25  - 4.863953*x22*x26  - 3.919837*x22*x27 + 7.124643*x22*x28  - 0.462091*x22*x29 + 8.378251*x22*x30  - 9.002236*x23*x1  - 2.715334*x23*x2 + 0.162878*x23*x3  - 4.108877*x23*x4  - 5.211167*x23*x5  - 1.313509*x23*x6  - 2.874226*x23*x7  - 6.226921*x23*x8  - 0.128197*x23*x9 + 0.616188*x23*x10 + 0.906097*x23*x11 + 2.885983*x23*x12 + 5.217813*x23*x13 + 0.526529*x23*x14 + 2.404571*x23*x15  - 0.114729*x23*x16 + 1.776554*x23*x17  - 2.645837*x23*x18  - 1.183236*x23*x19  - 5.447664*x23*x20 + 3.024158*x23*x21  - 7.431601*x23*x22 + 3.275830*x23*x23  - 0.148312*x23*x24  - 2.212127*x23*x25  - 0.997424*x23*x26  - 7.188287*x23*x27  - 4.660662*x23*x28  - 2.601120*x23*x29  - 2.718785*x23*x30  - 7.573521*x24*x1  - 7.243263*x24*x2 + 3.629894*x24*x3 + 1.714377*x24*x4  - 2.072461*x24*x5  - 0.034960*x24*x6  - 9.434142*x24*x7  - 7.922867*x24*x8  - 3.132463*x24*x9  - 6.506608*x24*x10  - 5.315004*x24*x11 + 9.713441*x24*x12  - 1.173388*x24*x13  - 0.622304*x24*x14 + 0.998529*x24*x15  - 0.758751*x24*x16  - 6.058365*x24*x17  - 2.617365*x24*x18  - 5.319358*x24*x19 + 2.227403*x24*x20 + 1.869629*x24*x21 + 3.645524*x24*x22  - 0.148312*x24*x23  - 0.690939*x24*x24  - 3.061503*x24*x25  - 0.104097*x24*x26 + 3.396412*x24*x27 + 4.282169*x24*x28 + 8.852684*x24*x29 + 1.806393*x24*x30 + 7.195480*x25*x1 + 4.687378*x25*x2  - 8.068607*x25*x3 + 0.576452*x25*x4 + 0.284445*x25*x5 + 3.942081*x25*x6 + 2.368907*x25*x7 + 1.765334*x25*x8  - 2.631865*x25*x9  - 2.854004*x25*x10  - 3.618665*x25*x11  - 0.907096*x25*x12 + 1.896142*x25*x13 + 3.585593*x25*x14 + 0.883323*x25*x15 + 8.386193*x25*x16 + 2.372152*x25*x17 + 0.891669*x25*x18  - 5.511877*x25*x19  - 2.240794*x25*x20  - 3.373933*x25*x21 + 7.267293*x25*x22  - 2.212127*x25*x23  - 3.061503*x25*x24  - 1.436612*x25*x25  - 2.852589*x25*x26  - 1.527005*x25*x27 + 4.310591*x25*x28  - 2.145027*x25*x29  - 0.781968*x25*x30  - 2.860035*x26*x1 + 1.480035*x26*x2 + 1.210678*x26*x3  - 0.823608*x26*x4  - 3.966990*x26*x5  - 0.748981*x26*x6 + 1.067424*x26*x7 + 0.709281*x26*x8  - 4.357923*x26*x9 + 1.586809*x26*x10  - 2.031707*x26*x11  - 3.789213*x26*x12  - 2.534896*x26*x13  - 6.924428*x26*x14 + 4.440600*x26*x15  - 3.517891*x26*x16 + 1.710518*x26*x17  - 2.907195*x26*x18  - 3.508319*x26*x19 + 2.808518*x26*x20  - 3.958485*x26*x21  - 4.863953*x26*x22  - 0.997424*x26*x23  - 0.104097*x26*x24  - 2.852589*x26*x25 + 0.156683*x26*x26 + 1.453211*x26*x27 + 7.280788*x26*x28 + 6.226792*x26*x29 + 0.802342*x26*x30  - 4.436845*x27*x1 + 3.769550*x27*x2  - 1.268260*x27*x3 + 2.603371*x27*x4 + 0.772716*x27*x5 + 7.547569*x27*x6 + 2.460306*x27*x7  - 6.203315*x27*x8 + 5.461318*x27*x9 + 7.797178*x27*x10  - 1.866074*x27*x11 + 0.699692*x27*x12  - 3.024115*x27*x13  - 4.522422*x27*x14 + 9.114841*x27*x15 + 2.451718*x27*x16  - 2.718233*x27*x17 + 3.870149*x27*x18 + 1.246034*x27*x19 + 5.012725*x27*x20 + 5.207418*x27*x21  - 3.919837*x27*x22  - 7.188287*x27*x23 + 3.396412*x27*x24  - 1.527005*x27*x25 + 1.453211*x27*x26  - 0.200713*x27*x27  - 8.972170*x27*x28  - 1.934454*x27*x29  - 6.207771*x27*x30  - 1.082679*x28*x1 + 0.639915*x28*x2  - 7.343040*x28*x3  - 1.729756*x28*x4  - 7.896770*x28*x5 + 1.680331*x28*x6  - 4.707971*x28*x7 + 3.872404*x28*x8  - 7.382448*x28*x9 + 7.419701*x28*x10 + 3.106077*x28*x11 + 1.986751*x28*x12 + 1.087064*x28*x13  - 0.341052*x28*x14  - 6.960995*x28*x15 + 4.483302*x28*x16 + 7.296976*x28*x17 + 0.404606*x28*x18  - 1.150214*x28*x19  - 1.241539*x28*x20  - 1.053255*x28*x21 + 7.124643*x28*x22  - 4.660662*x28*x23 + 4.282169*x28*x24 + 4.310591*x28*x25 + 7.280788*x28*x26  - 8.972170*x28*x27 + 3.780692*x28*x28  - 4.909705*x28*x29  - 0.334443*x28*x30 + 2.026943*x29*x1 + 6.331872*x29*x2 + 4.987024*x29*x3  - 4.165431*x29*x4  - 6.258556*x29*x5  - 4.392648*x29*x6  - 6.264540*x29*x7 + 0.668647*x29*x8 + 2.734975*x29*x9 + 0.958911*x29*x10  - 5.581980*x29*x11 + 1.619265*x29*x12  - 2.145653*x29*x13 + 4.922961*x29*x14 + 1.547218*x29*x15  - 1.384624*x29*x16  - 6.376503*x29*x17 + 1.323895*x29*x18 + 8.319468*x29*x19  - 0.062090*x29*x20  - 6.424131*x29*x21  - 0.462091*x29*x22  - 2.601120*x29*x23 + 8.852684*x29*x24  - 2.145027*x29*x25 + 6.226792*x29*x26  - 1.934454*x29*x27  - 4.909705*x29*x28 + 0.041169*x29*x29 + 2.441970*x29*x30  - 1.265974*x30*x1 + 3.330141*x30*x2  - 0.745444*x30*x3  - 6.613693*x30*x4  - 2.148947*x30*x5  - 3.289189*x30*x6  - 0.537448*x30*x7 + 2.248063*x30*x8  - 5.085460*x30*x9 + 0.093158*x30*x10  - 6.622276*x30*x11 + 7.639300*x30*x12 + 0.707150*x30*x13 + 3.288696*x30*x14 + 1.823886*x30*x15  - 3.053213*x30*x16 + 3.976547*x30*x17  - 9.117640*x30*x18  - 4.343202*x30*x19  - 4.232902*x30*x20  - 0.265139*x30*x21 + 8.378251*x30*x22  - 2.718785*x30*x23 + 1.806393*x30*x24  - 0.781968*x30*x25 + 0.802342*x30*x26  - 6.207771*x30*x27  - 0.334443*x30*x28 + 2.441970*x30*x29  - 1.099637*x30*x30 ;
