OPTIONS {
 MaxTime: 10000;
 EpsR: 0.000001;
 }
 
VARIABLES	x1,x2,x3,x4,x5,x6,x7,x8,x9,x10,x11,x12,x13,x14,x15,x16,x17,x18,x19,x20,x21,x22,x23,x24,x25,x26,x27,x28,x29,x30;
LOWER_BOUNDS {
x1: 0.000000;
x2: 0.000000;
x3: 0.000000;
x4: 0.000000;
x5: 0.000000;
x6: 0.000000;
x7: 0.000000;
x8: 0.000000;
x9: 0.000000;
x10: 0.000000;
x11: 0.000000;
x12: 0.000000;
x13: 0.000000;
x14: 0.000000;
x15: 0.000000;
x16: 0.000000;
x17: 0.000000;
x18: 0.000000;
x19: 0.000000;
x20: 0.000000;
x21: 0.000000;
x22: 0.000000;
x23: 0.000000;
x24: 0.000000;
x25: 0.000000;
x26: 0.000000;
x27: 0.000000;
x28: 0.000000;
x29: 0.000000;
x30: 0.000000;
}

UPPER_BOUNDS {
x1: 1.000000;
x2: 1.000000;
x3: 1.000000;
x4: 1.000000;
x5: 1.000000;
x6: 1.000000;
x7: 1.000000;
x8: 1.000000;
x9: 1.000000;
x10: 1.000000;
x11: 1.000000;
x12: 1.000000;
x13: 1.000000;
x14: 1.000000;
x15: 1.000000;
x16: 1.000000;
x17: 1.000000;
x18: 1.000000;
x19: 1.000000;
x20: 1.000000;
x21: 1.000000;
x22: 1.000000;
x23: 1.000000;
x24: 1.000000;
x25: 1.000000;
x26: 1.000000;
x27: 1.000000;
x28: 1.000000;
x29: 1.000000;
x30: 1.000000;
}

EQUATIONS e1;

e1:  1.000000*x1  + 1.000000*x2  + 1.000000*x3  + 1.000000*x4  + 1.000000*x5  + 1.000000*x6  + 1.000000*x7  + 1.000000*x8  + 1.000000*x9  + 1.000000*x10  + 1.000000*x11  + 1.000000*x12  + 1.000000*x13  + 1.000000*x14  + 1.000000*x15  + 1.000000*x16  + 1.000000*x17  + 1.000000*x18  + 1.000000*x19  + 1.000000*x20  + 1.000000*x21  + 1.000000*x22  + 1.000000*x23  + 1.000000*x24  + 1.000000*x25  + 1.000000*x26  + 1.000000*x27  + 1.000000*x28  + 1.000000*x29  + 1.000000*x30  == 1.000000;

OBJ: minimize	 1.946003*x1*x1 + 4.559907*x1*x2 + 5.869414*x1*x3 + 4.758547*x1*x4 + 7.336606*x1*x5 + 3.371110*x1*x6 + 2.579189*x1*x7 + 4.724515*x1*x8 + 6.168516*x1*x9 + 7.776600*x1*x10 + 5.817268*x1*x11 + 4.102714*x1*x12 + 6.815934*x1*x13 + 2.117203*x1*x14 + 3.522044*x1*x15 + 8.165909*x1*x16 + 5.366682*x1*x17 + 6.214126*x1*x18 + 7.361847*x1*x19 + 7.625534*x1*x20 + 6.606302*x1*x21 + 9.206416*x1*x22 + 2.824868*x1*x23 + 3.002342*x1*x24 + 6.143315*x1*x25 + 5.762164*x1*x26 + 1.619185*x1*x27 + 4.490462*x1*x28 + 8.799382*x1*x29 + 4.704549*x1*x30 + 4.559907*x2*x1 + 2.625193*x2*x2 + 1.694840*x2*x3 + 9.690381*x2*x4 + 2.543234*x2*x5 + 8.606336*x2*x6 + 2.122164*x2*x7 + 6.232381*x2*x8 + 2.302917*x2*x9 + 3.226110*x2*x10 + 6.951225*x2*x11 + 5.075087*x2*x12 + 4.945313*x2*x13 + 4.146688*x2*x14 + 3.866415*x2*x15 + 2.586668*x2*x16 + 6.740402*x2*x17 + 5.149152*x2*x18 + 3.307655*x2*x19 + 8.665015*x2*x20 + 5.991910*x2*x21 + 3.733464*x2*x22 + 4.977998*x2*x23 + 2.903440*x2*x24 + 3.602099*x2*x25 + 8.248178*x2*x26 + 5.984550*x2*x27 + 5.516175*x2*x28 + 7.348181*x2*x29 + 1.348463*x2*x30 + 5.869414*x3*x1 + 1.694840*x3*x2 + 3.775737*x3*x3 + 2.914055*x3*x4 + 4.813522*x3*x5 + 3.944673*x3*x6 + 2.943689*x3*x7 + 4.810076*x3*x8 + 4.319820*x3*x9 + 3.363600*x3*x10 + 2.624819*x3*x11 + 4.671765*x3*x12 + 1.215493*x3*x13 + 4.426623*x3*x14 + 3.341428*x3*x15 + 9.066838*x3*x16 + 3.099187*x3*x17 + 6.203514*x3*x18 + 4.641095*x3*x19 + 3.719618*x3*x20 + 4.672766*x3*x21 + 5.930732*x3*x22 + 4.501592*x3*x23 + 5.034189*x3*x24 + 1.540848*x3*x25 + 6.303331*x3*x26 + 1.588820*x3*x27 + 7.055143*x3*x28 + 4.349611*x3*x29 + 1.756533*x3*x30 + 4.758547*x4*x1 + 9.690381*x4*x2 + 2.914055*x4*x3 + 1.143308*x4*x4 + 5.163722*x4*x5 + 2.774848*x4*x6 + 8.481335*x4*x7 + 6.876672*x4*x8 + 8.161434*x4*x9 + 8.192980*x4*x10 + 3.889917*x4*x11 + 5.700233*x4*x12 + 4.173766*x4*x13 + 3.577266*x4*x14 + 5.024025*x4*x15 + 5.606020*x4*x16 + 3.545757*x4*x17 + 8.538087*x4*x18 + 1.254381*x4*x19 + 5.819686*x4*x20 + 6.270815*x4*x21 + 4.814766*x4*x22 + 8.040746*x4*x23 + 7.625108*x4*x24 + 9.349244*x4*x25 + 5.488507*x4*x26 + 4.072850*x4*x27 + 7.369633*x4*x28 + 7.734716*x4*x29 + 4.060632*x4*x30 + 7.336606*x5*x1 + 2.543234*x5*x2 + 4.813522*x5*x3 + 5.163722*x5*x4 + 1.721019*x5*x5 + 6.941548*x5*x6 + 4.838751*x5*x7 + 2.634949*x5*x8 + 8.179950*x5*x9 + 4.918450*x5*x10 + 3.931549*x5*x11 + 5.544803*x5*x12 + 5.602273*x5*x13 + 4.034616*x5*x14 + 6.340476*x5*x15 + 4.714851*x5*x16 + 6.078631*x5*x17 + 6.325020*x5*x18 + 9.024501*x5*x19 + 2.075193*x5*x20 + 6.093414*x5*x21 + 3.559299*x5*x22 + 7.611204*x5*x23 + 8.077329*x5*x24 + 5.304960*x5*x25 + 5.409113*x5*x26 + 0.995358*x5*x27 + 2.482211*x5*x28 + 5.585020*x5*x29 + 3.374312*x5*x30 + 3.371110*x6*x1 + 8.606336*x6*x2 + 3.944673*x6*x3 + 2.774848*x6*x4 + 6.941548*x6*x5 + 3.058449*x6*x6 + 4.154859*x6*x7 + 9.612739*x6*x8 + 4.721040*x6*x9 + 7.983730*x6*x10 + 5.638342*x6*x11 + 2.151299*x6*x12 + 2.799438*x6*x13 + 8.405728*x6*x14 + 1.571317*x6*x15 + 1.351228*x6*x16 + 5.138007*x6*x17 + 8.394446*x6*x18 + 5.328940*x6*x19 + 5.160500*x6*x20 + 8.388935*x6*x21 + 1.213905*x6*x22 + 4.140534*x6*x23 + 6.975948*x6*x24 + 0.550615*x6*x25 + 7.006758*x6*x26 + 4.405916*x6*x27 + 5.006401*x6*x28 + 5.364547*x6*x29 + 5.325002*x6*x30 + 2.579189*x7*x1 + 2.122164*x7*x2 + 2.943689*x7*x3 + 8.481335*x7*x4 + 4.838751*x7*x5 + 4.154859*x7*x6 + 3.811703*x7*x7 + 4.948733*x7*x8 + 6.252349*x7*x9 + 9.261736*x7*x10 + 1.124944*x7*x11 + 1.962513*x7*x12 + 0.277208*x7*x13 + 6.989602*x7*x14 + 0.608195*x7*x15 + 5.038236*x7*x16 + 7.235379*x7*x17 + 5.473184*x7*x18 + 7.621188*x7*x19 + 5.145863*x7*x20 + 6.623700*x7*x21 + 4.821264*x7*x22 + 5.657662*x7*x23 + 7.770755*x7*x24 + 7.271938*x7*x25 + 9.125903*x7*x26 + 5.798368*x7*x27 + 5.246587*x7*x28 + 5.212697*x7*x29 + 2.766320*x7*x30 + 4.724515*x8*x1 + 6.232381*x8*x2 + 4.810076*x8*x3 + 6.876672*x8*x4 + 2.634949*x8*x5 + 9.612739*x8*x6 + 4.948733*x8*x7 + 1.940892*x8*x8 + 6.811165*x8*x9 + 6.226864*x8*x10 + 6.008485*x8*x11 + 1.561320*x8*x12 + 6.785169*x8*x13 + 4.750247*x8*x14 + 4.947169*x8*x15 + 4.557354*x8*x16 + 6.084619*x8*x17 + 7.769853*x8*x18 + 5.598814*x8*x19 + 4.177505*x8*x20 + 4.947192*x8*x21 + 7.346556*x8*x22 + 7.291623*x8*x23 + 4.311164*x8*x24 + 6.931776*x8*x25 + 7.530860*x8*x26 + 5.385422*x8*x27 + 2.581035*x8*x28 + 1.724185*x8*x29 + 5.960030*x8*x30 + 6.168516*x9*x1 + 2.302917*x9*x2 + 4.319820*x9*x3 + 8.161434*x9*x4 + 8.179950*x9*x5 + 4.721040*x9*x6 + 6.252349*x9*x7 + 6.811165*x9*x8 + 1.139900*x9*x9 + 6.224269*x9*x10 + 3.744757*x9*x11 + 5.416297*x9*x12 + 3.467529*x9*x13 + 4.731795*x9*x14 + 3.990526*x9*x15 + 6.204970*x9*x16 + 2.564327*x9*x17 + 3.177806*x9*x18 + 8.958305*x9*x19 + 5.402585*x9*x20 + 6.271788*x9*x21 + 1.503308*x9*x22 + 5.522109*x9*x23 + 3.300142*x9*x24 + 7.904728*x9*x25 + 2.450163*x9*x26 + 2.412701*x9*x27 + 4.272418*x9*x28 + 2.810974*x9*x29 + 3.712165*x9*x30 + 7.776600*x10*x1 + 3.226110*x10*x2 + 3.363600*x10*x3 + 8.192980*x10*x4 + 4.918450*x10*x5 + 7.983730*x10*x6 + 9.261736*x10*x7 + 6.226864*x10*x8 + 6.224269*x10*x9 + 2.724285*x10*x10 + 1.089764*x10*x11 + 3.040665*x10*x12 + 3.863090*x10*x13 + 2.925086*x10*x14 + 8.270002*x10*x15 + 3.916697*x10*x16 + 6.421400*x10*x17 + 8.402747*x10*x18 + 7.120132*x10*x19 + 3.220507*x10*x20 + 2.086777*x10*x21 + 6.086549*x10*x22 + 7.165416*x10*x23 + 4.986106*x10*x24 + 6.055585*x10*x25 + 4.750343*x10*x26 + 2.914951*x10*x27 + 2.664808*x10*x28 + 1.683198*x10*x29 + 6.931977*x10*x30 + 5.817268*x11*x1 + 6.951225*x11*x2 + 2.624819*x11*x3 + 3.889917*x11*x4 + 3.931549*x11*x5 + 5.638342*x11*x6 + 1.124944*x11*x7 + 6.008485*x11*x8 + 3.744757*x11*x9 + 1.089764*x11*x10 + 2.036121*x11*x11 + 1.678142*x11*x12 + 3.082772*x11*x13 + 3.707722*x11*x14 + 5.205147*x11*x15 + 6.031538*x11*x16 + 3.283922*x11*x17 + 6.749832*x11*x18 + 6.946861*x11*x19 + 3.738840*x11*x20 + 1.974962*x11*x21 + 8.492985*x11*x22 + 4.585952*x11*x23 + 1.837519*x11*x24 + 4.976506*x11*x25 + 7.118016*x11*x26 + 2.611846*x11*x27 + 5.213733*x11*x28 + 5.210600*x11*x29 + 5.963907*x11*x30 + 4.102714*x12*x1 + 5.075087*x12*x2 + 4.671765*x12*x3 + 5.700233*x12*x4 + 5.544803*x12*x5 + 2.151299*x12*x6 + 1.962513*x12*x7 + 1.561320*x12*x8 + 5.416297*x12*x9 + 3.040665*x12*x10 + 1.678142*x12*x11 + 1.700873*x12*x12 + 6.632024*x12*x13 + 4.654819*x12*x14 + 2.959017*x12*x15 + 5.191501*x12*x16 + 3.017983*x12*x17 + 7.119817*x12*x18 + 4.997173*x12*x19 + 4.189742*x12*x20 + 3.091821*x12*x21 + 1.166397*x12*x22 + 4.794758*x12*x23 + 6.089940*x12*x24 + 6.637571*x12*x25 + 6.289988*x12*x26 + 7.767855*x12*x27 + 3.239431*x12*x28 + 5.946205*x12*x29 + 1.340352*x12*x30 + 6.815934*x13*x1 + 4.945313*x13*x2 + 1.215493*x13*x3 + 4.173766*x13*x4 + 5.602273*x13*x5 + 2.799438*x13*x6 + 0.277208*x13*x7 + 6.785169*x13*x8 + 3.467529*x13*x9 + 3.863090*x13*x10 + 3.082772*x13*x11 + 6.632024*x13*x12 + 3.885410*x13*x13 + 6.358805*x13*x14 + 4.718777*x13*x15 + 4.304795*x13*x16 + 5.231630*x13*x17 + 3.309472*x13*x18 + 1.943460*x13*x19 + 6.362745*x13*x20 + 5.026853*x13*x21 + 2.294682*x13*x22 + 2.681017*x13*x23 + 3.880145*x13*x24 + 3.677487*x13*x25 + 7.733190*x13*x26 + 2.675891*x13*x27 + 7.012360*x13*x28 + 4.050273*x13*x29 + 5.279638*x13*x30 + 2.117203*x14*x1 + 4.146688*x14*x2 + 4.426623*x14*x3 + 3.577266*x14*x4 + 4.034616*x14*x5 + 8.405728*x14*x6 + 6.989602*x14*x7 + 4.750247*x14*x8 + 4.731795*x14*x9 + 2.925086*x14*x10 + 3.707722*x14*x11 + 4.654819*x14*x12 + 6.358805*x14*x13 + 2.494358*x14*x14 + 5.080754*x14*x15 + 2.155015*x14*x16 + 4.543622*x14*x17 + 3.760816*x14*x18 + 8.043994*x14*x19 + 1.553311*x14*x20 + 4.858388*x14*x21 + 4.329185*x14*x22 + 3.069540*x14*x23 + 2.345307*x14*x24 + 3.506348*x14*x25 + 5.189166*x14*x26 + 5.942678*x14*x27 + 3.776974*x14*x28 + 7.672554*x14*x29 + 3.249934*x14*x30 + 3.522044*x15*x1 + 3.866415*x15*x2 + 3.341428*x15*x3 + 5.024025*x15*x4 + 6.340476*x15*x5 + 1.571317*x15*x6 + 0.608195*x15*x7 + 4.947169*x15*x8 + 3.990526*x15*x9 + 8.270002*x15*x10 + 5.205147*x15*x11 + 2.959017*x15*x12 + 4.718777*x15*x13 + 5.080754*x15*x14 + 4.215027*x15*x15 + 6.143585*x15*x16 + 8.968918*x15*x17 + 1.919702*x15*x18 + 5.133844*x15*x19 + 4.881735*x15*x20 + 5.371014*x15*x21 + 5.003895*x15*x22 + 3.541029*x15*x23 + 4.323851*x15*x24 + 6.318602*x15*x25 + 1.894658*x15*x26 + 2.474622*x15*x27 + 5.226920*x15*x28 + 4.118441*x15*x29 + 6.436687*x15*x30 + 8.165909*x16*x1 + 2.586668*x16*x2 + 9.066838*x16*x3 + 5.606020*x16*x4 + 4.714851*x16*x5 + 1.351228*x16*x6 + 5.038236*x16*x7 + 4.557354*x16*x8 + 6.204970*x16*x9 + 3.916697*x16*x10 + 6.031538*x16*x11 + 5.191501*x16*x12 + 4.304795*x16*x13 + 2.155015*x16*x14 + 6.143585*x16*x15 + 1.803003*x16*x16 + 4.711266*x16*x17 + 5.762692*x16*x18 + 3.049051*x16*x19 + 5.282390*x16*x20 + 5.212892*x16*x21 + 8.296301*x16*x22 + 1.293386*x16*x23 + 4.215421*x16*x24 + 5.326240*x16*x25 + 4.804298*x16*x26 + 3.076458*x16*x27 + 5.603849*x16*x28 + 4.992917*x16*x29 + 1.642566*x16*x30 + 5.366682*x17*x1 + 6.740402*x17*x2 + 3.099187*x17*x3 + 3.545757*x17*x4 + 6.078631*x17*x5 + 5.138007*x17*x6 + 7.235379*x17*x7 + 6.084619*x17*x8 + 2.564327*x17*x9 + 6.421400*x17*x10 + 3.283922*x17*x11 + 3.017983*x17*x12 + 5.231630*x17*x13 + 4.543622*x17*x14 + 8.968918*x17*x15 + 4.711266*x17*x16 + 2.759350*x17*x17 + 4.336605*x17*x18 + 5.091991*x17*x19 + 7.069064*x17*x20 + 6.792239*x17*x21 + 8.556714*x17*x22 + 4.219493*x17*x23 + 0.644386*x17*x24 + 8.365649*x17*x25 + 5.118417*x17*x26 + 4.102359*x17*x27 + 2.918454*x17*x28 + 3.503348*x17*x29 + 3.494081*x17*x30 + 6.214126*x18*x1 + 5.149152*x18*x2 + 6.203514*x18*x3 + 8.538087*x18*x4 + 6.325020*x18*x5 + 8.394446*x18*x6 + 5.473184*x18*x7 + 7.769853*x18*x8 + 3.177806*x18*x9 + 8.402747*x18*x10 + 6.749832*x18*x11 + 7.119817*x18*x12 + 3.309472*x18*x13 + 3.760816*x18*x14 + 1.919702*x18*x15 + 5.762692*x18*x16 + 4.336605*x18*x17 + 2.628495*x18*x18 + 1.729191*x18*x19 + 4.152662*x18*x20 + 9.066982*x18*x21 + 6.210214*x18*x22 + 1.585661*x18*x23 + 1.842715*x18*x24 + 7.665491*x18*x25 + 1.889450*x18*x26 + 6.429849*x18*x27 + 5.022436*x18*x28 + 9.408066*x18*x29 + 2.986252*x18*x30 + 7.361847*x19*x1 + 3.307655*x19*x2 + 4.641095*x19*x3 + 1.254381*x19*x4 + 9.024501*x19*x5 + 5.328940*x19*x6 + 7.621188*x19*x7 + 5.598814*x19*x8 + 8.958305*x19*x9 + 7.120132*x19*x10 + 6.946861*x19*x11 + 4.997173*x19*x12 + 1.943460*x19*x13 + 8.043994*x19*x14 + 5.133844*x19*x15 + 3.049051*x19*x16 + 5.091991*x19*x17 + 1.729191*x19*x18 + 2.726588*x19*x19 + 8.808161*x19*x20 + 1.473226*x19*x21 + 4.493921*x19*x22 + 8.322057*x19*x23 + 5.389150*x19*x24 + 7.316187*x19*x25 + 6.691417*x19*x26 + 4.211278*x19*x27 + 6.584483*x19*x28 + 6.247210*x19*x29 + 3.117010*x19*x30 + 7.625534*x20*x1 + 8.665015*x20*x2 + 3.719618*x20*x3 + 5.819686*x20*x4 + 2.075193*x20*x5 + 5.160500*x20*x6 + 5.145863*x20*x7 + 4.177505*x20*x8 + 5.402585*x20*x9 + 3.220507*x20*x10 + 3.738840*x20*x11 + 4.189742*x20*x12 + 6.362745*x20*x13 + 1.553311*x20*x14 + 4.881735*x20*x15 + 5.282390*x20*x16 + 7.069064*x20*x17 + 4.152662*x20*x18 + 8.808161*x20*x19 + 2.595198*x20*x20 + 2.540429*x20*x21 + 8.535140*x20*x22 + 7.473522*x20*x23 + 4.168648*x20*x24 + 9.097762*x20*x25 + 5.812658*x20*x26 + 7.455237*x20*x27 + 6.577793*x20*x28 + 7.346323*x20*x29 + 3.790351*x20*x30 + 6.606302*x21*x1 + 5.991910*x21*x2 + 4.672766*x21*x3 + 6.270815*x21*x4 + 6.093414*x21*x5 + 8.388935*x21*x6 + 6.623700*x21*x7 + 4.947192*x21*x8 + 6.271788*x21*x9 + 2.086777*x21*x10 + 1.974962*x21*x11 + 3.091821*x21*x12 + 5.026853*x21*x13 + 4.858388*x21*x14 + 5.371014*x21*x15 + 5.212892*x21*x16 + 6.792239*x21*x17 + 9.066982*x21*x18 + 1.473226*x21*x19 + 2.540429*x21*x20 + 1.834658*x21*x21 + 4.267874*x21*x22 + 0.749793*x21*x23 + 4.748024*x21*x24 + 4.232995*x21*x25 + 5.521942*x21*x26 + 9.251820*x21*x27 + 4.031097*x21*x28 + 4.568222*x21*x29 + 2.592786*x21*x30 + 9.206416*x22*x1 + 3.733464*x22*x2 + 5.930732*x22*x3 + 4.814766*x22*x4 + 3.559299*x22*x5 + 1.213905*x22*x6 + 4.821264*x22*x7 + 7.346556*x22*x8 + 1.503308*x22*x9 + 6.086549*x22*x10 + 8.492985*x22*x11 + 1.166397*x22*x12 + 2.294682*x22*x13 + 4.329185*x22*x14 + 5.003895*x22*x15 + 8.296301*x22*x16 + 8.556714*x22*x17 + 6.210214*x22*x18 + 4.493921*x22*x19 + 8.535140*x22*x20 + 4.267874*x22*x21 + 3.825671*x22*x22 + 6.434091*x22*x23 + 2.702055*x22*x24 + 3.595340*x22*x25 + 8.773831*x22*x26 + 8.881120*x22*x27 + 3.615769*x22*x28 + 5.641449*x22*x29 + 5.556695*x22*x30 + 2.824868*x23*x1 + 4.977998*x23*x2 + 4.501592*x23*x3 + 8.040746*x23*x4 + 7.611204*x23*x5 + 4.140534*x23*x6 + 5.657662*x23*x7 + 7.291623*x23*x8 + 5.522109*x23*x9 + 7.165416*x23*x10 + 4.585952*x23*x11 + 4.794758*x23*x12 + 2.681017*x23*x13 + 3.069540*x23*x14 + 3.541029*x23*x15 + 1.293386*x23*x16 + 4.219493*x23*x17 + 1.585661*x23*x18 + 8.322057*x23*x19 + 7.473522*x23*x20 + 0.749793*x23*x21 + 6.434091*x23*x22 + 3.288942*x23*x23 + 5.214864*x23*x24 + 1.926360*x23*x25 + 4.859200*x23*x26 + 4.709324*x23*x27 + 3.541411*x23*x28 + 5.489619*x23*x29 + 4.556652*x23*x30 + 3.002342*x24*x1 + 2.903440*x24*x2 + 5.034189*x24*x3 + 7.625108*x24*x4 + 8.077329*x24*x5 + 6.975948*x24*x6 + 7.770755*x24*x7 + 4.311164*x24*x8 + 3.300142*x24*x9 + 4.986106*x24*x10 + 1.837519*x24*x11 + 6.089940*x24*x12 + 3.880145*x24*x13 + 2.345307*x24*x14 + 4.323851*x24*x15 + 4.215421*x24*x16 + 0.644386*x24*x17 + 1.842715*x24*x18 + 5.389150*x24*x19 + 4.168648*x24*x20 + 4.748024*x24*x21 + 2.702055*x24*x22 + 5.214864*x24*x23 + 1.810713*x24*x24 + 4.680153*x24*x25 + 9.440530*x24*x26 + 4.778208*x24*x27 + 4.491221*x24*x28 + 4.101671*x24*x29 + 4.190464*x24*x30 + 6.143315*x25*x1 + 3.602099*x25*x2 + 1.540848*x25*x3 + 9.349244*x25*x4 + 5.304960*x25*x5 + 0.550615*x25*x6 + 7.271938*x25*x7 + 6.931776*x25*x8 + 7.904728*x25*x9 + 6.055585*x25*x10 + 4.976506*x25*x11 + 6.637571*x25*x12 + 3.677487*x25*x13 + 3.506348*x25*x14 + 6.318602*x25*x15 + 5.326240*x25*x16 + 8.365649*x25*x17 + 7.665491*x25*x18 + 7.316187*x25*x19 + 9.097762*x25*x20 + 4.232995*x25*x21 + 3.595340*x25*x22 + 1.926360*x25*x23 + 4.680153*x25*x24 + 1.891177*x25*x25 + 3.379874*x25*x26 + 3.240428*x25*x27 + 3.790165*x25*x28 + 7.666411*x25*x29 + 4.165125*x25*x30 + 5.762164*x26*x1 + 8.248178*x26*x2 + 6.303331*x26*x3 + 5.488507*x26*x4 + 5.409113*x26*x5 + 7.006758*x26*x6 + 9.125903*x26*x7 + 7.530860*x26*x8 + 2.450163*x26*x9 + 4.750343*x26*x10 + 7.118016*x26*x11 + 6.289988*x26*x12 + 7.733190*x26*x13 + 5.189166*x26*x14 + 1.894658*x26*x15 + 4.804298*x26*x16 + 5.118417*x26*x17 + 1.889450*x26*x18 + 6.691417*x26*x19 + 5.812658*x26*x20 + 5.521942*x26*x21 + 8.773831*x26*x22 + 4.859200*x26*x23 + 9.440530*x26*x24 + 3.379874*x26*x25 + 2.616589*x26*x26 + 3.995491*x26*x27 + 6.176244*x26*x28 + 4.698145*x26*x29 + 7.217882*x26*x30 + 1.619185*x27*x1 + 5.984550*x27*x2 + 1.588820*x27*x3 + 4.072850*x27*x4 + 0.995358*x27*x5 + 4.405916*x27*x6 + 5.798368*x27*x7 + 5.385422*x27*x8 + 2.412701*x27*x9 + 2.914951*x27*x10 + 2.611846*x27*x11 + 7.767855*x27*x12 + 2.675891*x27*x13 + 5.942678*x27*x14 + 2.474622*x27*x15 + 3.076458*x27*x16 + 4.102359*x27*x17 + 6.429849*x27*x18 + 4.211278*x27*x19 + 7.455237*x27*x20 + 9.251820*x27*x21 + 8.881120*x27*x22 + 4.709324*x27*x23 + 4.778208*x27*x24 + 3.240428*x27*x25 + 3.995491*x27*x26 + 1.403469*x27*x27 + 3.057524*x27*x28 + 1.583227*x27*x29 + 1.696174*x27*x30 + 4.490462*x28*x1 + 5.516175*x28*x2 + 7.055143*x28*x3 + 7.369633*x28*x4 + 2.482211*x28*x5 + 5.006401*x28*x6 + 5.246587*x28*x7 + 2.581035*x28*x8 + 4.272418*x28*x9 + 2.664808*x28*x10 + 5.213733*x28*x11 + 3.239431*x28*x12 + 7.012360*x28*x13 + 3.776974*x28*x14 + 5.226920*x28*x15 + 5.603849*x28*x16 + 2.918454*x28*x17 + 5.022436*x28*x18 + 6.584483*x28*x19 + 6.577793*x28*x20 + 4.031097*x28*x21 + 3.615769*x28*x22 + 3.541411*x28*x23 + 4.491221*x28*x24 + 3.790165*x28*x25 + 6.176244*x28*x26 + 3.057524*x28*x27 + 3.008377*x28*x28 + 3.952908*x28*x29 + 4.967555*x28*x30 + 8.799382*x29*x1 + 7.348181*x29*x2 + 4.349611*x29*x3 + 7.734716*x29*x4 + 5.585020*x29*x5 + 5.364547*x29*x6 + 5.212697*x29*x7 + 1.724185*x29*x8 + 2.810974*x29*x9 + 1.683198*x29*x10 + 5.210600*x29*x11 + 5.946205*x29*x12 + 4.050273*x29*x13 + 7.672554*x29*x14 + 4.118441*x29*x15 + 4.992917*x29*x16 + 3.503348*x29*x17 + 9.408066*x29*x18 + 6.247210*x29*x19 + 7.346323*x29*x20 + 4.568222*x29*x21 + 5.641449*x29*x22 + 5.489619*x29*x23 + 4.101671*x29*x24 + 7.666411*x29*x25 + 4.698145*x29*x26 + 1.583227*x29*x27 + 3.952908*x29*x28 + 3.251029*x29*x29 + 6.502596*x29*x30 + 4.704549*x30*x1 + 1.348463*x30*x2 + 1.756533*x30*x3 + 4.060632*x30*x4 + 3.374312*x30*x5 + 5.325002*x30*x6 + 2.766320*x30*x7 + 5.960030*x30*x8 + 3.712165*x30*x9 + 6.931977*x30*x10 + 5.963907*x30*x11 + 1.340352*x30*x12 + 5.279638*x30*x13 + 3.249934*x30*x14 + 6.436687*x30*x15 + 1.642566*x30*x16 + 3.494081*x30*x17 + 2.986252*x30*x18 + 3.117010*x30*x19 + 3.790351*x30*x20 + 2.592786*x30*x21 + 5.556695*x30*x22 + 4.556652*x30*x23 + 4.190464*x30*x24 + 4.165125*x30*x25 + 7.217882*x30*x26 + 1.696174*x30*x27 + 4.967555*x30*x28 + 6.502596*x30*x29 + 0.610966*x30*x30 ;
