OPTIONS {
 MaxTime: 10000;
 EpsR: 0.000001;
 }
 
VARIABLES	x1,x2,x3,x4,x5,x6,x7,x8,x9,x10,x11,x12,x13,x14,x15,x16,x17,x18,x19,x20,x21,x22,x23,x24,x25,x26,x27,x28,x29,x30;
LOWER_BOUNDS {
x1: 0.000000;
x2: 0.000000;
x3: 0.000000;
x4: 0.000000;
x5: 0.000000;
x6: 0.000000;
x7: 0.000000;
x8: 0.000000;
x9: 0.000000;
x10: 0.000000;
x11: 0.000000;
x12: 0.000000;
x13: 0.000000;
x14: 0.000000;
x15: 0.000000;
x16: 0.000000;
x17: 0.000000;
x18: 0.000000;
x19: 0.000000;
x20: 0.000000;
x21: 0.000000;
x22: 0.000000;
x23: 0.000000;
x24: 0.000000;
x25: 0.000000;
x26: 0.000000;
x27: 0.000000;
x28: 0.000000;
x29: 0.000000;
x30: 0.000000;
}

UPPER_BOUNDS {
x1: 1.000000;
x2: 1.000000;
x3: 1.000000;
x4: 1.000000;
x5: 1.000000;
x6: 1.000000;
x7: 1.000000;
x8: 1.000000;
x9: 1.000000;
x10: 1.000000;
x11: 1.000000;
x12: 1.000000;
x13: 1.000000;
x14: 1.000000;
x15: 1.000000;
x16: 1.000000;
x17: 1.000000;
x18: 1.000000;
x19: 1.000000;
x20: 1.000000;
x21: 1.000000;
x22: 1.000000;
x23: 1.000000;
x24: 1.000000;
x25: 1.000000;
x26: 1.000000;
x27: 1.000000;
x28: 1.000000;
x29: 1.000000;
x30: 1.000000;
}

EQUATIONS e1;

e1:  1.000000*x1  + 1.000000*x2  + 1.000000*x3  + 1.000000*x4  + 1.000000*x5  + 1.000000*x6  + 1.000000*x7  + 1.000000*x8  + 1.000000*x9  + 1.000000*x10  + 1.000000*x11  + 1.000000*x12  + 1.000000*x13  + 1.000000*x14  + 1.000000*x15  + 1.000000*x16  + 1.000000*x17  + 1.000000*x18  + 1.000000*x19  + 1.000000*x20  + 1.000000*x21  + 1.000000*x22  + 1.000000*x23  + 1.000000*x24  + 1.000000*x25  + 1.000000*x26  + 1.000000*x27  + 1.000000*x28  + 1.000000*x29  + 1.000000*x30  == 1.000000;

OBJ: minimize	 - 1.434700*x1*x1 + 0.437603*x1*x2 + 4.590030*x1*x3  - 6.075884*x1*x4 + 4.511461*x1*x5 + 6.887052*x1*x6 + 4.335201*x1*x7 + 5.599572*x1*x8 + 1.547397*x1*x9  - 3.076464*x1*x10  - 0.069049*x1*x11 + 3.584203*x1*x12 + 0.662665*x1*x13 + 0.927325*x1*x14  - 4.970414*x1*x15 + 2.740509*x1*x16  - 1.426683*x1*x17 + 1.999092*x1*x18  - 3.109513*x1*x19  - 1.167420*x1*x20  - 9.252701*x1*x21  - 5.991726*x1*x22  - 5.192707*x1*x23 + 3.282963*x1*x24  - 5.609369*x1*x25  - 2.236913*x1*x26  - 4.183869*x1*x27  - 4.894645*x1*x28  - 0.743726*x1*x29  - 1.450199*x1*x30 + 0.437603*x2*x1  - 1.635084*x2*x2 + 4.934182*x2*x3 + 6.466063*x2*x4 + 3.546467*x2*x5 + 3.660518*x2*x6 + 4.070624*x2*x7 + 8.453309*x2*x8  - 2.880904*x2*x9  - 8.049343*x2*x10  - 0.006953*x2*x11  - 5.229690*x2*x12 + 2.519624*x2*x13  - 1.754426*x2*x14  - 7.540058*x2*x15  - 1.179277*x2*x16 + 3.030861*x2*x17 + 5.247083*x2*x18  - 1.284848*x2*x19  - 7.367032*x2*x20 + 5.661922*x2*x21 + 1.545094*x2*x22 + 0.446597*x2*x23 + 7.197157*x2*x24  - 0.176988*x2*x25 + 2.899804*x2*x26 + 3.942967*x2*x27 + 0.698605*x2*x28 + 9.455902*x2*x29 + 0.137121*x2*x30 + 4.590030*x3*x1 + 4.934182*x3*x2  - 2.209127*x3*x3  - 1.119465*x3*x4  - 2.038171*x3*x5  - 2.301250*x3*x6  - 3.988347*x3*x7  - 8.129200*x3*x8  - 3.386698*x3*x9  - 3.326483*x3*x10  - 2.836410*x3*x11 + 1.039420*x3*x12 + 0.413664*x3*x13  - 1.817014*x3*x14  - 5.046529*x3*x15  - 3.341623*x3*x16 + 6.568923*x3*x17  - 1.180399*x3*x18 + 3.916576*x3*x19  - 2.287622*x3*x20 + 2.895831*x3*x21  - 4.372838*x3*x22  - 2.975770*x3*x23  - 0.099921*x3*x24 + 0.700756*x3*x25 + 0.960455*x3*x26  - 4.105768*x3*x27 + 3.952904*x3*x28 + 5.141004*x3*x29  - 6.086440*x3*x30  - 6.075884*x4*x1 + 6.466063*x4*x2  - 1.119465*x4*x3  - 3.431108*x4*x4 + 4.475972*x4*x5 + 1.113564*x4*x6  - 1.427896*x4*x7 + 0.808484*x4*x8 + 0.182205*x4*x9  - 2.615196*x4*x10  - 5.466978*x4*x11 + 4.633821*x4*x12  - 1.100880*x4*x13  - 2.455315*x4*x14  - 0.551295*x4*x15 + 0.591107*x4*x16 + 3.086294*x4*x17 + 2.266737*x4*x18 + 2.696408*x4*x19  - 0.344904*x4*x20  - 3.546109*x4*x21 + 0.685131*x4*x22 + 7.438105*x4*x23  - 1.678203*x4*x24 + 1.593796*x4*x25 + 5.265971*x4*x26 + 7.487584*x4*x27  - 7.158018*x4*x28 + 2.560760*x4*x29 + 3.892231*x4*x30 + 4.511461*x5*x1 + 3.546467*x5*x2  - 2.038171*x5*x3 + 4.475972*x5*x4  - 0.671763*x5*x5  - 1.585391*x5*x6 + 6.414011*x5*x7 + 3.726608*x5*x8  - 0.236362*x5*x9  - 5.112709*x5*x10  - 0.177228*x5*x11 + 7.309976*x5*x12  - 2.933057*x5*x13  - 3.908048*x5*x14  - 0.455842*x5*x15  - 1.378994*x5*x16  - 0.615101*x5*x17 + 6.009163*x5*x18  - 0.205871*x5*x19 + 4.111777*x5*x20 + 5.359910*x5*x21 + 6.146068*x5*x22  - 3.551189*x5*x23 + 5.822610*x5*x24  - 1.492310*x5*x25 + 3.155956*x5*x26 + 0.883027*x5*x27  - 5.325288*x5*x28 + 6.521893*x5*x29 + 4.418576*x5*x30 + 6.887052*x6*x1 + 3.660518*x6*x2  - 2.301250*x6*x3 + 1.113564*x6*x4  - 1.585391*x6*x5  - 2.146127*x6*x6 + 2.593111*x6*x7  - 5.247132*x6*x8  - 7.352844*x6*x9 + 1.816184*x6*x10 + 2.157827*x6*x11 + 5.458312*x6*x12  - 2.229631*x6*x13 + 3.488452*x6*x14  - 5.538502*x6*x15  - 1.022432*x6*x16  - 8.712749*x6*x17 + 2.438478*x6*x18  - 7.543887*x6*x19 + 4.739375*x6*x20 + 2.055016*x6*x21 + 1.831290*x6*x22  - 0.997043*x6*x23  - 1.495988*x6*x24 + 3.119860*x6*x25  - 7.101185*x6*x26  - 7.298977*x6*x27 + 2.902549*x6*x28  - 4.455552*x6*x29  - 3.233941*x6*x30 + 4.335201*x7*x1 + 4.070624*x7*x2  - 3.988347*x7*x3  - 1.427896*x7*x4 + 6.414011*x7*x5 + 2.593111*x7*x6  - 0.335903*x7*x7  - 5.862321*x7*x8  - 5.142627*x7*x9 + 0.033483*x7*x10  - 3.032613*x7*x11 + 0.174746*x7*x12  - 1.168895*x7*x13 + 4.704484*x7*x14  - 6.617794*x7*x15 + 7.058422*x7*x16  - 6.368915*x7*x17  - 4.493941*x7*x18  - 0.279673*x7*x19  - 4.249676*x7*x20  - 6.784228*x7*x21 + 8.661209*x7*x22 + 1.049655*x7*x23  - 5.023782*x7*x24  - 3.239253*x7*x25  - 8.432949*x7*x26 + 2.274995*x7*x27 + 3.968968*x7*x28  - 4.646136*x7*x29 + 1.682589*x7*x30 + 5.599572*x8*x1 + 8.453309*x8*x2  - 8.129200*x8*x3 + 0.808484*x8*x4 + 3.726608*x8*x5  - 5.247132*x8*x6  - 5.862321*x8*x7  - 1.337886*x8*x8  - 6.901396*x8*x9 + 2.927639*x8*x10 + 2.496747*x8*x11 + 0.573086*x8*x12  - 3.416968*x8*x13  - 4.049433*x8*x14  - 4.089712*x8*x15 + 2.031604*x8*x16  - 3.351123*x8*x17 + 2.441713*x8*x18 + 4.215251*x8*x19  - 4.503740*x8*x20  - 2.465906*x8*x21  - 0.095537*x8*x22 + 4.032040*x8*x23 + 4.650680*x8*x24 + 4.007503*x8*x25 + 1.531058*x8*x26 + 2.000941*x8*x27  - 1.562784*x8*x28 + 1.992790*x8*x29 + 4.003278*x8*x30 + 1.547397*x9*x1  - 2.880904*x9*x2  - 3.386698*x9*x3 + 0.182205*x9*x4  - 0.236362*x9*x5  - 7.352844*x9*x6  - 5.142627*x9*x7  - 6.901396*x9*x8  - 3.138922*x9*x9  - 1.341719*x9*x10 + 1.299816*x9*x11 + 1.023787*x9*x12 + 8.488145*x9*x13 + 3.092099*x9*x14  - 5.198727*x9*x15  - 2.180453*x9*x16  - 5.479462*x9*x17  - 1.743848*x9*x18 + 3.279010*x9*x19 + 8.479199*x9*x20  - 1.853914*x9*x21  - 6.308191*x9*x22 + 7.240228*x9*x23  - 3.091286*x9*x24  - 2.465299*x9*x25  - 1.686925*x9*x26 + 3.987879*x9*x27 + 1.867355*x9*x28  - 2.198976*x9*x29  - 5.516156*x9*x30  - 3.076464*x10*x1  - 8.049343*x10*x2  - 3.326483*x10*x3  - 2.615196*x10*x4  - 5.112709*x10*x5 + 1.816184*x10*x6 + 0.033483*x10*x7 + 2.927639*x10*x8  - 1.341719*x10*x9  - 1.489193*x10*x10  - 3.797597*x10*x11  - 8.342416*x10*x12  - 2.305595*x10*x13  - 0.244128*x10*x14  - 2.687764*x10*x15 + 7.711755*x10*x16  - 7.868556*x10*x17 + 4.656827*x10*x18  - 3.906801*x10*x19  - 6.125651*x10*x20 + 1.269878*x10*x21  - 3.681133*x10*x22  - 6.807960*x10*x23 + 0.363058*x10*x24 + 6.369309*x10*x25 + 3.225179*x10*x26  - 1.168571*x10*x27 + 4.227208*x10*x28  - 4.383897*x10*x29 + 3.949993*x10*x30  - 0.069049*x11*x1  - 0.006953*x11*x2  - 2.836410*x11*x3  - 5.466978*x11*x4  - 0.177228*x11*x5 + 2.157827*x11*x6  - 3.032613*x11*x7 + 2.496747*x11*x8 + 1.299816*x11*x9  - 3.797597*x11*x10  - 0.200477*x11*x11  - 8.402378*x11*x12  - 3.542312*x11*x13  - 5.958860*x11*x14 + 5.336239*x11*x15  - 2.037808*x11*x16 + 2.142851*x11*x17  - 1.665303*x11*x18 + 8.128129*x11*x19 + 2.071969*x11*x20 + 8.391331*x11*x21 + 1.141042*x11*x22 + 1.360404*x11*x23  - 7.753304*x11*x24 + 2.171039*x11*x25  - 2.555097*x11*x26 + 9.076565*x11*x27  - 1.510195*x11*x28 + 2.970111*x11*x29  - 4.455117*x11*x30 + 3.584203*x12*x1  - 5.229690*x12*x2 + 1.039420*x12*x3 + 4.633821*x12*x4 + 7.309976*x12*x5 + 5.458312*x12*x6 + 0.174746*x12*x7 + 0.573086*x12*x8 + 1.023787*x12*x9  - 8.342416*x12*x10  - 8.402378*x12*x11  - 0.036628*x12*x12 + 4.312430*x12*x13 + 5.640882*x12*x14 + 3.204388*x12*x15  - 7.989968*x12*x16  - 2.065132*x12*x17  - 4.768998*x12*x18  - 5.390374*x12*x19  - 2.381171*x12*x20  - 1.556430*x12*x21  - 1.035078*x12*x22 + 1.893743*x12*x23 + 2.124694*x12*x24 + 1.506307*x12*x25  - 1.886008*x12*x26 + 7.115931*x12*x27 + 3.732137*x12*x28 + 1.098009*x12*x29 + 0.499575*x12*x30 + 0.662665*x13*x1 + 2.519624*x13*x2 + 0.413664*x13*x3  - 1.100880*x13*x4  - 2.933057*x13*x5  - 2.229631*x13*x6  - 1.168895*x13*x7  - 3.416968*x13*x8 + 8.488145*x13*x9  - 2.305595*x13*x10  - 3.542312*x13*x11 + 4.312430*x13*x12  - 0.378437*x13*x13  - 2.284190*x13*x14  - 1.496667*x13*x15 + 7.326418*x13*x16 + 5.712411*x13*x17 + 3.935487*x13*x18 + 6.990379*x13*x19  - 7.264057*x13*x20 + 0.980026*x13*x21  - 1.839839*x13*x22  - 2.878964*x13*x23 + 1.977251*x13*x24 + 0.328966*x13*x25 + 0.926725*x13*x26  - 1.776104*x13*x27 + 3.032833*x13*x28 + 1.179175*x13*x29  - 0.470157*x13*x30 + 0.927325*x14*x1  - 1.754426*x14*x2  - 1.817014*x14*x3  - 2.455315*x14*x4  - 3.908048*x14*x5 + 3.488452*x14*x6 + 4.704484*x14*x7  - 4.049433*x14*x8 + 3.092099*x14*x9  - 0.244128*x14*x10  - 5.958860*x14*x11 + 5.640882*x14*x12  - 2.284190*x14*x13  - 1.996755*x14*x14  - 1.660561*x14*x15 + 2.248757*x14*x16 + 4.336847*x14*x17  - 1.813017*x14*x18 + 6.091247*x14*x19 + 6.840808*x14*x20  - 2.773000*x14*x21  - 0.153973*x14*x22  - 3.076539*x14*x23  - 2.988463*x14*x24  - 1.535783*x14*x25 + 2.861824*x14*x26  - 3.598582*x14*x27 + 4.171325*x14*x28 + 6.763671*x14*x29 + 4.547546*x14*x30  - 4.970414*x15*x1  - 7.540058*x15*x2  - 5.046529*x15*x3  - 0.551295*x15*x4  - 0.455842*x15*x5  - 5.538502*x15*x6  - 6.617794*x15*x7  - 4.089712*x15*x8  - 5.198727*x15*x9  - 2.687764*x15*x10 + 5.336239*x15*x11 + 3.204388*x15*x12  - 1.496667*x15*x13  - 1.660561*x15*x14  - 2.440668*x15*x15  - 2.197325*x15*x16  - 4.549300*x15*x17  - 2.916224*x15*x18  - 7.471902*x15*x19  - 0.762542*x15*x20 + 1.509837*x15*x21 + 9.488567*x15*x22  - 3.550017*x15*x23  - 6.707254*x15*x24  - 4.238450*x15*x25  - 1.057711*x15*x26  - 1.162929*x15*x27 + 5.033421*x15*x28  - 7.482010*x15*x29 + 3.870555*x15*x30 + 2.740509*x16*x1  - 1.179277*x16*x2  - 3.341623*x16*x3 + 0.591107*x16*x4  - 1.378994*x16*x5  - 1.022432*x16*x6 + 7.058422*x16*x7 + 2.031604*x16*x8  - 2.180453*x16*x9 + 7.711755*x16*x10  - 2.037808*x16*x11  - 7.989968*x16*x12 + 7.326418*x16*x13 + 2.248757*x16*x14  - 2.197325*x16*x15  - 0.144705*x16*x16  - 1.868011*x16*x17 + 8.888516*x16*x18 + 0.424150*x16*x19 + 7.433363*x16*x20 + 5.311850*x16*x21  - 0.446066*x16*x22 + 0.552377*x16*x23  - 0.108052*x16*x24  - 1.276442*x16*x25 + 4.969277*x16*x26  - 1.235324*x16*x27 + 4.744304*x16*x28 + 3.017041*x16*x29  - 0.008062*x16*x30  - 1.426683*x17*x1 + 3.030861*x17*x2 + 6.568923*x17*x3 + 3.086294*x17*x4  - 0.615101*x17*x5  - 8.712749*x17*x6  - 6.368915*x17*x7  - 3.351123*x17*x8  - 5.479462*x17*x9  - 7.868556*x17*x10 + 2.142851*x17*x11  - 2.065132*x17*x12 + 5.712411*x17*x13 + 4.336847*x17*x14  - 4.549300*x17*x15  - 1.868011*x17*x16  - 2.623156*x17*x17 + 2.653468*x17*x18 + 7.042480*x17*x19  - 2.720220*x17*x20  - 4.970154*x17*x21  - 0.008448*x17*x22  - 5.603248*x17*x23  - 4.710406*x17*x24  - 5.872955*x17*x25  - 5.460922*x17*x26  - 5.801829*x17*x27  - 4.338890*x17*x28 + 4.558463*x17*x29 + 0.458819*x17*x30 + 1.999092*x18*x1 + 5.247083*x18*x2  - 1.180399*x18*x3 + 2.266737*x18*x4 + 6.009163*x18*x5 + 2.438478*x18*x6  - 4.493941*x18*x7 + 2.441713*x18*x8  - 1.743848*x18*x9 + 4.656827*x18*x10  - 1.665303*x18*x11  - 4.768998*x18*x12 + 3.935487*x18*x13  - 1.813017*x18*x14  - 2.916224*x18*x15 + 8.888516*x18*x16 + 2.653468*x18*x17  - 0.618509*x18*x18  - 0.568543*x18*x19  - 1.729342*x18*x20  - 5.548463*x18*x21 + 4.906523*x18*x22 + 2.344440*x18*x23 + 4.026972*x18*x24  - 0.572287*x18*x25  - 2.557438*x18*x26  - 6.376752*x18*x27  - 5.930796*x18*x28  - 6.516023*x18*x29  - 2.053568*x18*x30  - 3.109513*x19*x1  - 1.284848*x19*x2 + 3.916576*x19*x3 + 2.696408*x19*x4  - 0.205871*x19*x5  - 7.543887*x19*x6  - 0.279673*x19*x7 + 4.215251*x19*x8 + 3.279010*x19*x9  - 3.906801*x19*x10 + 8.128129*x19*x11  - 5.390374*x19*x12 + 6.990379*x19*x13 + 6.091247*x19*x14  - 7.471902*x19*x15 + 0.424150*x19*x16 + 7.042480*x19*x17  - 0.568543*x19*x18  - 2.150296*x19*x19  - 0.872128*x19*x20 + 0.864554*x19*x21 + 1.949881*x19*x22 + 0.360368*x19*x23 + 0.356180*x19*x24  - 3.997988*x19*x25  - 5.732412*x19*x26  - 0.449157*x19*x27  - 4.183153*x19*x28 + 4.110991*x19*x29 + 3.605306*x19*x30  - 1.167420*x20*x1  - 7.367032*x20*x2  - 2.287622*x20*x3  - 0.344904*x20*x4 + 4.111777*x20*x5 + 4.739375*x20*x6  - 4.249676*x20*x7  - 4.503740*x20*x8 + 8.479199*x20*x9  - 6.125651*x20*x10 + 2.071969*x20*x11  - 2.381171*x20*x12  - 7.264057*x20*x13 + 6.840808*x20*x14  - 0.762542*x20*x15 + 7.433363*x20*x16  - 2.720220*x20*x17  - 1.729342*x20*x18  - 0.872128*x20*x19  - 1.556479*x20*x20 + 4.352230*x20*x21 + 9.665133*x20*x22 + 5.661928*x20*x23  - 3.833574*x20*x24  - 0.078120*x20*x25  - 0.131983*x20*x26  - 2.426325*x20*x27 + 1.962271*x20*x28  - 3.832351*x20*x29 + 2.581620*x20*x30  - 9.252701*x21*x1 + 5.661922*x21*x2 + 2.895831*x21*x3  - 3.546109*x21*x4 + 5.359910*x21*x5 + 2.055016*x21*x6  - 6.784228*x21*x7  - 2.465906*x21*x8  - 1.853914*x21*x9 + 1.269878*x21*x10 + 8.391331*x21*x11  - 1.556430*x21*x12 + 0.980026*x21*x13  - 2.773000*x21*x14 + 1.509837*x21*x15 + 5.311850*x21*x16  - 4.970154*x21*x17  - 5.548463*x21*x18 + 0.864554*x21*x19 + 4.352230*x21*x20  - 1.310493*x21*x21 + 7.054152*x21*x22  - 2.147641*x21*x23 + 2.617803*x21*x24  - 1.600646*x21*x25  - 4.822079*x21*x26  - 2.042247*x21*x27  - 1.910213*x21*x28 + 4.514159*x21*x29 + 3.521866*x21*x30  - 5.991726*x22*x1 + 1.545094*x22*x2  - 4.372838*x22*x3 + 0.685131*x22*x4 + 6.146068*x22*x5 + 1.831290*x22*x6 + 8.661209*x22*x7  - 0.095537*x22*x8  - 6.308191*x22*x9  - 3.681133*x22*x10 + 1.141042*x22*x11  - 1.035078*x22*x12  - 1.839839*x22*x13  - 0.153973*x22*x14 + 9.488567*x22*x15  - 0.446066*x22*x16  - 0.008448*x22*x17 + 4.906523*x22*x18 + 1.949881*x22*x19 + 9.665133*x22*x20 + 7.054152*x22*x21  - 3.692503*x22*x22  - 3.706624*x22*x23  - 1.517457*x22*x24 + 0.073336*x22*x25 + 1.313197*x22*x26 + 3.544546*x22*x27  - 0.547592*x22*x28 + 0.866363*x22*x29  - 7.429191*x22*x30  - 5.192707*x23*x1 + 0.446597*x23*x2  - 2.975770*x23*x3 + 7.438105*x23*x4  - 3.551189*x23*x5  - 0.997043*x23*x6 + 1.049655*x23*x7 + 4.032040*x23*x8 + 7.240228*x23*x9  - 6.807960*x23*x10 + 1.360404*x23*x11 + 1.893743*x23*x12  - 2.878964*x23*x13  - 3.076539*x23*x14  - 3.550017*x23*x15 + 0.552377*x23*x16  - 5.603248*x23*x17 + 2.344440*x23*x18 + 0.360368*x23*x19 + 5.661928*x23*x20  - 2.147641*x23*x21  - 3.706624*x23*x22  - 0.927958*x23*x23  - 1.198274*x23*x24  - 1.410838*x23*x25  - 2.039321*x23*x26  - 7.657261*x23*x27 + 1.013285*x23*x28 + 2.848176*x23*x29 + 0.924848*x23*x30 + 3.282963*x24*x1 + 7.197157*x24*x2  - 0.099921*x24*x3  - 1.678203*x24*x4 + 5.822610*x24*x5  - 1.495988*x24*x6  - 5.023782*x24*x7 + 4.650680*x24*x8  - 3.091286*x24*x9 + 0.363058*x24*x10  - 7.753304*x24*x11 + 2.124694*x24*x12 + 1.977251*x24*x13  - 2.988463*x24*x14  - 6.707254*x24*x15  - 0.108052*x24*x16  - 4.710406*x24*x17 + 4.026972*x24*x18 + 0.356180*x24*x19  - 3.833574*x24*x20 + 2.617803*x24*x21  - 1.517457*x24*x22  - 1.198274*x24*x23  - 1.320971*x24*x24  - 5.159986*x24*x25  - 8.664705*x24*x26  - 2.701897*x24*x27 + 4.411639*x24*x28 + 8.804262*x24*x29 + 0.399858*x24*x30  - 5.609369*x25*x1  - 0.176988*x25*x2 + 0.700756*x25*x3 + 1.593796*x25*x4  - 1.492310*x25*x5 + 3.119860*x25*x6  - 3.239253*x25*x7 + 4.007503*x25*x8  - 2.465299*x25*x9 + 6.369309*x25*x10 + 2.171039*x25*x11 + 1.506307*x25*x12 + 0.328966*x25*x13  - 1.535783*x25*x14  - 4.238450*x25*x15  - 1.276442*x25*x16  - 5.872955*x25*x17  - 0.572287*x25*x18  - 3.997988*x25*x19  - 0.078120*x25*x20  - 1.600646*x25*x21 + 0.073336*x25*x22  - 1.410838*x25*x23  - 5.159986*x25*x24  - 0.734702*x25*x25 + 9.094098*x25*x26  - 5.890854*x25*x27  - 2.015752*x25*x28 + 6.886040*x25*x29 + 6.333868*x25*x30  - 2.236913*x26*x1 + 2.899804*x26*x2 + 0.960455*x26*x3 + 5.265971*x26*x4 + 3.155956*x26*x5  - 7.101185*x26*x6  - 8.432949*x26*x7 + 1.531058*x26*x8  - 1.686925*x26*x9 + 3.225179*x26*x10  - 2.555097*x26*x11  - 1.886008*x26*x12 + 0.926725*x26*x13 + 2.861824*x26*x14  - 1.057711*x26*x15 + 4.969277*x26*x16  - 5.460922*x26*x17  - 2.557438*x26*x18  - 5.732412*x26*x19  - 0.131983*x26*x20  - 4.822079*x26*x21 + 1.313197*x26*x22  - 2.039321*x26*x23  - 8.664705*x26*x24 + 9.094098*x26*x25  - 0.850499*x26*x26 + 2.021467*x26*x27  - 4.812518*x26*x28 + 0.304413*x26*x29  - 4.550254*x26*x30  - 4.183869*x27*x1 + 3.942967*x27*x2  - 4.105768*x27*x3 + 7.487584*x27*x4 + 0.883027*x27*x5  - 7.298977*x27*x6 + 2.274995*x27*x7 + 2.000941*x27*x8 + 3.987879*x27*x9  - 1.168571*x27*x10 + 9.076565*x27*x11 + 7.115931*x27*x12  - 1.776104*x27*x13  - 3.598582*x27*x14  - 1.162929*x27*x15  - 1.235324*x27*x16  - 5.801829*x27*x17  - 6.376752*x27*x18  - 0.449157*x27*x19  - 2.426325*x27*x20  - 2.042247*x27*x21 + 3.544546*x27*x22  - 7.657261*x27*x23  - 2.701897*x27*x24  - 5.890854*x27*x25 + 2.021467*x27*x26  - 0.723187*x27*x27  - 3.396121*x27*x28 + 2.634064*x27*x29  - 4.096373*x27*x30  - 4.894645*x28*x1 + 0.698605*x28*x2 + 3.952904*x28*x3  - 7.158018*x28*x4  - 5.325288*x28*x5 + 2.902549*x28*x6 + 3.968968*x28*x7  - 1.562784*x28*x8 + 1.867355*x28*x9 + 4.227208*x28*x10  - 1.510195*x28*x11 + 3.732137*x28*x12 + 3.032833*x28*x13 + 4.171325*x28*x14 + 5.033421*x28*x15 + 4.744304*x28*x16  - 4.338890*x28*x17  - 5.930796*x28*x18  - 4.183153*x28*x19 + 1.962271*x28*x20  - 1.910213*x28*x21  - 0.547592*x28*x22 + 1.013285*x28*x23 + 4.411639*x28*x24  - 2.015752*x28*x25  - 4.812518*x28*x26  - 3.396121*x28*x27  - 2.072869*x28*x28  - 0.161912*x28*x29 + 4.321949*x28*x30  - 0.743726*x29*x1 + 9.455902*x29*x2 + 5.141004*x29*x3 + 2.560760*x29*x4 + 6.521893*x29*x5  - 4.455552*x29*x6  - 4.646136*x29*x7 + 1.992790*x29*x8  - 2.198976*x29*x9  - 4.383897*x29*x10 + 2.970111*x29*x11 + 1.098009*x29*x12 + 1.179175*x29*x13 + 6.763671*x29*x14  - 7.482010*x29*x15 + 3.017041*x29*x16 + 4.558463*x29*x17  - 6.516023*x29*x18 + 4.110991*x29*x19  - 3.832351*x29*x20 + 4.514159*x29*x21 + 0.866363*x29*x22 + 2.848176*x29*x23 + 8.804262*x29*x24 + 6.886040*x29*x25 + 0.304413*x29*x26 + 2.634064*x29*x27  - 0.161912*x29*x28  - 0.132473*x29*x29 + 0.484248*x29*x30  - 1.450199*x30*x1 + 0.137121*x30*x2  - 6.086440*x30*x3 + 3.892231*x30*x4 + 4.418576*x30*x5  - 3.233941*x30*x6 + 1.682589*x30*x7 + 4.003278*x30*x8  - 5.516156*x30*x9 + 3.949993*x30*x10  - 4.455117*x30*x11 + 0.499575*x30*x12  - 0.470157*x30*x13 + 4.547546*x30*x14 + 3.870555*x30*x15  - 0.008062*x30*x16 + 0.458819*x30*x17  - 2.053568*x30*x18 + 3.605306*x30*x19 + 2.581620*x30*x20 + 3.521866*x30*x21  - 7.429191*x30*x22 + 0.924848*x30*x23 + 0.399858*x30*x24 + 6.333868*x30*x25  - 4.550254*x30*x26  - 4.096373*x30*x27 + 4.321949*x30*x28 + 0.484248*x30*x29  - 0.692147*x30*x30 ;
