OPTIONS {
 MaxTime: 10000;
 EpsR: 0.000001;
 }
 
VARIABLES	x1,x2,x3,x4,x5,x6,x7,x8,x9,x10,x11,x12,x13,x14,x15,x16,x17,x18,x19,x20,x21,x22,x23,x24,x25,x26,x27,x28,x29,x30;
LOWER_BOUNDS {
x1: 0.000000;
x2: 0.000000;
x3: 0.000000;
x4: 0.000000;
x5: 0.000000;
x6: 0.000000;
x7: 0.000000;
x8: 0.000000;
x9: 0.000000;
x10: 0.000000;
x11: 0.000000;
x12: 0.000000;
x13: 0.000000;
x14: 0.000000;
x15: 0.000000;
x16: 0.000000;
x17: 0.000000;
x18: 0.000000;
x19: 0.000000;
x20: 0.000000;
x21: 0.000000;
x22: 0.000000;
x23: 0.000000;
x24: 0.000000;
x25: 0.000000;
x26: 0.000000;
x27: 0.000000;
x28: 0.000000;
x29: 0.000000;
x30: 0.000000;
}

UPPER_BOUNDS {
x1: 1.000000;
x2: 1.000000;
x3: 1.000000;
x4: 1.000000;
x5: 1.000000;
x6: 1.000000;
x7: 1.000000;
x8: 1.000000;
x9: 1.000000;
x10: 1.000000;
x11: 1.000000;
x12: 1.000000;
x13: 1.000000;
x14: 1.000000;
x15: 1.000000;
x16: 1.000000;
x17: 1.000000;
x18: 1.000000;
x19: 1.000000;
x20: 1.000000;
x21: 1.000000;
x22: 1.000000;
x23: 1.000000;
x24: 1.000000;
x25: 1.000000;
x26: 1.000000;
x27: 1.000000;
x28: 1.000000;
x29: 1.000000;
x30: 1.000000;
}

EQUATIONS e1;

e1:  1.000000*x1  + 1.000000*x2  + 1.000000*x3  + 1.000000*x4  + 1.000000*x5  + 1.000000*x6  + 1.000000*x7  + 1.000000*x8  + 1.000000*x9  + 1.000000*x10  + 1.000000*x11  + 1.000000*x12  + 1.000000*x13  + 1.000000*x14  + 1.000000*x15  + 1.000000*x16  + 1.000000*x17  + 1.000000*x18  + 1.000000*x19  + 1.000000*x20  + 1.000000*x21  + 1.000000*x22  + 1.000000*x23  + 1.000000*x24  + 1.000000*x25  + 1.000000*x26  + 1.000000*x27  + 1.000000*x28  + 1.000000*x29  + 1.000000*x30  == 1.000000;

OBJ: minimize	 - 3.921661*x1*x1 + 2.275542*x1*x2 + 1.599460*x1*x3 + 3.252481*x1*x4 + 2.443366*x1*x5 + 3.026119*x1*x6 + 2.558368*x1*x7 + 4.149607*x1*x8 + 7.107307*x1*x9 + 5.003298*x1*x10 + 4.763012*x1*x11 + 9.151471*x1*x12 + 3.907124*x1*x13 + 7.180700*x1*x14 + 6.886523*x1*x15 + 6.433971*x1*x16 + 2.053391*x1*x17 + 7.094781*x1*x18 + 5.176344*x1*x19 + 4.886852*x1*x20 + 4.776300*x1*x21 + 1.471079*x1*x22 + 6.355039*x1*x23 + 5.679419*x1*x24 + 3.822552*x1*x25 + 7.901274*x1*x26 + 4.659762*x1*x27 + 4.630603*x1*x28 + 2.186523*x1*x29 + 6.844357*x1*x30 + 2.275542*x2*x1  - 1.108871*x2*x2 + 2.078871*x2*x3 + 4.750680*x2*x4 + 3.031981*x2*x5 + 3.224254*x2*x6 + 5.563282*x2*x7 + 2.730005*x2*x8 + 4.756567*x2*x9 + 2.893873*x2*x10 + 2.482217*x2*x11 + 3.158173*x2*x12 + 3.762254*x2*x13 + 3.264695*x2*x14 + 3.187998*x2*x15 + 6.430614*x2*x16 + 1.163403*x2*x17 + 1.912689*x2*x18 + 6.038145*x2*x19 + 2.652366*x2*x20 + 6.013210*x2*x21 + 6.447578*x2*x22 + 4.456847*x2*x23 + 5.922456*x2*x24 + 0.824324*x2*x25 + 3.398606*x2*x26 + 4.245211*x2*x27 + 3.237595*x2*x28 + 8.077923*x2*x29 + 4.878586*x2*x30 + 1.599460*x3*x1 + 2.078871*x3*x2  - 2.618299*x3*x3 + 5.556645*x3*x4 + 2.593158*x3*x5 + 6.963543*x3*x6 + 1.646797*x3*x7 + 1.767199*x3*x8 + 3.419229*x3*x9 + 2.802301*x3*x10 + 4.482710*x3*x11 + 6.880820*x3*x12 + 3.497649*x3*x13 + 4.719595*x3*x14 + 8.273451*x3*x15 + 4.735852*x3*x16 + 3.186802*x3*x17 + 4.684189*x3*x18 + 1.858003*x3*x19 + 5.174809*x3*x20 + 1.816973*x3*x21 + 7.452865*x3*x22 + 6.298342*x3*x23 + 4.025154*x3*x24 + 1.170624*x3*x25 + 5.581056*x3*x26 + 8.401818*x3*x27 + 4.232925*x3*x28 + 5.653503*x3*x29 + 5.479331*x3*x30 + 3.252481*x4*x1 + 4.750680*x4*x2 + 5.556645*x4*x3  - 4.327499*x4*x4 + 3.667713*x4*x5 + 6.272227*x4*x6 + 1.526481*x4*x7 + 4.719948*x4*x8 + 7.331773*x4*x9 + 3.484601*x4*x10 + 5.909958*x4*x11 + 5.523418*x4*x12 + 4.365529*x4*x13 + 7.278964*x4*x14 + 4.953379*x4*x15 + 5.014971*x4*x16 + 5.231147*x4*x17 + 3.059758*x4*x18 + 5.299605*x4*x19 + 4.346488*x4*x20 + 4.962347*x4*x21 + 5.192078*x4*x22 + 1.618348*x4*x23 + 4.687059*x4*x24 + 1.561890*x4*x25 + 6.495231*x4*x26 + 4.908969*x4*x27 + 4.570171*x4*x28 + 7.276449*x4*x29 + 5.565515*x4*x30 + 2.443366*x5*x1 + 3.031981*x5*x2 + 2.593158*x5*x3 + 3.667713*x5*x4  - 2.799198*x5*x5 + 3.914506*x5*x6 + 3.087362*x5*x7 + 6.981536*x5*x8 + 6.208605*x5*x9 + 1.101569*x5*x10 + 4.366966*x5*x11 + 6.085102*x5*x12 + 2.307574*x5*x13 + 6.153847*x5*x14 + 2.893212*x5*x15 + 3.472225*x5*x16 + 5.184783*x5*x17 + 4.805902*x5*x18 + 2.555379*x5*x19 + 2.834459*x5*x20 + 3.784435*x5*x21 + 6.014965*x5*x22 + 6.013268*x5*x23 + 1.794204*x5*x24 + 0.950713*x5*x25 + 2.127078*x5*x26 + 5.763818*x5*x27 + 5.476570*x5*x28 + 4.758699*x5*x29 + 2.661114*x5*x30 + 3.026119*x6*x1 + 3.224254*x6*x2 + 6.963543*x6*x3 + 6.272227*x6*x4 + 3.914506*x6*x5  - 1.779851*x6*x6 + 6.166564*x6*x7 + 3.648354*x6*x8 + 6.673189*x6*x9 + 3.483020*x6*x10 + 9.096143*x6*x11 + 2.603778*x6*x12 + 1.443222*x6*x13 + 4.941529*x6*x14 + 3.340186*x6*x15 + 1.606317*x6*x16 + 1.400276*x6*x17 + 5.404530*x6*x18 + 2.163287*x6*x19 + 5.905829*x6*x20 + 6.242134*x6*x21 + 5.040645*x6*x22 + 4.995160*x6*x23 + 7.233983*x6*x24 + 3.540178*x6*x25 + 5.483008*x6*x26 + 5.812114*x6*x27 + 5.372781*x6*x28 + 2.959075*x6*x29 + 6.481503*x6*x30 + 2.558368*x7*x1 + 5.563282*x7*x2 + 1.646797*x7*x3 + 1.526481*x7*x4 + 3.087362*x7*x5 + 6.166564*x7*x6  - 2.030680*x7*x7 + 7.342247*x7*x8 + 5.671838*x7*x9 + 8.682022*x7*x10 + 4.476724*x7*x11 + 4.976413*x7*x12 + 5.772311*x7*x13 + 8.496674*x7*x14 + 6.196117*x7*x15 + 6.014144*x7*x16 + 7.023200*x7*x17 + 3.851998*x7*x18 + 6.606921*x7*x19 + 6.697516*x7*x20 + 2.980994*x7*x21 + 6.316803*x7*x22 + 3.489719*x7*x23 + 2.405575*x7*x24 + 4.382300*x7*x25 + 5.406613*x7*x26 + 4.043917*x7*x27 + 3.577505*x7*x28 + 3.750541*x7*x29 + 7.150855*x7*x30 + 4.149607*x8*x1 + 2.730005*x8*x2 + 1.767199*x8*x3 + 4.719948*x8*x4 + 6.981536*x8*x5 + 3.648354*x8*x6 + 7.342247*x8*x7  - 4.129689*x8*x8 + 3.299050*x8*x9 + 4.042901*x8*x10 + 6.564863*x8*x11 + 4.463030*x8*x12 + 3.971839*x8*x13 + 7.788469*x8*x14 + 4.371839*x8*x15 + 3.325416*x8*x16 + 7.318957*x8*x17 + 3.533170*x8*x18 + 1.132848*x8*x19 + 5.892535*x8*x20 + 3.200199*x8*x21 + 4.277759*x8*x22 + 2.017445*x8*x23 + 9.350114*x8*x24 + 4.346547*x8*x25 + 3.636624*x8*x26 + 2.314876*x8*x27 + 6.403718*x8*x28 + 6.937620*x8*x29 + 4.865560*x8*x30 + 7.107307*x9*x1 + 4.756567*x9*x2 + 3.419229*x9*x3 + 7.331773*x9*x4 + 6.208605*x9*x5 + 6.673189*x9*x6 + 5.671838*x9*x7 + 3.299050*x9*x8  - 3.568115*x9*x9 + 3.820402*x9*x10 + 3.250030*x9*x11 + 2.285578*x9*x12 + 9.048301*x9*x13 + 5.137283*x9*x14 + 8.120192*x9*x15 + 5.182551*x9*x16 + 3.159225*x9*x17 + 5.730429*x9*x18 + 2.828508*x9*x19 + 4.252236*x9*x20 + 3.917018*x9*x21 + 8.765953*x9*x22 + 1.746504*x9*x23 + 5.151005*x9*x24 + 2.860624*x9*x25 + 7.480652*x9*x26 + 2.145192*x9*x27 + 5.181191*x9*x28 + 5.704748*x9*x29 + 4.630056*x9*x30 + 5.003298*x10*x1 + 2.893873*x10*x2 + 2.802301*x10*x3 + 3.484601*x10*x4 + 1.101569*x10*x5 + 3.483020*x10*x6 + 8.682022*x10*x7 + 4.042901*x10*x8 + 3.820402*x10*x9  - 2.890129*x10*x10 + 3.206592*x10*x11 + 5.438665*x10*x12 + 5.167340*x10*x13 + 2.210529*x10*x14 + 9.333741*x10*x15 + 7.909320*x10*x16 + 6.653930*x10*x17 + 5.586125*x10*x18 + 4.245102*x10*x19 + 6.136038*x10*x20 + 4.225113*x10*x21 + 6.091440*x10*x22 + 1.751288*x10*x23 + 3.875763*x10*x24 + 3.605514*x10*x25 + 8.781580*x10*x26 + 5.532750*x10*x27 + 1.568453*x10*x28 + 8.011738*x10*x29 + 5.452891*x10*x30 + 4.763012*x11*x1 + 2.482217*x11*x2 + 4.482710*x11*x3 + 5.909958*x11*x4 + 4.366966*x11*x5 + 9.096143*x11*x6 + 4.476724*x11*x7 + 6.564863*x11*x8 + 3.250030*x11*x9 + 3.206592*x11*x10  - 3.611749*x11*x11 + 2.943991*x11*x12 + 3.447906*x11*x13 + 5.855506*x11*x14 + 5.770547*x11*x15 + 5.704450*x11*x16 + 8.423014*x11*x17 + 6.696279*x11*x18 + 5.061893*x11*x19 + 4.185559*x11*x20 + 5.420494*x11*x21 + 3.213727*x11*x22 + 5.632005*x11*x23 + 4.159228*x11*x24 + 5.325249*x11*x25 + 5.500655*x11*x26 + 2.584090*x11*x27 + 6.170163*x11*x28 + 6.317326*x11*x29 + 4.938931*x11*x30 + 9.151471*x12*x1 + 3.158173*x12*x2 + 6.880820*x12*x3 + 5.523418*x12*x4 + 6.085102*x12*x5 + 2.603778*x12*x6 + 4.976413*x12*x7 + 4.463030*x12*x8 + 2.285578*x12*x9 + 5.438665*x12*x10 + 2.943991*x12*x11  - 2.004176*x12*x12 + 3.823421*x12*x13 + 0.684760*x12*x14 + 5.185682*x12*x15 + 7.612373*x12*x16 + 4.217232*x12*x17 + 7.532037*x12*x18 + 6.287020*x12*x19 + 5.068401*x12*x20 + 7.655967*x12*x21 + 4.915812*x12*x22 + 2.703374*x12*x23 + 6.312001*x12*x24 + 5.845430*x12*x25 + 7.151720*x12*x26 + 4.185315*x12*x27 + 3.217918*x12*x28 + 4.757088*x12*x29 + 5.298256*x12*x30 + 3.907124*x13*x1 + 3.762254*x13*x2 + 3.497649*x13*x3 + 4.365529*x13*x4 + 2.307574*x13*x5 + 1.443222*x13*x6 + 5.772311*x13*x7 + 3.971839*x13*x8 + 9.048301*x13*x9 + 5.167340*x13*x10 + 3.447906*x13*x11 + 3.823421*x13*x12  - 3.728914*x13*x13 + 4.685989*x13*x14 + 6.452384*x13*x15 + 6.412787*x13*x16 + 3.362520*x13*x17 + 4.159583*x13*x18 + 5.301597*x13*x19 + 7.731262*x13*x20 + 6.206310*x13*x21 + 5.555648*x13*x22 + 6.235721*x13*x23 + 5.273347*x13*x24 + 4.436218*x13*x25 + 6.715698*x13*x26 + 1.832335*x13*x27 + 8.315945*x13*x28 + 2.664869*x13*x29 + 4.331795*x13*x30 + 7.180700*x14*x1 + 3.264695*x14*x2 + 4.719595*x14*x3 + 7.278964*x14*x4 + 6.153847*x14*x5 + 4.941529*x14*x6 + 8.496674*x14*x7 + 7.788469*x14*x8 + 5.137283*x14*x9 + 2.210529*x14*x10 + 5.855506*x14*x11 + 0.684760*x14*x12 + 4.685989*x14*x13  - 2.027697*x14*x14 + 7.646310*x14*x15 + 2.640135*x14*x16 + 7.783744*x14*x17 + 5.834018*x14*x18 + 1.046378*x14*x19 + 8.315418*x14*x20 + 4.034625*x14*x21 + 1.605692*x14*x22 + 4.442621*x14*x23 + 1.100019*x14*x24 + 4.372563*x14*x25 + 0.820037*x14*x26 + 8.758182*x14*x27 + 5.062688*x14*x28 + 3.337799*x14*x29 + 7.771460*x14*x30 + 6.886523*x15*x1 + 3.187998*x15*x2 + 8.273451*x15*x3 + 4.953379*x15*x4 + 2.893212*x15*x5 + 3.340186*x15*x6 + 6.196117*x15*x7 + 4.371839*x15*x8 + 8.120192*x15*x9 + 9.333741*x15*x10 + 5.770547*x15*x11 + 5.185682*x15*x12 + 6.452384*x15*x13 + 7.646310*x15*x14  - 3.266226*x15*x15 + 6.026014*x15*x16 + 2.395952*x15*x17 + 0.653526*x15*x18 + 3.613729*x15*x19 + 5.563366*x15*x20 + 5.915074*x15*x21 + 5.809948*x15*x22 + 4.698437*x15*x23 + 2.750287*x15*x24 + 9.067245*x15*x25 + 3.994766*x15*x26 + 1.138749*x15*x27 + 4.898770*x15*x28 + 4.883066*x15*x29 + 6.596779*x15*x30 + 6.433971*x16*x1 + 6.430614*x16*x2 + 4.735852*x16*x3 + 5.014971*x16*x4 + 3.472225*x16*x5 + 1.606317*x16*x6 + 6.014144*x16*x7 + 3.325416*x16*x8 + 5.182551*x16*x9 + 7.909320*x16*x10 + 5.704450*x16*x11 + 7.612373*x16*x12 + 6.412787*x16*x13 + 2.640135*x16*x14 + 6.026014*x16*x15  - 0.310937*x16*x16 + 3.517680*x16*x17 + 3.151477*x16*x18 + 2.246457*x16*x19 + 6.252198*x16*x20 + 6.873502*x16*x21 + 4.302005*x16*x22 + 6.522562*x16*x23 + 4.198631*x16*x24 + 7.010998*x16*x25 + 5.946849*x16*x26 + 3.185765*x16*x27 + 5.518431*x16*x28 + 4.317571*x16*x29 + 3.236737*x16*x30 + 2.053391*x17*x1 + 1.163403*x17*x2 + 3.186802*x17*x3 + 5.231147*x17*x4 + 5.184783*x17*x5 + 1.400276*x17*x6 + 7.023200*x17*x7 + 7.318957*x17*x8 + 3.159225*x17*x9 + 6.653930*x17*x10 + 8.423014*x17*x11 + 4.217232*x17*x12 + 3.362520*x17*x13 + 7.783744*x17*x14 + 2.395952*x17*x15 + 3.517680*x17*x16  - 3.256731*x17*x17 + 3.586355*x17*x18 + 5.841759*x17*x19 + 3.287035*x17*x20 + 4.722106*x17*x21 + 6.842973*x17*x22 + 7.149017*x17*x23 + 7.694300*x17*x24 + 5.249824*x17*x25 + 4.148561*x17*x26 + 5.001794*x17*x27 + 5.091018*x17*x28 + 5.281504*x17*x29 + 4.668003*x17*x30 + 7.094781*x18*x1 + 1.912689*x18*x2 + 4.684189*x18*x3 + 3.059758*x18*x4 + 4.805902*x18*x5 + 5.404530*x18*x6 + 3.851998*x18*x7 + 3.533170*x18*x8 + 5.730429*x18*x9 + 5.586125*x18*x10 + 6.696279*x18*x11 + 7.532037*x18*x12 + 4.159583*x18*x13 + 5.834018*x18*x14 + 0.653526*x18*x15 + 3.151477*x18*x16 + 3.586355*x18*x17  - 2.972844*x18*x18 + 7.018256*x18*x19 + 4.128587*x18*x20 + 7.695689*x18*x21 + 3.211330*x18*x22 + 4.914906*x18*x23 + 4.971615*x18*x24 + 4.265014*x18*x25 + 2.229608*x18*x26 + 7.249056*x18*x27 + 4.664346*x18*x28 + 4.069792*x18*x29 + 2.381421*x18*x30 + 5.176344*x19*x1 + 6.038145*x19*x2 + 1.858003*x19*x3 + 5.299605*x19*x4 + 2.555379*x19*x5 + 2.163287*x19*x6 + 6.606921*x19*x7 + 1.132848*x19*x8 + 2.828508*x19*x9 + 4.245102*x19*x10 + 5.061893*x19*x11 + 6.287020*x19*x12 + 5.301597*x19*x13 + 1.046378*x19*x14 + 3.613729*x19*x15 + 2.246457*x19*x16 + 5.841759*x19*x17 + 7.018256*x19*x18  - 0.917013*x19*x19 + 8.206658*x19*x20 + 1.119195*x19*x21 + 0.754350*x19*x22 + 2.783184*x19*x23 + 1.410942*x19*x24 + 2.537160*x19*x25 + 2.311555*x19*x26 + 6.862755*x19*x27 + 6.881003*x19*x28 + 5.660304*x19*x29 + 1.559833*x19*x30 + 4.886852*x20*x1 + 2.652366*x20*x2 + 5.174809*x20*x3 + 4.346488*x20*x4 + 2.834459*x20*x5 + 5.905829*x20*x6 + 6.697516*x20*x7 + 5.892535*x20*x8 + 4.252236*x20*x9 + 6.136038*x20*x10 + 4.185559*x20*x11 + 5.068401*x20*x12 + 7.731262*x20*x13 + 8.315418*x20*x14 + 5.563366*x20*x15 + 6.252198*x20*x16 + 3.287035*x20*x17 + 4.128587*x20*x18 + 8.206658*x20*x19  - 3.078395*x20*x20 + 2.510365*x20*x21 + 4.444059*x20*x22 + 2.738637*x20*x23 + 6.272752*x20*x24 + 4.695204*x20*x25 + 5.543028*x20*x26 + 5.269609*x20*x27 + 6.044257*x20*x28 + 5.228760*x20*x29 + 3.353336*x20*x30 + 4.776300*x21*x1 + 6.013210*x21*x2 + 1.816973*x21*x3 + 4.962347*x21*x4 + 3.784435*x21*x5 + 6.242134*x21*x6 + 2.980994*x21*x7 + 3.200199*x21*x8 + 3.917018*x21*x9 + 4.225113*x21*x10 + 5.420494*x21*x11 + 7.655967*x21*x12 + 6.206310*x21*x13 + 4.034625*x21*x14 + 5.915074*x21*x15 + 6.873502*x21*x16 + 4.722106*x21*x17 + 7.695689*x21*x18 + 1.119195*x21*x19 + 2.510365*x21*x20  - 2.144472*x21*x21 + 5.886864*x21*x22 + 5.795639*x21*x23 + 1.447168*x21*x24 + 6.537210*x21*x25 + 5.700093*x21*x26 + 8.421764*x21*x27 + 1.699154*x21*x28 + 5.582055*x21*x29 + 3.517657*x21*x30 + 1.471079*x22*x1 + 6.447578*x22*x2 + 7.452865*x22*x3 + 5.192078*x22*x4 + 6.014965*x22*x5 + 5.040645*x22*x6 + 6.316803*x22*x7 + 4.277759*x22*x8 + 8.765953*x22*x9 + 6.091440*x22*x10 + 3.213727*x22*x11 + 4.915812*x22*x12 + 5.555648*x22*x13 + 1.605692*x22*x14 + 5.809948*x22*x15 + 4.302005*x22*x16 + 6.842973*x22*x17 + 3.211330*x22*x18 + 0.754350*x22*x19 + 4.444059*x22*x20 + 5.886864*x22*x21  - 3.319892*x22*x22 + 6.451296*x22*x23 + 5.487660*x22*x24 + 6.535484*x22*x25 + 2.197369*x22*x26 + 5.560600*x22*x27 + 5.265037*x22*x28 + 8.428797*x22*x29 + 4.675702*x22*x30 + 6.355039*x23*x1 + 4.456847*x23*x2 + 6.298342*x23*x3 + 1.618348*x23*x4 + 6.013268*x23*x5 + 4.995160*x23*x6 + 3.489719*x23*x7 + 2.017445*x23*x8 + 1.746504*x23*x9 + 1.751288*x23*x10 + 5.632005*x23*x11 + 2.703374*x23*x12 + 6.235721*x23*x13 + 4.442621*x23*x14 + 4.698437*x23*x15 + 6.522562*x23*x16 + 7.149017*x23*x17 + 4.914906*x23*x18 + 2.783184*x23*x19 + 2.738637*x23*x20 + 5.795639*x23*x21 + 6.451296*x23*x22  - 1.691831*x23*x23 + 6.182746*x23*x24 + 4.565516*x23*x25 + 2.999770*x23*x26 + 6.110576*x23*x27 + 8.542505*x23*x28 + 7.158646*x23*x29 + 3.040943*x23*x30 + 5.679419*x24*x1 + 5.922456*x24*x2 + 4.025154*x24*x3 + 4.687059*x24*x4 + 1.794204*x24*x5 + 7.233983*x24*x6 + 2.405575*x24*x7 + 9.350114*x24*x8 + 5.151005*x24*x9 + 3.875763*x24*x10 + 4.159228*x24*x11 + 6.312001*x24*x12 + 5.273347*x24*x13 + 1.100019*x24*x14 + 2.750287*x24*x15 + 4.198631*x24*x16 + 7.694300*x24*x17 + 4.971615*x24*x18 + 1.410942*x24*x19 + 6.272752*x24*x20 + 1.447168*x24*x21 + 5.487660*x24*x22 + 6.182746*x24*x23  - 2.261344*x24*x24 + 3.904061*x24*x25 + 6.056358*x24*x26 + 4.261366*x24*x27 + 6.259231*x24*x28 + 5.436844*x24*x29 + 6.367037*x24*x30 + 3.822552*x25*x1 + 0.824324*x25*x2 + 1.170624*x25*x3 + 1.561890*x25*x4 + 0.950713*x25*x5 + 3.540178*x25*x6 + 4.382300*x25*x7 + 4.346547*x25*x8 + 2.860624*x25*x9 + 3.605514*x25*x10 + 5.325249*x25*x11 + 5.845430*x25*x12 + 4.436218*x25*x13 + 4.372563*x25*x14 + 9.067245*x25*x15 + 7.010998*x25*x16 + 5.249824*x25*x17 + 4.265014*x25*x18 + 2.537160*x25*x19 + 4.695204*x25*x20 + 6.537210*x25*x21 + 6.535484*x25*x22 + 4.565516*x25*x23 + 3.904061*x25*x24  - 1.958480*x25*x25 + 7.637974*x25*x26 + 2.565717*x25*x27 + 6.727001*x25*x28 + 6.853507*x25*x29 + 5.185754*x25*x30 + 7.901274*x26*x1 + 3.398606*x26*x2 + 5.581056*x26*x3 + 6.495231*x26*x4 + 2.127078*x26*x5 + 5.483008*x26*x6 + 5.406613*x26*x7 + 3.636624*x26*x8 + 7.480652*x26*x9 + 8.781580*x26*x10 + 5.500655*x26*x11 + 7.151720*x26*x12 + 6.715698*x26*x13 + 0.820037*x26*x14 + 3.994766*x26*x15 + 5.946849*x26*x16 + 4.148561*x26*x17 + 2.229608*x26*x18 + 2.311555*x26*x19 + 5.543028*x26*x20 + 5.700093*x26*x21 + 2.197369*x26*x22 + 2.999770*x26*x23 + 6.056358*x26*x24 + 7.637974*x26*x25  - 3.358989*x26*x26 + 6.080257*x26*x27 + 3.162128*x26*x28 + 8.264682*x26*x29 + 8.990630*x26*x30 + 4.659762*x27*x1 + 4.245211*x27*x2 + 8.401818*x27*x3 + 4.908969*x27*x4 + 5.763818*x27*x5 + 5.812114*x27*x6 + 4.043917*x27*x7 + 2.314876*x27*x8 + 2.145192*x27*x9 + 5.532750*x27*x10 + 2.584090*x27*x11 + 4.185315*x27*x12 + 1.832335*x27*x13 + 8.758182*x27*x14 + 1.138749*x27*x15 + 3.185765*x27*x16 + 5.001794*x27*x17 + 7.249056*x27*x18 + 6.862755*x27*x19 + 5.269609*x27*x20 + 8.421764*x27*x21 + 5.560600*x27*x22 + 6.110576*x27*x23 + 4.261366*x27*x24 + 2.565717*x27*x25 + 6.080257*x27*x26  - 2.149344*x27*x27 + 9.188414*x27*x28 + 1.579696*x27*x29 + 5.959012*x27*x30 + 4.630603*x28*x1 + 3.237595*x28*x2 + 4.232925*x28*x3 + 4.570171*x28*x4 + 5.476570*x28*x5 + 5.372781*x28*x6 + 3.577505*x28*x7 + 6.403718*x28*x8 + 5.181191*x28*x9 + 1.568453*x28*x10 + 6.170163*x28*x11 + 3.217918*x28*x12 + 8.315945*x28*x13 + 5.062688*x28*x14 + 4.898770*x28*x15 + 5.518431*x28*x16 + 5.091018*x28*x17 + 4.664346*x28*x18 + 6.881003*x28*x19 + 6.044257*x28*x20 + 1.699154*x28*x21 + 5.265037*x28*x22 + 8.542505*x28*x23 + 6.259231*x28*x24 + 6.727001*x28*x25 + 3.162128*x28*x26 + 9.188414*x28*x27  - 0.918069*x28*x28 + 1.158781*x28*x29 + 5.575207*x28*x30 + 2.186523*x29*x1 + 8.077923*x29*x2 + 5.653503*x29*x3 + 7.276449*x29*x4 + 4.758699*x29*x5 + 2.959075*x29*x6 + 3.750541*x29*x7 + 6.937620*x29*x8 + 5.704748*x29*x9 + 8.011738*x29*x10 + 6.317326*x29*x11 + 4.757088*x29*x12 + 2.664869*x29*x13 + 3.337799*x29*x14 + 4.883066*x29*x15 + 4.317571*x29*x16 + 5.281504*x29*x17 + 4.069792*x29*x18 + 5.660304*x29*x19 + 5.228760*x29*x20 + 5.582055*x29*x21 + 8.428797*x29*x22 + 7.158646*x29*x23 + 5.436844*x29*x24 + 6.853507*x29*x25 + 8.264682*x29*x26 + 1.579696*x29*x27 + 1.158781*x29*x28  - 3.129159*x29*x29 + 2.922902*x29*x30 + 6.844357*x30*x1 + 4.878586*x30*x2 + 5.479331*x30*x3 + 5.565515*x30*x4 + 2.661114*x30*x5 + 6.481503*x30*x6 + 7.150855*x30*x7 + 4.865560*x30*x8 + 4.630056*x30*x9 + 5.452891*x30*x10 + 4.938931*x30*x11 + 5.298256*x30*x12 + 4.331795*x30*x13 + 7.771460*x30*x14 + 6.596779*x30*x15 + 3.236737*x30*x16 + 4.668003*x30*x17 + 2.381421*x30*x18 + 1.559833*x30*x19 + 3.353336*x30*x20 + 3.517657*x30*x21 + 4.675702*x30*x22 + 3.040943*x30*x23 + 6.367037*x30*x24 + 5.185754*x30*x25 + 8.990630*x30*x26 + 5.959012*x30*x27 + 5.575207*x30*x28 + 2.922902*x30*x29  - 4.106697*x30*x30 ;
