OPTIONS {
 MaxTime: 10000;
 EpsR: 0.000001;
 }
 
VARIABLES	x1,x2,x3,x4,x5,x6,x7,x8,x9,x10,x11,x12,x13,x14,x15,x16,x17,x18,x19,x20,x21,x22,x23,x24,x25,x26,x27,x28,x29,x30;
LOWER_BOUNDS {
x1: 0.000000;
x2: 0.000000;
x3: 0.000000;
x4: 0.000000;
x5: 0.000000;
x6: 0.000000;
x7: 0.000000;
x8: 0.000000;
x9: 0.000000;
x10: 0.000000;
x11: 0.000000;
x12: 0.000000;
x13: 0.000000;
x14: 0.000000;
x15: 0.000000;
x16: 0.000000;
x17: 0.000000;
x18: 0.000000;
x19: 0.000000;
x20: 0.000000;
x21: 0.000000;
x22: 0.000000;
x23: 0.000000;
x24: 0.000000;
x25: 0.000000;
x26: 0.000000;
x27: 0.000000;
x28: 0.000000;
x29: 0.000000;
x30: 0.000000;
}

UPPER_BOUNDS {
x1: 1.000000;
x2: 1.000000;
x3: 1.000000;
x4: 1.000000;
x5: 1.000000;
x6: 1.000000;
x7: 1.000000;
x8: 1.000000;
x9: 1.000000;
x10: 1.000000;
x11: 1.000000;
x12: 1.000000;
x13: 1.000000;
x14: 1.000000;
x15: 1.000000;
x16: 1.000000;
x17: 1.000000;
x18: 1.000000;
x19: 1.000000;
x20: 1.000000;
x21: 1.000000;
x22: 1.000000;
x23: 1.000000;
x24: 1.000000;
x25: 1.000000;
x26: 1.000000;
x27: 1.000000;
x28: 1.000000;
x29: 1.000000;
x30: 1.000000;
}

EQUATIONS e1;

e1:  1.000000*x1  + 1.000000*x2  + 1.000000*x3  + 1.000000*x4  + 1.000000*x5  + 1.000000*x6  + 1.000000*x7  + 1.000000*x8  + 1.000000*x9  + 1.000000*x10  + 1.000000*x11  + 1.000000*x12  + 1.000000*x13  + 1.000000*x14  + 1.000000*x15  + 1.000000*x16  + 1.000000*x17  + 1.000000*x18  + 1.000000*x19  + 1.000000*x20  + 1.000000*x21  + 1.000000*x22  + 1.000000*x23  + 1.000000*x24  + 1.000000*x25  + 1.000000*x26  + 1.000000*x27  + 1.000000*x28  + 1.000000*x29  + 1.000000*x30  == 1.000000;

OBJ: minimize	 1.167747*x1*x1  - 8.581641*x1*x2  - 2.988027*x1*x3  - 7.430645*x1*x4  - 3.357303*x1*x5  - 5.865150*x1*x6  - 0.526022*x1*x7  - 4.629579*x1*x8  - 7.065620*x1*x9  - 4.036278*x1*x10  - 4.378030*x1*x11  - 2.530962*x1*x12  - 7.557957*x1*x13  - 3.914579*x1*x14  - 3.678564*x1*x15  - 5.223890*x1*x16  - 3.063482*x1*x17  - 1.067572*x1*x18  - 6.992448*x1*x19  - 1.140035*x1*x20  - 5.908736*x1*x21  - 5.561648*x1*x22  - 3.091529*x1*x23  - 0.206010*x1*x24  - 7.848554*x1*x25  - 3.284449*x1*x26  - 0.817071*x1*x27  - 4.691616*x1*x28  - 5.794313*x1*x29  - 1.587201*x1*x30  - 8.581641*x2*x1 + 1.526484*x2*x2  - 6.917521*x2*x3  - 6.103475*x2*x4  - 0.831371*x2*x5  - 1.694809*x2*x6  - 6.383785*x2*x7  - 4.567121*x2*x8  - 3.840472*x2*x9  - 1.643019*x2*x10  - 3.056495*x2*x11  - 4.977626*x2*x12  - 5.636517*x2*x13  - 1.049551*x2*x14  - 8.443962*x2*x15  - 1.320036*x2*x16  - 5.293599*x2*x17  - 5.708380*x2*x18  - 3.471319*x2*x19  - 2.332305*x2*x20  - 9.678744*x2*x21  - 7.916386*x2*x22  - 7.418241*x2*x23  - 3.650796*x2*x24  - 8.921704*x2*x25  - 6.060445*x2*x26  - 2.446786*x2*x27  - 4.165861*x2*x28  - 6.707932*x2*x29  - 0.920789*x2*x30  - 2.988027*x3*x1  - 6.917521*x3*x2 + 1.855656*x3*x3  - 4.293827*x3*x4  - 2.641669*x3*x5  - 5.784209*x3*x6  - 6.802903*x3*x7  - 6.087963*x3*x8  - 7.814657*x3*x9  - 1.778258*x3*x10  - 6.213175*x3*x11  - 7.891104*x3*x12  - 2.325114*x3*x13  - 9.043862*x3*x14  - 4.789860*x3*x15  - 1.152109*x3*x16  - 6.213925*x3*x17  - 5.030561*x3*x18  - 7.996475*x3*x19  - 3.867978*x3*x20  - 1.230285*x3*x21  - 6.575871*x3*x22  - 3.478592*x3*x23  - 6.664863*x3*x24  - 2.320014*x3*x25  - 7.434515*x3*x26  - 1.803638*x3*x27  - 4.779538*x3*x28  - 7.710656*x3*x29  - 7.368218*x3*x30  - 7.430645*x4*x1  - 6.103475*x4*x2  - 4.293827*x4*x3 + 2.538029*x4*x4  - 4.899103*x4*x5  - 6.461632*x4*x6  - 2.980937*x4*x7  - 5.058147*x4*x8  - 5.485423*x4*x9  - 5.354826*x4*x10  - 3.216769*x4*x11  - 3.535533*x4*x12  - 7.896177*x4*x13  - 2.194130*x4*x14  - 7.781929*x4*x15  - 2.746635*x4*x16  - 1.900269*x4*x17  - 6.552879*x4*x18  - 6.453265*x4*x19  - 6.669489*x4*x20  - 2.708311*x4*x21  - 3.873830*x4*x22  - 7.838365*x4*x23  - 5.842508*x4*x24  - 4.215408*x4*x25  - 2.684468*x4*x26  - 5.911038*x4*x27  - 4.637440*x4*x28  - 2.673225*x4*x29  - 6.187091*x4*x30  - 3.357303*x5*x1  - 0.831371*x5*x2  - 2.641669*x5*x3  - 4.899103*x5*x4 + 3.048185*x5*x5  - 4.375960*x5*x6  - 4.260251*x5*x7  - 6.281007*x5*x8  - 3.709935*x5*x9  - 5.288067*x5*x10  - 7.504475*x5*x11  - 7.839564*x5*x12  - 7.357858*x5*x13  - 5.463463*x5*x14  - 2.925335*x5*x15  - 4.719001*x5*x16  - 5.404257*x5*x17  - 1.940231*x5*x18  - 4.915388*x5*x19  - 4.447025*x5*x20  - 7.080959*x5*x21  - 3.743533*x5*x22  - 6.717675*x5*x23  - 7.029319*x5*x24  - 8.476528*x5*x25  - 1.820000*x5*x26  - 2.993434*x5*x27  - 6.672928*x5*x28  - 5.786343*x5*x29  - 1.036118*x5*x30  - 5.865150*x6*x1  - 1.694809*x6*x2  - 5.784209*x6*x3  - 6.461632*x6*x4  - 4.375960*x6*x5 + 1.142131*x6*x6  - 3.929774*x6*x7  - 3.940724*x6*x8  - 8.965148*x6*x9  - 3.610602*x6*x10  - 6.178479*x6*x11  - 6.022045*x6*x12  - 4.844078*x6*x13  - 3.195726*x6*x14  - 6.567320*x6*x15  - 4.734716*x6*x16  - 3.086538*x6*x17  - 7.851094*x6*x18  - 4.188129*x6*x19  - 1.445415*x6*x20  - 6.392371*x6*x21  - 5.164412*x6*x22  - 2.322294*x6*x23  - 5.064177*x6*x24  - 7.372006*x6*x25  - 5.002202*x6*x26  - 5.730268*x6*x27  - 4.303921*x6*x28  - 1.950987*x6*x29  - 2.810921*x6*x30  - 0.526022*x7*x1  - 6.383785*x7*x2  - 6.802903*x7*x3  - 2.980937*x7*x4  - 4.260251*x7*x5  - 3.929774*x7*x6 + 2.506017*x7*x7  - 4.644664*x7*x8  - 5.506851*x7*x9  - 5.996662*x7*x10  - 2.099706*x7*x11  - 4.058993*x7*x12  - 6.962520*x7*x13  - 7.671317*x7*x14  - 5.817989*x7*x15  - 0.712337*x7*x16  - 5.767083*x7*x17  - 4.119179*x7*x18  - 5.283551*x7*x19  - 4.226411*x7*x20  - 1.877473*x7*x21  - 3.789189*x7*x22  - 3.334957*x7*x23  - 6.201305*x7*x24  - 3.955446*x7*x25  - 0.308568*x7*x26  - 7.542573*x7*x27  - 3.722989*x7*x28  - 9.378045*x7*x29  - 4.518244*x7*x30  - 4.629579*x8*x1  - 4.567121*x8*x2  - 6.087963*x8*x3  - 5.058147*x8*x4  - 6.281007*x8*x5  - 3.940724*x8*x6  - 4.644664*x8*x7 + 1.712248*x8*x8  - 3.489983*x8*x9  - 4.745631*x8*x10  - 2.731661*x8*x11  - 8.618321*x8*x12  - 5.330213*x8*x13  - 5.344177*x8*x14  - 5.284659*x8*x15  - 6.038948*x8*x16  - 8.496857*x8*x17  - 6.966548*x8*x18  - 6.143497*x8*x19  - 5.187399*x8*x20  - 2.294928*x8*x21  - 3.103871*x8*x22  - 1.152553*x8*x23  - 4.255194*x8*x24  - 7.802577*x8*x25  - 6.831779*x8*x26  - 7.683369*x8*x27  - 0.679119*x8*x28  - 6.784245*x8*x29  - 4.273130*x8*x30  - 7.065620*x9*x1  - 3.840472*x9*x2  - 7.814657*x9*x3  - 5.485423*x9*x4  - 3.709935*x9*x5  - 8.965148*x9*x6  - 5.506851*x9*x7  - 3.489983*x9*x8 + 1.726939*x9*x9  - 7.634328*x9*x10  - 6.486933*x9*x11  - 3.805248*x9*x12  - 6.282295*x9*x13  - 5.610599*x9*x14  - 4.505522*x9*x15  - 4.789794*x9*x16  - 2.939490*x9*x17  - 7.171449*x9*x18  - 4.839024*x9*x19  - 3.915471*x9*x20  - 4.117879*x9*x21  - 3.296032*x9*x22  - 5.969312*x9*x23  - 7.858107*x9*x24  - 7.781982*x9*x25  - 5.141467*x9*x26  - 6.664247*x9*x27  - 4.214116*x9*x28  - 2.861534*x9*x29  - 4.355443*x9*x30  - 4.036278*x10*x1  - 1.643019*x10*x2  - 1.778258*x10*x3  - 5.354826*x10*x4  - 5.288067*x10*x5  - 3.610602*x10*x6  - 5.996662*x10*x7  - 4.745631*x10*x8  - 7.634328*x10*x9 + 2.279723*x10*x10  - 3.506114*x10*x11  - 9.115622*x10*x12  - 4.386512*x10*x13  - 4.795097*x10*x14  - 9.779681*x10*x15  - 8.691160*x10*x16  - 5.996160*x10*x17  - 7.242107*x10*x18  - 4.371092*x10*x19  - 4.566206*x10*x20  - 5.881731*x10*x21  - 2.427000*x10*x22  - 3.949939*x10*x23  - 3.159426*x10*x24  - 4.739860*x10*x25  - 6.701485*x10*x26  - 5.472372*x10*x27  - 1.685695*x10*x28  - 5.378422*x10*x29  - 5.278222*x10*x30  - 4.378030*x11*x1  - 3.056495*x11*x2  - 6.213175*x11*x3  - 3.216769*x11*x4  - 7.504475*x11*x5  - 6.178479*x11*x6  - 2.099706*x11*x7  - 2.731661*x11*x8  - 6.486933*x11*x9  - 3.506114*x11*x10 + 4.791792*x11*x11  - 8.985930*x11*x12  - 3.222833*x11*x13  - 4.294103*x11*x14  - 3.460669*x11*x15  - 5.788414*x11*x16  - 6.721189*x11*x17  - 5.266602*x11*x18  - 4.108503*x11*x19  - 8.019392*x11*x20  - 1.838621*x11*x21  - 1.115907*x11*x22  - 0.692722*x11*x23  - 0.889182*x11*x24  - 8.137689*x11*x25  - 4.525316*x11*x26  - 2.225736*x11*x27  - 8.312743*x11*x28  - 7.424468*x11*x29  - 4.198663*x11*x30  - 2.530962*x12*x1  - 4.977626*x12*x2  - 7.891104*x12*x3  - 3.535533*x12*x4  - 7.839564*x12*x5  - 6.022045*x12*x6  - 4.058993*x12*x7  - 8.618321*x12*x8  - 3.805248*x12*x9  - 9.115622*x12*x10  - 8.985930*x12*x11 + 3.394931*x12*x12  - 3.247962*x12*x13  - 4.531003*x12*x14  - 6.063559*x12*x15  - 7.357315*x12*x16  - 1.193353*x12*x17  - 6.853023*x12*x18  - 8.904438*x12*x19  - 2.020794*x12*x20  - 5.454528*x12*x21  - 2.951374*x12*x22  - 4.645136*x12*x23  - 2.152952*x12*x24  - 4.864777*x12*x25  - 5.999661*x12*x26  - 9.321196*x12*x27  - 1.360921*x12*x28  - 1.291712*x12*x29  - 5.240565*x12*x30  - 7.557957*x13*x1  - 5.636517*x13*x2  - 2.325114*x13*x3  - 7.896177*x13*x4  - 7.357858*x13*x5  - 4.844078*x13*x6  - 6.962520*x13*x7  - 5.330213*x13*x8  - 6.282295*x13*x9  - 4.386512*x13*x10  - 3.222833*x13*x11  - 3.247962*x13*x12 + 2.228570*x13*x13  - 4.429014*x13*x14  - 4.621238*x13*x15  - 5.544261*x13*x16  - 2.305989*x13*x17  - 8.269135*x13*x18  - 3.658882*x13*x19  - 0.935665*x13*x20  - 4.503942*x13*x21  - 2.031227*x13*x22  - 2.470278*x13*x23  - 6.122534*x13*x24  - 4.862239*x13*x25  - 5.567461*x13*x26  - 1.336465*x13*x27  - 7.404547*x13*x28  - 4.139629*x13*x29  - 4.733958*x13*x30  - 3.914579*x14*x1  - 1.049551*x14*x2  - 9.043862*x14*x3  - 2.194130*x14*x4  - 5.463463*x14*x5  - 3.195726*x14*x6  - 7.671317*x14*x7  - 5.344177*x14*x8  - 5.610599*x14*x9  - 4.795097*x14*x10  - 4.294103*x14*x11  - 4.531003*x14*x12  - 4.429014*x14*x13 + 1.773152*x14*x14  - 5.426433*x14*x15  - 8.182790*x14*x16  - 6.485477*x14*x17  - 1.787613*x14*x18  - 5.532783*x14*x19  - 3.079936*x14*x20  - 8.388034*x14*x21  - 4.484280*x14*x22  - 3.608598*x14*x23  - 4.391786*x14*x24  - 6.516970*x14*x25  - 1.813304*x14*x26  - 5.013039*x14*x27  - 2.712880*x14*x28  - 3.720098*x14*x29  - 5.929118*x14*x30  - 3.678564*x15*x1  - 8.443962*x15*x2  - 4.789860*x15*x3  - 7.781929*x15*x4  - 2.925335*x15*x5  - 6.567320*x15*x6  - 5.817989*x15*x7  - 5.284659*x15*x8  - 4.505522*x15*x9  - 9.779681*x15*x10  - 3.460669*x15*x11  - 6.063559*x15*x12  - 4.621238*x15*x13  - 5.426433*x15*x14 + 3.208000*x15*x15  - 5.829180*x15*x16  - 5.131520*x15*x17  - 4.965434*x15*x18  - 4.982816*x15*x19  - 4.586025*x15*x20  - 4.622270*x15*x21  - 4.291638*x15*x22  - 4.624836*x15*x23  - 4.118953*x15*x24  - 2.925852*x15*x25  - 7.183076*x15*x26  - 8.543550*x15*x27  - 8.968379*x15*x28  - 3.970638*x15*x29  - 3.036708*x15*x30  - 5.223890*x16*x1  - 1.320036*x16*x2  - 1.152109*x16*x3  - 2.746635*x16*x4  - 4.719001*x16*x5  - 4.734716*x16*x6  - 0.712337*x16*x7  - 6.038948*x16*x8  - 4.789794*x16*x9  - 8.691160*x16*x10  - 5.788414*x16*x11  - 7.357315*x16*x12  - 5.544261*x16*x13  - 8.182790*x16*x14  - 5.829180*x16*x15 + 1.640389*x16*x16  - 3.395320*x16*x17  - 6.491972*x16*x18  - 4.143902*x16*x19  - 6.319179*x16*x20  - 6.966435*x16*x21  - 7.574902*x16*x22  - 5.808342*x16*x23  - 4.628654*x16*x24  - 3.906859*x16*x25  - 3.204872*x16*x26  - 3.186346*x16*x27  - 2.552303*x16*x28  - 6.949135*x16*x29  - 7.145494*x16*x30  - 3.063482*x17*x1  - 5.293599*x17*x2  - 6.213925*x17*x3  - 1.900269*x17*x4  - 5.404257*x17*x5  - 3.086538*x17*x6  - 5.767083*x17*x7  - 8.496857*x17*x8  - 2.939490*x17*x9  - 5.996160*x17*x10  - 6.721189*x17*x11  - 1.193353*x17*x12  - 2.305989*x17*x13  - 6.485477*x17*x14  - 5.131520*x17*x15  - 3.395320*x17*x16 + 2.330156*x17*x17  - 3.581383*x17*x18  - 5.622434*x17*x19  - 7.705413*x17*x20  - 5.119123*x17*x21  - 1.902634*x17*x22  - 6.537737*x17*x23  - 3.778172*x17*x24  - 4.437432*x17*x25  - 3.754502*x17*x26  - 8.080612*x17*x27  - 4.910533*x17*x28  - 6.940200*x17*x29  - 6.159932*x17*x30  - 1.067572*x18*x1  - 5.708380*x18*x2  - 5.030561*x18*x3  - 6.552879*x18*x4  - 1.940231*x18*x5  - 7.851094*x18*x6  - 4.119179*x18*x7  - 6.966548*x18*x8  - 7.171449*x18*x9  - 7.242107*x18*x10  - 5.266602*x18*x11  - 6.853023*x18*x12  - 8.269135*x18*x13  - 1.787613*x18*x14  - 4.965434*x18*x15  - 6.491972*x18*x16  - 3.581383*x18*x17 + 2.432787*x18*x18  - 9.748262*x18*x19  - 4.539825*x18*x20  - 1.615301*x18*x21  - 6.841121*x18*x22  - 2.019145*x18*x23  - 2.244481*x18*x24  - 9.231187*x18*x25  - 6.536978*x18*x26  - 5.918329*x18*x27  - 3.290480*x18*x28  - 5.523520*x18*x29  - 8.319933*x18*x30  - 6.992448*x19*x1  - 3.471319*x19*x2  - 7.996475*x19*x3  - 6.453265*x19*x4  - 4.915388*x19*x5  - 4.188129*x19*x6  - 5.283551*x19*x7  - 6.143497*x19*x8  - 4.839024*x19*x9  - 4.371092*x19*x10  - 4.108503*x19*x11  - 8.904438*x19*x12  - 3.658882*x19*x13  - 5.532783*x19*x14  - 4.982816*x19*x15  - 4.143902*x19*x16  - 5.622434*x19*x17  - 9.748262*x19*x18 + 4.243483*x19*x19  - 5.836421*x19*x20  - 7.995766*x19*x21  - 5.207505*x19*x22  - 3.540004*x19*x23  - 6.188948*x19*x24  - 3.763147*x19*x25  - 8.418925*x19*x26  - 6.336896*x19*x27  - 5.573775*x19*x28  - 4.838084*x19*x29  - 0.886686*x19*x30  - 1.140035*x20*x1  - 2.332305*x20*x2  - 3.867978*x20*x3  - 6.669489*x20*x4  - 4.447025*x20*x5  - 1.445415*x20*x6  - 4.226411*x20*x7  - 5.187399*x20*x8  - 3.915471*x20*x9  - 4.566206*x20*x10  - 8.019392*x20*x11  - 2.020794*x20*x12  - 0.935665*x20*x13  - 3.079936*x20*x14  - 4.586025*x20*x15  - 6.319179*x20*x16  - 7.705413*x20*x17  - 4.539825*x20*x18  - 5.836421*x20*x19 + 2.745531*x20*x20  - 2.263687*x20*x21  - 5.201743*x20*x22  - 4.489235*x20*x23  - 8.141773*x20*x24  - 5.146746*x20*x25  - 2.972061*x20*x26  - 4.796211*x20*x27  - 7.648159*x20*x28  - 6.794735*x20*x29  - 1.428356*x20*x30  - 5.908736*x21*x1  - 9.678744*x21*x2  - 1.230285*x21*x3  - 2.708311*x21*x4  - 7.080959*x21*x5  - 6.392371*x21*x6  - 1.877473*x21*x7  - 2.294928*x21*x8  - 4.117879*x21*x9  - 5.881731*x21*x10  - 1.838621*x21*x11  - 5.454528*x21*x12  - 4.503942*x21*x13  - 8.388034*x21*x14  - 4.622270*x21*x15  - 6.966435*x21*x16  - 5.119123*x21*x17  - 1.615301*x21*x18  - 7.995766*x21*x19  - 2.263687*x21*x20 + 2.831182*x21*x21  - 6.835661*x21*x22  - 3.899306*x21*x23  - 2.571359*x21*x24  - 2.386259*x21*x25  - 7.934878*x21*x26  - 4.957783*x21*x27  - 7.737731*x21*x28  - 4.251462*x21*x29  - 7.295956*x21*x30  - 5.561648*x22*x1  - 7.916386*x22*x2  - 6.575871*x22*x3  - 3.873830*x22*x4  - 3.743533*x22*x5  - 5.164412*x22*x6  - 3.789189*x22*x7  - 3.103871*x22*x8  - 3.296032*x22*x9  - 2.427000*x22*x10  - 1.115907*x22*x11  - 2.951374*x22*x12  - 2.031227*x22*x13  - 4.484280*x22*x14  - 4.291638*x22*x15  - 7.574902*x22*x16  - 1.902634*x22*x17  - 6.841121*x22*x18  - 5.207505*x22*x19  - 5.201743*x22*x20  - 6.835661*x22*x21 + 2.074990*x22*x22  - 5.480064*x22*x23  - 2.595629*x22*x24  - 5.680072*x22*x25  - 3.811935*x22*x26  - 2.283288*x22*x27  - 3.323118*x22*x28  - 4.731730*x22*x29  - 4.145217*x22*x30  - 3.091529*x23*x1  - 7.418241*x23*x2  - 3.478592*x23*x3  - 7.838365*x23*x4  - 6.717675*x23*x5  - 2.322294*x23*x6  - 3.334957*x23*x7  - 1.152553*x23*x8  - 5.969312*x23*x9  - 3.949939*x23*x10  - 0.692722*x23*x11  - 4.645136*x23*x12  - 2.470278*x23*x13  - 3.608598*x23*x14  - 4.624836*x23*x15  - 5.808342*x23*x16  - 6.537737*x23*x17  - 2.019145*x23*x18  - 3.540004*x23*x19  - 4.489235*x23*x20  - 3.899306*x23*x21  - 5.480064*x23*x22 + 3.142233*x23*x23  - 4.091266*x23*x24  - 2.795104*x23*x25  - 7.107865*x23*x26  - 1.433792*x23*x27  - 4.674666*x23*x28  - 3.525445*x23*x29  - 7.782809*x23*x30  - 0.206010*x24*x1  - 3.650796*x24*x2  - 6.664863*x24*x3  - 5.842508*x24*x4  - 7.029319*x24*x5  - 5.064177*x24*x6  - 6.201305*x24*x7  - 4.255194*x24*x8  - 7.858107*x24*x9  - 3.159426*x24*x10  - 0.889182*x24*x11  - 2.152952*x24*x12  - 6.122534*x24*x13  - 4.391786*x24*x14  - 4.118953*x24*x15  - 4.628654*x24*x16  - 3.778172*x24*x17  - 2.244481*x24*x18  - 6.188948*x24*x19  - 8.141773*x24*x20  - 2.571359*x24*x21  - 2.595629*x24*x22  - 4.091266*x24*x23 + 1.119087*x24*x24  - 6.260545*x24*x25  - 3.725991*x24*x26  - 4.401860*x24*x27  - 4.648637*x24*x28  - 4.794310*x24*x29  - 6.864988*x24*x30  - 7.848554*x25*x1  - 8.921704*x25*x2  - 2.320014*x25*x3  - 4.215408*x25*x4  - 8.476528*x25*x5  - 7.372006*x25*x6  - 3.955446*x25*x7  - 7.802577*x25*x8  - 7.781982*x25*x9  - 4.739860*x25*x10  - 8.137689*x25*x11  - 4.864777*x25*x12  - 4.862239*x25*x13  - 6.516970*x25*x14  - 2.925852*x25*x15  - 3.906859*x25*x16  - 4.437432*x25*x17  - 9.231187*x25*x18  - 3.763147*x25*x19  - 5.146746*x25*x20  - 2.386259*x25*x21  - 5.680072*x25*x22  - 2.795104*x25*x23  - 6.260545*x25*x24 + 0.830473*x25*x25  - 1.959628*x25*x26  - 2.902910*x25*x27  - 2.961829*x25*x28  - 4.858655*x25*x29  - 6.782812*x25*x30  - 3.284449*x26*x1  - 6.060445*x26*x2  - 7.434515*x26*x3  - 2.684468*x26*x4  - 1.820000*x26*x5  - 5.002202*x26*x6  - 0.308568*x26*x7  - 6.831779*x26*x8  - 5.141467*x26*x9  - 6.701485*x26*x10  - 4.525316*x26*x11  - 5.999661*x26*x12  - 5.567461*x26*x13  - 1.813304*x26*x14  - 7.183076*x26*x15  - 3.204872*x26*x16  - 3.754502*x26*x17  - 6.536978*x26*x18  - 8.418925*x26*x19  - 2.972061*x26*x20  - 7.934878*x26*x21  - 3.811935*x26*x22  - 7.107865*x26*x23  - 3.725991*x26*x24  - 1.959628*x26*x25 + 1.473546*x26*x26  - 5.307096*x26*x27  - 8.318101*x26*x28  - 4.393055*x26*x29  - 4.309698*x26*x30  - 0.817071*x27*x1  - 2.446786*x27*x2  - 1.803638*x27*x3  - 5.911038*x27*x4  - 2.993434*x27*x5  - 5.730268*x27*x6  - 7.542573*x27*x7  - 7.683369*x27*x8  - 6.664247*x27*x9  - 5.472372*x27*x10  - 2.225736*x27*x11  - 9.321196*x27*x12  - 1.336465*x27*x13  - 5.013039*x27*x14  - 8.543550*x27*x15  - 3.186346*x27*x16  - 8.080612*x27*x17  - 5.918329*x27*x18  - 6.336896*x27*x19  - 4.796211*x27*x20  - 4.957783*x27*x21  - 2.283288*x27*x22  - 1.433792*x27*x23  - 4.401860*x27*x24  - 2.902910*x27*x25  - 5.307096*x27*x26 + 2.499366*x27*x27  - 6.924652*x27*x28  - 3.447478*x27*x29  - 2.489577*x27*x30  - 4.691616*x28*x1  - 4.165861*x28*x2  - 4.779538*x28*x3  - 4.637440*x28*x4  - 6.672928*x28*x5  - 4.303921*x28*x6  - 3.722989*x28*x7  - 0.679119*x28*x8  - 4.214116*x28*x9  - 1.685695*x28*x10  - 8.312743*x28*x11  - 1.360921*x28*x12  - 7.404547*x28*x13  - 2.712880*x28*x14  - 8.968379*x28*x15  - 2.552303*x28*x16  - 4.910533*x28*x17  - 3.290480*x28*x18  - 5.573775*x28*x19  - 7.648159*x28*x20  - 7.737731*x28*x21  - 3.323118*x28*x22  - 4.674666*x28*x23  - 4.648637*x28*x24  - 2.961829*x28*x25  - 8.318101*x28*x26  - 6.924652*x28*x27 + 2.541995*x28*x28  - 5.350621*x28*x29  - 4.252249*x28*x30  - 5.794313*x29*x1  - 6.707932*x29*x2  - 7.710656*x29*x3  - 2.673225*x29*x4  - 5.786343*x29*x5  - 1.950987*x29*x6  - 9.378045*x29*x7  - 6.784245*x29*x8  - 2.861534*x29*x9  - 5.378422*x29*x10  - 7.424468*x29*x11  - 1.291712*x29*x12  - 4.139629*x29*x13  - 3.720098*x29*x14  - 3.970638*x29*x15  - 6.949135*x29*x16  - 6.940200*x29*x17  - 5.523520*x29*x18  - 4.838084*x29*x19  - 6.794735*x29*x20  - 4.251462*x29*x21  - 4.731730*x29*x22  - 3.525445*x29*x23  - 4.794310*x29*x24  - 4.858655*x29*x25  - 4.393055*x29*x26  - 3.447478*x29*x27  - 5.350621*x29*x28 + 3.866178*x29*x29  - 6.889512*x29*x30  - 1.587201*x30*x1  - 0.920789*x30*x2  - 7.368218*x30*x3  - 6.187091*x30*x4  - 1.036118*x30*x5  - 2.810921*x30*x6  - 4.518244*x30*x7  - 4.273130*x30*x8  - 4.355443*x30*x9  - 5.278222*x30*x10  - 4.198663*x30*x11  - 5.240565*x30*x12  - 4.733958*x30*x13  - 5.929118*x30*x14  - 3.036708*x30*x15  - 7.145494*x30*x16  - 6.159932*x30*x17  - 8.319933*x30*x18  - 0.886686*x30*x19  - 1.428356*x30*x20  - 7.295956*x30*x21  - 4.145217*x30*x22  - 7.782809*x30*x23  - 6.864988*x30*x24  - 6.782812*x30*x25  - 4.309698*x30*x26  - 2.489577*x30*x27  - 4.252249*x30*x28  - 6.889512*x30*x29 + 1.179620*x30*x30 ;
