OPTIONS {
 MaxTime: 10000;
 EpsR: 0.000001;
 }
 
VARIABLES	x1,x2,x3,x4,x5,x6,x7,x8,x9,x10,x11,x12,x13,x14,x15,x16,x17,x18,x19,x20,x21,x22,x23,x24,x25,x26,x27,x28,x29,x30;
LOWER_BOUNDS {
x1: 0.000000;
x2: 0.000000;
x3: 0.000000;
x4: 0.000000;
x5: 0.000000;
x6: 0.000000;
x7: 0.000000;
x8: 0.000000;
x9: 0.000000;
x10: 0.000000;
x11: 0.000000;
x12: 0.000000;
x13: 0.000000;
x14: 0.000000;
x15: 0.000000;
x16: 0.000000;
x17: 0.000000;
x18: 0.000000;
x19: 0.000000;
x20: 0.000000;
x21: 0.000000;
x22: 0.000000;
x23: 0.000000;
x24: 0.000000;
x25: 0.000000;
x26: 0.000000;
x27: 0.000000;
x28: 0.000000;
x29: 0.000000;
x30: 0.000000;
}

UPPER_BOUNDS {
x1: 1.000000;
x2: 1.000000;
x3: 1.000000;
x4: 1.000000;
x5: 1.000000;
x6: 1.000000;
x7: 1.000000;
x8: 1.000000;
x9: 1.000000;
x10: 1.000000;
x11: 1.000000;
x12: 1.000000;
x13: 1.000000;
x14: 1.000000;
x15: 1.000000;
x16: 1.000000;
x17: 1.000000;
x18: 1.000000;
x19: 1.000000;
x20: 1.000000;
x21: 1.000000;
x22: 1.000000;
x23: 1.000000;
x24: 1.000000;
x25: 1.000000;
x26: 1.000000;
x27: 1.000000;
x28: 1.000000;
x29: 1.000000;
x30: 1.000000;
}

EQUATIONS e1;

e1:  1.000000*x1  + 1.000000*x2  + 1.000000*x3  + 1.000000*x4  + 1.000000*x5  + 1.000000*x6  + 1.000000*x7  + 1.000000*x8  + 1.000000*x9  + 1.000000*x10  + 1.000000*x11  + 1.000000*x12  + 1.000000*x13  + 1.000000*x14  + 1.000000*x15  + 1.000000*x16  + 1.000000*x17  + 1.000000*x18  + 1.000000*x19  + 1.000000*x20  + 1.000000*x21  + 1.000000*x22  + 1.000000*x23  + 1.000000*x24  + 1.000000*x25  + 1.000000*x26  + 1.000000*x27  + 1.000000*x28  + 1.000000*x29  + 1.000000*x30  == 1.000000;

OBJ: minimize	 1.512201*x1*x1 + 4.552501*x1*x2 + 4.634045*x1*x3 + 7.413515*x1*x4 + 3.437399*x1*x5 + 6.946141*x1*x6 + 3.415075*x1*x7 + 8.556373*x1*x8 + 8.022788*x1*x9 + 2.284127*x1*x10 + 7.112983*x1*x11 + 4.727998*x1*x12 + 1.332270*x1*x13 + 6.005432*x1*x14 + 5.829490*x1*x15 + 2.201667*x1*x16 + 8.722113*x1*x17 + 6.361781*x1*x18 + 8.373004*x1*x19 + 7.770289*x1*x20 + 5.351303*x1*x21 + 4.707943*x1*x22 + 5.487753*x1*x23 + 2.301945*x1*x24 + 9.688513*x1*x25 + 7.594151*x1*x26 + 4.820594*x1*x27 + 4.363642*x1*x28 + 5.725837*x1*x29 + 7.649772*x1*x30 + 4.552501*x2*x1 + 1.308767*x2*x2 + 5.724014*x2*x3 + 3.756563*x2*x4 + 3.794324*x2*x5 + 5.752170*x2*x6 + 3.793321*x2*x7 + 5.293033*x2*x8 + 2.157016*x2*x9 + 4.663040*x2*x10 + 5.223344*x2*x11 + 6.304496*x2*x12 + 6.984317*x2*x13 + 4.393693*x2*x14 + 6.878720*x2*x15 + 3.396238*x2*x16 + 8.368792*x2*x17 + 0.439256*x2*x18 + 2.848877*x2*x19 + 1.323833*x2*x20 + 7.345573*x2*x21 + 2.965286*x2*x22 + 2.390597*x2*x23 + 4.722852*x2*x24 + 4.456148*x2*x25 + 5.147927*x2*x26 + 8.886082*x2*x27 + 2.614238*x2*x28 + 7.547729*x2*x29 + 6.072710*x2*x30 + 4.634045*x3*x1 + 5.724014*x3*x2 + 2.553480*x3*x3 + 4.401939*x3*x4 + 8.519905*x3*x5 + 7.522031*x3*x6 + 5.302854*x3*x7 + 4.152846*x3*x8 + 6.826142*x3*x9 + 5.304537*x3*x10 + 5.018319*x3*x11 + 5.272656*x3*x12 + 1.570099*x3*x13 + 2.562867*x3*x14 + 5.567588*x3*x15 + 3.176661*x3*x16 + 1.495407*x3*x17 + 3.442929*x3*x18 + 3.151325*x3*x19 + 5.800040*x3*x20 + 4.062254*x3*x21 + 3.171312*x3*x22 + 2.652280*x3*x23 + 8.598538*x3*x24 + 7.842324*x3*x25 + 2.776327*x3*x26 + 4.461465*x3*x27 + 7.166170*x3*x28 + 3.980248*x3*x29 + 4.613069*x3*x30 + 7.413515*x4*x1 + 3.756563*x4*x2 + 4.401939*x4*x3 + 1.763542*x4*x4 + 3.566651*x4*x5 + 7.852581*x4*x6 + 8.946685*x4*x7 + 4.539067*x4*x8 + 6.079501*x4*x9 + 5.070033*x4*x10 + 4.592513*x4*x11 + 5.982110*x4*x12 + 4.301709*x4*x13 + 3.935145*x4*x14 + 4.541837*x4*x15 + 1.515601*x4*x16 + 7.405910*x4*x17 + 3.206136*x4*x18 + 1.870278*x4*x19 + 3.070963*x4*x20 + 8.288396*x4*x21 + 3.818980*x4*x22 + 6.213608*x4*x23 + 5.399509*x4*x24 + 3.963548*x4*x25 + 7.403469*x4*x26 + 6.428078*x4*x27 + 3.576478*x4*x28 + 5.569315*x4*x29 + 3.542002*x4*x30 + 3.437399*x5*x1 + 3.794324*x5*x2 + 8.519905*x5*x3 + 3.566651*x5*x4 + 4.019299*x5*x5 + 7.696476*x5*x6 + 6.233788*x5*x7 + 4.483536*x5*x8 + 2.681210*x5*x9 + 4.555269*x5*x10 + 2.135684*x5*x11 + 2.888181*x5*x12 + 5.886091*x5*x13 + 4.646910*x5*x14 + 5.061443*x5*x15 + 5.442864*x5*x16 + 5.298815*x5*x17 + 7.586509*x5*x18 + 5.385276*x5*x19 + 4.939277*x5*x20 + 4.811793*x5*x21 + 5.751027*x5*x22 + 4.503342*x5*x23 + 3.644910*x5*x24 + 4.007644*x5*x25 + 6.885779*x5*x26 + 2.988105*x5*x27 + 7.207992*x5*x28 + 3.681315*x5*x29 + 6.701412*x5*x30 + 6.946141*x6*x1 + 5.752170*x6*x2 + 7.522031*x6*x3 + 7.852581*x6*x4 + 7.696476*x6*x5 + 2.967160*x6*x6 + 6.801111*x6*x7 + 6.049092*x6*x8 + 4.431404*x6*x9 + 6.672736*x6*x10 + 6.841959*x6*x11 + 4.883047*x6*x12 + 4.165593*x6*x13 + 4.576840*x6*x14 + 4.098064*x6*x15 + 2.828853*x6*x16 + 7.922488*x6*x17 + 1.597430*x6*x18 + 4.118906*x6*x19 + 0.553598*x6*x20 + 6.070256*x6*x21 + 3.435736*x6*x22 + 7.680215*x6*x23 + 2.093741*x6*x24 + 5.510401*x6*x25 + 8.211654*x6*x26 + 5.712078*x6*x27 + 4.321272*x6*x28 + 1.119272*x6*x29 + 3.103127*x6*x30 + 3.415075*x7*x1 + 3.793321*x7*x2 + 5.302854*x7*x3 + 8.946685*x7*x4 + 6.233788*x7*x5 + 6.801111*x7*x6 + 2.421505*x7*x7 + 5.238770*x7*x8 + 5.716225*x7*x9 + 8.097663*x7*x10 + 3.265959*x7*x11 + 7.246560*x7*x12 + 7.315264*x7*x13 + 6.441050*x7*x14 + 6.340700*x7*x15 + 3.760273*x7*x16 + 4.424504*x7*x17 + 8.730495*x7*x18 + 7.907841*x7*x19 + 5.437269*x7*x20 + 6.860965*x7*x21 + 5.953704*x7*x22 + 0.558940*x7*x23 + 4.515565*x7*x24 + 8.748628*x7*x25 + 3.947794*x7*x26 + 5.531861*x7*x27 + 4.074108*x7*x28 + 3.344675*x7*x29 + 7.093385*x7*x30 + 8.556373*x8*x1 + 5.293033*x8*x2 + 4.152846*x8*x3 + 4.539067*x8*x4 + 4.483536*x8*x5 + 6.049092*x8*x6 + 5.238770*x8*x7 + 1.985991*x8*x8 + 4.287291*x8*x9 + 3.258671*x8*x10 + 2.985799*x8*x11 + 5.403662*x8*x12 + 4.529749*x8*x13 + 7.884840*x8*x14 + 4.027601*x8*x15 + 5.541879*x8*x16 + 6.949626*x8*x17 + 6.631965*x8*x18 + 6.996239*x8*x19 + 3.768016*x8*x20 + 1.154677*x8*x21 + 6.998567*x8*x22 + 0.237878*x8*x23 + 5.431490*x8*x24 + 2.065983*x8*x25 + 4.633416*x8*x26 + 7.775126*x8*x27 + 6.165936*x8*x28 + 6.684077*x8*x29 + 2.973559*x8*x30 + 8.022788*x9*x1 + 2.157016*x9*x2 + 6.826142*x9*x3 + 6.079501*x9*x4 + 2.681210*x9*x5 + 4.431404*x9*x6 + 5.716225*x9*x7 + 4.287291*x9*x8 + 2.157010*x9*x9 + 6.873681*x9*x10 + 6.894759*x9*x11 + 6.875941*x9*x12 + 4.961816*x9*x13 + 3.709405*x9*x14 + 6.208387*x9*x15 + 2.044917*x9*x16 + 1.847063*x9*x17 + 2.550834*x9*x18 + 5.596637*x9*x19 + 5.216323*x9*x20 + 5.838767*x9*x21 + 4.717474*x9*x22 + 3.981912*x9*x23 + 3.778696*x9*x24 + 0.943350*x9*x25 + 3.585034*x9*x26 + 5.003534*x9*x27 + 8.038607*x9*x28 + 7.342503*x9*x29 + 2.006863*x9*x30 + 2.284127*x10*x1 + 4.663040*x10*x2 + 5.304537*x10*x3 + 5.070033*x10*x4 + 4.555269*x10*x5 + 6.672736*x10*x6 + 8.097663*x10*x7 + 3.258671*x10*x8 + 6.873681*x10*x9 + 3.688217*x10*x10 + 3.850088*x10*x11 + 4.565548*x10*x12 + 1.116896*x10*x13 + 8.064561*x10*x14 + 4.243489*x10*x15 + 5.144040*x10*x16 + 4.423156*x10*x17 + 5.257804*x10*x18 + 5.824449*x10*x19 + 7.825878*x10*x20 + 8.292801*x10*x21 + 5.970073*x10*x22 + 6.263697*x10*x23 + 1.321942*x10*x24 + 3.961272*x10*x25 + 9.128688*x10*x26 + 3.670734*x10*x27 + 6.386570*x10*x28 + 4.484645*x10*x29 + 6.702922*x10*x30 + 7.112983*x11*x1 + 5.223344*x11*x2 + 5.018319*x11*x3 + 4.592513*x11*x4 + 2.135684*x11*x5 + 6.841959*x11*x6 + 3.265959*x11*x7 + 2.985799*x11*x8 + 6.894759*x11*x9 + 3.850088*x11*x10 + 2.419242*x11*x11 + 4.847234*x11*x12 + 3.478126*x11*x13 + 2.323311*x11*x14 + 6.786603*x11*x15 + 5.098902*x11*x16 + 3.703113*x11*x17 + 7.338856*x11*x18 + 5.011422*x11*x19 + 5.255588*x11*x20 + 8.236491*x11*x21 + 6.101658*x11*x22 + 6.629771*x11*x23 + 6.344022*x11*x24 + 5.034845*x11*x25 + 3.776812*x11*x26 + 4.111136*x11*x27 + 2.480546*x11*x28 + 5.652497*x11*x29 + 0.636782*x11*x30 + 4.727998*x12*x1 + 6.304496*x12*x2 + 5.272656*x12*x3 + 5.982110*x12*x4 + 2.888181*x12*x5 + 4.883047*x12*x6 + 7.246560*x12*x7 + 5.403662*x12*x8 + 6.875941*x12*x9 + 4.565548*x12*x10 + 4.847234*x12*x11 + 3.083569*x12*x12 + 7.070539*x12*x13 + 1.683467*x12*x14 + 1.986391*x12*x15 + 4.591073*x12*x16 + 1.330288*x12*x17 + 5.437254*x12*x18 + 4.782398*x12*x19 + 6.884544*x12*x20 + 4.563241*x12*x21 + 6.849552*x12*x22 + 4.530957*x12*x23 + 5.054150*x12*x24 + 7.009408*x12*x25 + 1.713533*x12*x26 + 3.671161*x12*x27 + 3.569312*x12*x28 + 6.128282*x12*x29 + 4.903597*x12*x30 + 1.332270*x13*x1 + 6.984317*x13*x2 + 1.570099*x13*x3 + 4.301709*x13*x4 + 5.886091*x13*x5 + 4.165593*x13*x6 + 7.315264*x13*x7 + 4.529749*x13*x8 + 4.961816*x13*x9 + 1.116896*x13*x10 + 3.478126*x13*x11 + 7.070539*x13*x12 + 2.607894*x13*x13 + 8.000784*x13*x14 + 4.019579*x13*x15 + 6.032385*x13*x16 + 2.772275*x13*x17 + 3.827031*x13*x18 + 7.907835*x13*x19 + 4.895823*x13*x20 + 7.634464*x13*x21 + 1.073453*x13*x22 + 1.793835*x13*x23 + 4.495984*x13*x24 + 0.742139*x13*x25 + 6.622980*x13*x26 + 5.073722*x13*x27 + 3.127819*x13*x28 + 5.928138*x13*x29 + 6.220113*x13*x30 + 6.005432*x14*x1 + 4.393693*x14*x2 + 2.562867*x14*x3 + 3.935145*x14*x4 + 4.646910*x14*x5 + 4.576840*x14*x6 + 6.441050*x14*x7 + 7.884840*x14*x8 + 3.709405*x14*x9 + 8.064561*x14*x10 + 2.323311*x14*x11 + 1.683467*x14*x12 + 8.000784*x14*x13 + 3.615436*x14*x14 + 5.735383*x14*x15 + 6.528805*x14*x16 + 6.999718*x14*x17 + 7.173454*x14*x18 + 1.573653*x14*x19 + 1.083713*x14*x20 + 5.337885*x14*x21 + 5.734664*x14*x22 + 3.684421*x14*x23 + 6.299531*x14*x24 + 8.503606*x14*x25 + 2.869601*x14*x26 + 2.996253*x14*x27 + 2.284554*x14*x28 + 2.781349*x14*x29 + 8.105614*x14*x30 + 5.829490*x15*x1 + 6.878720*x15*x2 + 5.567588*x15*x3 + 4.541837*x15*x4 + 5.061443*x15*x5 + 4.098064*x15*x6 + 6.340700*x15*x7 + 4.027601*x15*x8 + 6.208387*x15*x9 + 4.243489*x15*x10 + 6.786603*x15*x11 + 1.986391*x15*x12 + 4.019579*x15*x13 + 5.735383*x15*x14 + 2.523112*x15*x15 + 4.909688*x15*x16 + 6.293616*x15*x17 + 4.419351*x15*x18 + 6.892376*x15*x19 + 1.629279*x15*x20 + 4.874904*x15*x21 + 1.101689*x15*x22 + 5.204753*x15*x23 + 7.443423*x15*x24 + 4.178385*x15*x25 + 7.632042*x15*x26 + 3.065395*x15*x27 + 7.376738*x15*x28 + 3.675855*x15*x29 + 1.947704*x15*x30 + 2.201667*x16*x1 + 3.396238*x16*x2 + 3.176661*x16*x3 + 1.515601*x16*x4 + 5.442864*x16*x5 + 2.828853*x16*x6 + 3.760273*x16*x7 + 5.541879*x16*x8 + 2.044917*x16*x9 + 5.144040*x16*x10 + 5.098902*x16*x11 + 4.591073*x16*x12 + 6.032385*x16*x13 + 6.528805*x16*x14 + 4.909688*x16*x15 + 3.327032*x16*x16 + 2.116179*x16*x17 + 6.998749*x16*x18 + 1.984078*x16*x19 + 7.223528*x16*x20 + 2.885345*x16*x21 + 4.932269*x16*x22 + 4.700274*x16*x23 + 5.854460*x16*x24 + 8.687626*x16*x25 + 2.485641*x16*x26 + 1.410098*x16*x27 + 6.266486*x16*x28 + 1.122500*x16*x29 + 2.558630*x16*x30 + 8.722113*x17*x1 + 8.368792*x17*x2 + 1.495407*x17*x3 + 7.405910*x17*x4 + 5.298815*x17*x5 + 7.922488*x17*x6 + 4.424504*x17*x7 + 6.949626*x17*x8 + 1.847063*x17*x9 + 4.423156*x17*x10 + 3.703113*x17*x11 + 1.330288*x17*x12 + 2.772275*x17*x13 + 6.999718*x17*x14 + 6.293616*x17*x15 + 2.116179*x17*x16 + 3.332640*x17*x17 + 8.388138*x17*x18 + 3.418466*x17*x19 + 5.244059*x17*x20 + 5.670848*x17*x21 + 5.683930*x17*x22 + 3.473688*x17*x23 + 5.691126*x17*x24 + 3.733526*x17*x25 + 5.302087*x17*x26 + 5.840940*x17*x27 + 4.617699*x17*x28 + 5.574989*x17*x29 + 0.645857*x17*x30 + 6.361781*x18*x1 + 0.439256*x18*x2 + 3.442929*x18*x3 + 3.206136*x18*x4 + 7.586509*x18*x5 + 1.597430*x18*x6 + 8.730495*x18*x7 + 6.631965*x18*x8 + 2.550834*x18*x9 + 5.257804*x18*x10 + 7.338856*x18*x11 + 5.437254*x18*x12 + 3.827031*x18*x13 + 7.173454*x18*x14 + 4.419351*x18*x15 + 6.998749*x18*x16 + 8.388138*x18*x17 + 3.956536*x18*x18 + 5.096618*x18*x19 + 5.254606*x18*x20 + 4.848512*x18*x21 + 5.825894*x18*x22 + 4.478590*x18*x23 + 3.652001*x18*x24 + 2.954834*x18*x25 + 7.997745*x18*x26 + 6.453727*x18*x27 + 3.669099*x18*x28 + 5.369927*x18*x29 + 9.886826*x18*x30 + 8.373004*x19*x1 + 2.848877*x19*x2 + 3.151325*x19*x3 + 1.870278*x19*x4 + 5.385276*x19*x5 + 4.118906*x19*x6 + 7.907841*x19*x7 + 6.996239*x19*x8 + 5.596637*x19*x9 + 5.824449*x19*x10 + 5.011422*x19*x11 + 4.782398*x19*x12 + 7.907835*x19*x13 + 1.573653*x19*x14 + 6.892376*x19*x15 + 1.984078*x19*x16 + 3.418466*x19*x17 + 5.096618*x19*x18 + 1.947694*x19*x19 + 3.484136*x19*x20 + 2.576595*x19*x21 + 4.629450*x19*x22 + 4.860761*x19*x23 + 3.636016*x19*x24 + 6.557928*x19*x25 + 6.134122*x19*x26 + 5.726569*x19*x27 + 4.977355*x19*x28 + 2.835745*x19*x29 + 2.363330*x19*x30 + 7.770289*x20*x1 + 1.323833*x20*x2 + 5.800040*x20*x3 + 3.070963*x20*x4 + 4.939277*x20*x5 + 0.553598*x20*x6 + 5.437269*x20*x7 + 3.768016*x20*x8 + 5.216323*x20*x9 + 7.825878*x20*x10 + 5.255588*x20*x11 + 6.884544*x20*x12 + 4.895823*x20*x13 + 1.083713*x20*x14 + 1.629279*x20*x15 + 7.223528*x20*x16 + 5.244059*x20*x17 + 5.254606*x20*x18 + 3.484136*x20*x19 + 3.684312*x20*x20 + 3.525346*x20*x21 + 3.474074*x20*x22 + 5.155546*x20*x23 + 3.190618*x20*x24 + 4.932816*x20*x25 + 6.429120*x20*x26 + 6.766237*x20*x27 + 6.575431*x20*x28 + 6.717052*x20*x29 + 6.636787*x20*x30 + 5.351303*x21*x1 + 7.345573*x21*x2 + 4.062254*x21*x3 + 8.288396*x21*x4 + 4.811793*x21*x5 + 6.070256*x21*x6 + 6.860965*x21*x7 + 1.154677*x21*x8 + 5.838767*x21*x9 + 8.292801*x21*x10 + 8.236491*x21*x11 + 4.563241*x21*x12 + 7.634464*x21*x13 + 5.337885*x21*x14 + 4.874904*x21*x15 + 2.885345*x21*x16 + 5.670848*x21*x17 + 4.848512*x21*x18 + 2.576595*x21*x19 + 3.525346*x21*x20 + 1.644097*x21*x21 + 2.701774*x21*x22 + 3.404021*x21*x23 + 5.058680*x21*x24 + 7.779084*x21*x25 + 6.248454*x21*x26 + 5.427459*x21*x27 + 7.043637*x21*x28 + 6.307468*x21*x29 + 7.314813*x21*x30 + 4.707943*x22*x1 + 2.965286*x22*x2 + 3.171312*x22*x3 + 3.818980*x22*x4 + 5.751027*x22*x5 + 3.435736*x22*x6 + 5.953704*x22*x7 + 6.998567*x22*x8 + 4.717474*x22*x9 + 5.970073*x22*x10 + 6.101658*x22*x11 + 6.849552*x22*x12 + 1.073453*x22*x13 + 5.734664*x22*x14 + 1.101689*x22*x15 + 4.932269*x22*x16 + 5.683930*x22*x17 + 5.825894*x22*x18 + 4.629450*x22*x19 + 3.474074*x22*x20 + 2.701774*x22*x21 + 1.741368*x22*x22 + 6.911275*x22*x23 + 7.364591*x22*x24 + 7.595913*x22*x25 + 6.609821*x22*x26 + 5.456499*x22*x27 + 4.695820*x22*x28 + 4.911279*x22*x29 + 6.399398*x22*x30 + 5.487753*x23*x1 + 2.390597*x23*x2 + 2.652280*x23*x3 + 6.213608*x23*x4 + 4.503342*x23*x5 + 7.680215*x23*x6 + 0.558940*x23*x7 + 0.237878*x23*x8 + 3.981912*x23*x9 + 6.263697*x23*x10 + 6.629771*x23*x11 + 4.530957*x23*x12 + 1.793835*x23*x13 + 3.684421*x23*x14 + 5.204753*x23*x15 + 4.700274*x23*x16 + 3.473688*x23*x17 + 4.478590*x23*x18 + 4.860761*x23*x19 + 5.155546*x23*x20 + 3.404021*x23*x21 + 6.911275*x23*x22 + 1.698939*x23*x23 + 0.985895*x23*x24 + 5.476737*x23*x25 + 8.505977*x23*x26 + 4.826797*x23*x27 + 7.474105*x23*x28 + 4.583687*x23*x29 + 6.048322*x23*x30 + 2.301945*x24*x1 + 4.722852*x24*x2 + 8.598538*x24*x3 + 5.399509*x24*x4 + 3.644910*x24*x5 + 2.093741*x24*x6 + 4.515565*x24*x7 + 5.431490*x24*x8 + 3.778696*x24*x9 + 1.321942*x24*x10 + 6.344022*x24*x11 + 5.054150*x24*x12 + 4.495984*x24*x13 + 6.299531*x24*x14 + 7.443423*x24*x15 + 5.854460*x24*x16 + 5.691126*x24*x17 + 3.652001*x24*x18 + 3.636016*x24*x19 + 3.190618*x24*x20 + 5.058680*x24*x21 + 7.364591*x24*x22 + 0.985895*x24*x23 + 2.149814*x24*x24 + 5.787855*x24*x25 + 2.958785*x24*x26 + 8.983824*x24*x27 + 7.633633*x24*x28 + 3.944297*x24*x29 + 4.727642*x24*x30 + 9.688513*x25*x1 + 4.456148*x25*x2 + 7.842324*x25*x3 + 3.963548*x25*x4 + 4.007644*x25*x5 + 5.510401*x25*x6 + 8.748628*x25*x7 + 2.065983*x25*x8 + 0.943350*x25*x9 + 3.961272*x25*x10 + 5.034845*x25*x11 + 7.009408*x25*x12 + 0.742139*x25*x13 + 8.503606*x25*x14 + 4.178385*x25*x15 + 8.687626*x25*x16 + 3.733526*x25*x17 + 2.954834*x25*x18 + 6.557928*x25*x19 + 4.932816*x25*x20 + 7.779084*x25*x21 + 7.595913*x25*x22 + 5.476737*x25*x23 + 5.787855*x25*x24 + 1.090217*x25*x25 + 6.600825*x25*x26 + 8.313740*x25*x27 + 3.235718*x25*x28 + 7.355366*x25*x29 + 4.304135*x25*x30 + 7.594151*x26*x1 + 5.147927*x26*x2 + 2.776327*x26*x3 + 7.403469*x26*x4 + 6.885779*x26*x5 + 8.211654*x26*x6 + 3.947794*x26*x7 + 4.633416*x26*x8 + 3.585034*x26*x9 + 9.128688*x26*x10 + 3.776812*x26*x11 + 1.713533*x26*x12 + 6.622980*x26*x13 + 2.869601*x26*x14 + 7.632042*x26*x15 + 2.485641*x26*x16 + 5.302087*x26*x17 + 7.997745*x26*x18 + 6.134122*x26*x19 + 6.429120*x26*x20 + 6.248454*x26*x21 + 6.609821*x26*x22 + 8.505977*x26*x23 + 2.958785*x26*x24 + 6.600825*x26*x25 + 2.108404*x26*x26 + 4.451564*x26*x27 + 5.271922*x26*x28 + 6.169644*x26*x29 + 6.808745*x26*x30 + 4.820594*x27*x1 + 8.886082*x27*x2 + 4.461465*x27*x3 + 6.428078*x27*x4 + 2.988105*x27*x5 + 5.712078*x27*x6 + 5.531861*x27*x7 + 7.775126*x27*x8 + 5.003534*x27*x9 + 3.670734*x27*x10 + 4.111136*x27*x11 + 3.671161*x27*x12 + 5.073722*x27*x13 + 2.996253*x27*x14 + 3.065395*x27*x15 + 1.410098*x27*x16 + 5.840940*x27*x17 + 6.453727*x27*x18 + 5.726569*x27*x19 + 6.766237*x27*x20 + 5.427459*x27*x21 + 5.456499*x27*x22 + 4.826797*x27*x23 + 8.983824*x27*x24 + 8.313740*x27*x25 + 4.451564*x27*x26 + 1.399892*x27*x27 + 5.028087*x27*x28 + 7.090361*x27*x29 + 4.176279*x27*x30 + 4.363642*x28*x1 + 2.614238*x28*x2 + 7.166170*x28*x3 + 3.576478*x28*x4 + 7.207992*x28*x5 + 4.321272*x28*x6 + 4.074108*x28*x7 + 6.165936*x28*x8 + 8.038607*x28*x9 + 6.386570*x28*x10 + 2.480546*x28*x11 + 3.569312*x28*x12 + 3.127819*x28*x13 + 2.284554*x28*x14 + 7.376738*x28*x15 + 6.266486*x28*x16 + 4.617699*x28*x17 + 3.669099*x28*x18 + 4.977355*x28*x19 + 6.575431*x28*x20 + 7.043637*x28*x21 + 4.695820*x28*x22 + 7.474105*x28*x23 + 7.633633*x28*x24 + 3.235718*x28*x25 + 5.271922*x28*x26 + 5.028087*x28*x27 + 3.203054*x28*x28 + 8.302445*x28*x29 + 6.757640*x28*x30 + 5.725837*x29*x1 + 7.547729*x29*x2 + 3.980248*x29*x3 + 5.569315*x29*x4 + 3.681315*x29*x5 + 1.119272*x29*x6 + 3.344675*x29*x7 + 6.684077*x29*x8 + 7.342503*x29*x9 + 4.484645*x29*x10 + 5.652497*x29*x11 + 6.128282*x29*x12 + 5.928138*x29*x13 + 2.781349*x29*x14 + 3.675855*x29*x15 + 1.122500*x29*x16 + 5.574989*x29*x17 + 5.369927*x29*x18 + 2.835745*x29*x19 + 6.717052*x29*x20 + 6.307468*x29*x21 + 4.911279*x29*x22 + 4.583687*x29*x23 + 3.944297*x29*x24 + 7.355366*x29*x25 + 6.169644*x29*x26 + 7.090361*x29*x27 + 8.302445*x29*x28 + 2.543058*x29*x29 + 7.413281*x29*x30 + 7.649772*x30*x1 + 6.072710*x30*x2 + 4.613069*x30*x3 + 3.542002*x30*x4 + 6.701412*x30*x5 + 3.103127*x30*x6 + 7.093385*x30*x7 + 2.973559*x30*x8 + 2.006863*x30*x9 + 6.702922*x30*x10 + 0.636782*x30*x11 + 4.903597*x30*x12 + 6.220113*x30*x13 + 8.105614*x30*x14 + 1.947704*x30*x15 + 2.558630*x30*x16 + 0.645857*x30*x17 + 9.886826*x30*x18 + 2.363330*x30*x19 + 6.636787*x30*x20 + 7.314813*x30*x21 + 6.399398*x30*x22 + 6.048322*x30*x23 + 4.727642*x30*x24 + 4.304135*x30*x25 + 6.808745*x30*x26 + 4.176279*x30*x27 + 6.757640*x30*x28 + 7.413281*x30*x29 + 4.377243*x30*x30 ;
