OPTIONS {
 MaxTime: 10000;
 EpsR: 0.000001;
 }
 
VARIABLES	x1,x2,x3,x4,x5,x6,x7,x8,x9,x10,x11,x12,x13,x14,x15,x16,x17,x18,x19,x20,x21,x22,x23,x24,x25,x26,x27,x28,x29,x30;
LOWER_BOUNDS {
x1: 0.000000;
x2: 0.000000;
x3: 0.000000;
x4: 0.000000;
x5: 0.000000;
x6: 0.000000;
x7: 0.000000;
x8: 0.000000;
x9: 0.000000;
x10: 0.000000;
x11: 0.000000;
x12: 0.000000;
x13: 0.000000;
x14: 0.000000;
x15: 0.000000;
x16: 0.000000;
x17: 0.000000;
x18: 0.000000;
x19: 0.000000;
x20: 0.000000;
x21: 0.000000;
x22: 0.000000;
x23: 0.000000;
x24: 0.000000;
x25: 0.000000;
x26: 0.000000;
x27: 0.000000;
x28: 0.000000;
x29: 0.000000;
x30: 0.000000;
}

UPPER_BOUNDS {
x1: 1.000000;
x2: 1.000000;
x3: 1.000000;
x4: 1.000000;
x5: 1.000000;
x6: 1.000000;
x7: 1.000000;
x8: 1.000000;
x9: 1.000000;
x10: 1.000000;
x11: 1.000000;
x12: 1.000000;
x13: 1.000000;
x14: 1.000000;
x15: 1.000000;
x16: 1.000000;
x17: 1.000000;
x18: 1.000000;
x19: 1.000000;
x20: 1.000000;
x21: 1.000000;
x22: 1.000000;
x23: 1.000000;
x24: 1.000000;
x25: 1.000000;
x26: 1.000000;
x27: 1.000000;
x28: 1.000000;
x29: 1.000000;
x30: 1.000000;
}

EQUATIONS e1;

e1:  1.000000*x1  + 1.000000*x2  + 1.000000*x3  + 1.000000*x4  + 1.000000*x5  + 1.000000*x6  + 1.000000*x7  + 1.000000*x8  + 1.000000*x9  + 1.000000*x10  + 1.000000*x11  + 1.000000*x12  + 1.000000*x13  + 1.000000*x14  + 1.000000*x15  + 1.000000*x16  + 1.000000*x17  + 1.000000*x18  + 1.000000*x19  + 1.000000*x20  + 1.000000*x21  + 1.000000*x22  + 1.000000*x23  + 1.000000*x24  + 1.000000*x25  + 1.000000*x26  + 1.000000*x27  + 1.000000*x28  + 1.000000*x29  + 1.000000*x30  == 1.000000;

OBJ: minimize	 1.529939*x1*x1 + 5.628568*x1*x2  - 1.911415*x1*x3 + 0.982132*x1*x4 + 4.713038*x1*x5 + 6.611259*x1*x6  - 4.760287*x1*x7 + 7.976940*x1*x8 + 2.534269*x1*x9  - 2.980850*x1*x10 + 6.089710*x1*x11  - 2.107284*x1*x12 + 5.523266*x1*x13 + 0.144451*x1*x14  - 5.984477*x1*x15  - 5.598953*x1*x16  - 4.233628*x1*x17 + 5.639176*x1*x18 + 8.595129*x1*x19  - 7.558084*x1*x20 + 4.859176*x1*x21  - 4.972065*x1*x22 + 4.487663*x1*x23  - 3.468838*x1*x24 + 2.042219*x1*x25 + 7.492578*x1*x26 + 4.811037*x1*x27 + 6.085554*x1*x28 + 5.466378*x1*x29  - 5.895376*x1*x30 + 5.628568*x2*x1  - 0.373846*x2*x2  - 4.978593*x2*x3 + 5.302938*x2*x4 + 3.204333*x2*x5 + 1.919488*x2*x6  - 3.269476*x2*x7  - 3.205812*x2*x8  - 2.528218*x2*x9 + 0.451688*x2*x10 + 0.194976*x2*x11 + 8.130655*x2*x12 + 2.001794*x2*x13 + 2.761036*x2*x14 + 2.976707*x2*x15 + 2.781635*x2*x16  - 4.450680*x2*x17  - 0.888077*x2*x18 + 3.224169*x2*x19 + 4.407083*x2*x20 + 2.189241*x2*x21  - 6.692337*x2*x22 + 1.542025*x2*x23 + 5.210751*x2*x24  - 1.740163*x2*x25 + 4.872722*x2*x26 + 1.242443*x2*x27  - 1.367241*x2*x28 + 1.823692*x2*x29 + 4.160568*x2*x30  - 1.911415*x3*x1  - 4.978593*x3*x2 + 3.215809*x3*x3  - 8.163479*x3*x4 + 0.182340*x3*x5  - 1.409100*x3*x6 + 1.338615*x3*x7 + 5.245838*x3*x8 + 4.812532*x3*x9  - 3.203086*x3*x10 + 2.313481*x3*x11 + 7.727705*x3*x12 + 5.264741*x3*x13 + 5.663046*x3*x14 + 0.160543*x3*x15  - 2.289482*x3*x16 + 6.738426*x3*x17  - 0.051679*x3*x18 + 1.993740*x3*x19  - 5.214531*x3*x20 + 2.585283*x3*x21  - 3.667473*x3*x22 + 0.209343*x3*x23  - 4.014287*x3*x24 + 7.737121*x3*x25 + 0.991271*x3*x26  - 3.959631*x3*x27 + 0.230313*x3*x28 + 1.793225*x3*x29 + 1.039278*x3*x30 + 0.982132*x4*x1 + 5.302938*x4*x2  - 8.163479*x4*x3 + 1.925698*x4*x4 + 6.236051*x4*x5  - 1.286376*x4*x6  - 8.010986*x4*x7  - 8.984708*x4*x8 + 2.088982*x4*x9  - 0.902167*x4*x10  - 2.880834*x4*x11 + 7.512018*x4*x12  - 4.381403*x4*x13 + 4.521692*x4*x14 + 3.106920*x4*x15 + 5.968549*x4*x16  - 5.910671*x4*x17  - 4.725021*x4*x18 + 3.294744*x4*x19  - 0.831857*x4*x20  - 1.023978*x4*x21 + 2.423099*x4*x22 + 1.316979*x4*x23 + 5.619923*x4*x24 + 6.029664*x4*x25  - 1.417069*x4*x26  - 3.479788*x4*x27 + 2.133055*x4*x28 + 2.604157*x4*x29  - 0.702795*x4*x30 + 4.713038*x5*x1 + 3.204333*x5*x2 + 0.182340*x5*x3 + 6.236051*x5*x4  - 1.015313*x5*x5  - 0.622829*x5*x6 + 1.886219*x5*x7  - 0.816123*x5*x8  - 3.437917*x5*x9 + 4.378903*x5*x10 + 4.175906*x5*x11 + 0.491101*x5*x12 + 1.612200*x5*x13 + 2.563722*x5*x14 + 5.421795*x5*x15 + 3.363984*x5*x16  - 6.768387*x5*x17 + 5.674432*x5*x18 + 3.771674*x5*x19  - 3.722939*x5*x20  - 1.976721*x5*x21  - 7.263289*x5*x22 + 7.796046*x5*x23  - 4.236606*x5*x24 + 0.304302*x5*x25 + 2.787544*x5*x26 + 7.457633*x5*x27 + 2.246368*x5*x28 + 1.922400*x5*x29  - 2.108899*x5*x30 + 6.611259*x6*x1 + 1.919488*x6*x2  - 1.409100*x6*x3  - 1.286376*x6*x4  - 0.622829*x6*x5 + 3.133060*x6*x6 + 0.096928*x6*x7 + 7.392460*x6*x8  - 3.190271*x6*x9 + 1.669817*x6*x10 + 3.132713*x6*x11 + 5.443226*x6*x12 + 8.345369*x6*x13 + 2.018111*x6*x14 + 7.049898*x6*x15  - 1.294603*x6*x16 + 4.145672*x6*x17  - 5.900238*x6*x18 + 2.483667*x6*x19  - 7.543127*x6*x20 + 3.924893*x6*x21  - 5.668796*x6*x22 + 2.018099*x6*x23 + 1.896007*x6*x24 + 0.929542*x6*x25 + 3.757723*x6*x26  - 7.098640*x6*x27 + 2.351557*x6*x28  - 2.391628*x6*x29  - 1.250191*x6*x30  - 4.760287*x7*x1  - 3.269476*x7*x2 + 1.338615*x7*x3  - 8.010986*x7*x4 + 1.886219*x7*x5 + 0.096928*x7*x6 + 0.524175*x7*x7  - 1.589453*x7*x8  - 4.700011*x7*x9 + 2.504580*x7*x10 + 2.710807*x7*x11 + 3.442902*x7*x12  - 0.682091*x7*x13 + 4.704991*x7*x14 + 4.033095*x7*x15 + 3.362887*x7*x16  - 9.647447*x7*x17  - 4.224253*x7*x18  - 0.353285*x7*x19 + 5.317579*x7*x20  - 3.049101*x7*x21 + 1.615185*x7*x22  - 1.162971*x7*x23 + 2.567805*x7*x24 + 2.133307*x7*x25  - 2.024098*x7*x26  - 4.541877*x7*x27  - 3.949529*x7*x28 + 2.669210*x7*x29 + 5.946270*x7*x30 + 7.976940*x8*x1  - 3.205812*x8*x2 + 5.245838*x8*x3  - 8.984708*x8*x4  - 0.816123*x8*x5 + 7.392460*x8*x6  - 1.589453*x8*x7 + 2.745903*x8*x8 + 5.998026*x8*x9  - 4.106844*x8*x10 + 1.138332*x8*x11 + 2.745455*x8*x12  - 4.826464*x8*x13 + 2.689093*x8*x14 + 3.662884*x8*x15 + 3.610600*x8*x16  - 0.931462*x8*x17  - 0.880151*x8*x18 + 4.848281*x8*x19 + 2.494061*x8*x20 + 3.082327*x8*x21 + 2.497080*x8*x22 + 1.621276*x8*x23 + 5.367991*x8*x24  - 2.199247*x8*x25 + 0.063491*x8*x26  - 2.743977*x8*x27 + 8.482130*x8*x28  - 8.311668*x8*x29  - 4.735406*x8*x30 + 2.534269*x9*x1  - 2.528218*x9*x2 + 4.812532*x9*x3 + 2.088982*x9*x4  - 3.437917*x9*x5  - 3.190271*x9*x6  - 4.700011*x9*x7 + 5.998026*x9*x8 + 2.395090*x9*x9 + 1.834118*x9*x10 + 1.378903*x9*x11 + 5.689470*x9*x12  - 1.512452*x9*x13 + 0.525756*x9*x14  - 2.810872*x9*x15  - 1.005174*x9*x16 + 0.623241*x9*x17 + 6.309372*x9*x18  - 1.721631*x9*x19 + 5.856835*x9*x20 + 1.615586*x9*x21  - 1.631553*x9*x22  - 2.629228*x9*x23 + 8.311212*x9*x24 + 7.823830*x9*x25  - 3.432097*x9*x26  - 4.283032*x9*x27 + 6.913559*x9*x28  - 1.062770*x9*x29  - 6.617335*x9*x30  - 2.980850*x10*x1 + 0.451688*x10*x2  - 3.203086*x10*x3  - 0.902167*x10*x4 + 4.378903*x10*x5 + 1.669817*x10*x6 + 2.504580*x10*x7  - 4.106844*x10*x8 + 1.834118*x10*x9 + 3.680737*x10*x10  - 0.315540*x10*x11  - 2.060384*x10*x12 + 2.426704*x10*x13  - 4.089654*x10*x14 + 8.071771*x10*x15 + 1.079166*x10*x16  - 1.844569*x10*x17 + 0.823092*x10*x18 + 0.162541*x10*x19 + 3.793276*x10*x20  - 6.121599*x10*x21 + 6.465937*x10*x22  - 1.167241*x10*x23  - 5.811327*x10*x24 + 7.276439*x10*x25 + 6.145590*x10*x26 + 6.436462*x10*x27 + 2.031702*x10*x28  - 3.234131*x10*x29  - 1.835363*x10*x30 + 6.089710*x11*x1 + 0.194976*x11*x2 + 2.313481*x11*x3  - 2.880834*x11*x4 + 4.175906*x11*x5 + 3.132713*x11*x6 + 2.710807*x11*x7 + 1.138332*x11*x8 + 1.378903*x11*x9  - 0.315540*x11*x10 + 3.086668*x11*x11 + 3.858159*x11*x12 + 0.951118*x11*x13 + 8.187410*x11*x14 + 0.764456*x11*x15  - 0.527759*x11*x16  - 0.414892*x11*x17 + 0.975275*x11*x18  - 6.902308*x11*x19  - 7.672866*x11*x20 + 1.832993*x11*x21 + 1.698533*x11*x22  - 4.591507*x11*x23 + 3.835815*x11*x24  - 7.647157*x11*x25 + 2.955676*x11*x26  - 8.392589*x11*x27  - 5.810718*x11*x28 + 3.474976*x11*x29 + 5.471728*x11*x30  - 2.107284*x12*x1 + 8.130655*x12*x2 + 7.727705*x12*x3 + 7.512018*x12*x4 + 0.491101*x12*x5 + 5.443226*x12*x6 + 3.442902*x12*x7 + 2.745455*x12*x8 + 5.689470*x12*x9  - 2.060384*x12*x10 + 3.858159*x12*x11 + 0.689855*x12*x12  - 7.836914*x12*x13  - 1.365158*x12*x14  - 9.179575*x12*x15 + 4.303410*x12*x16  - 6.567211*x12*x17 + 8.466994*x12*x18  - 1.413720*x12*x19 + 2.516686*x12*x20  - 0.173272*x12*x21 + 3.418552*x12*x22  - 2.109278*x12*x23  - 4.743436*x12*x24 + 3.133405*x12*x25 + 7.511702*x12*x26 + 9.249489*x12*x27 + 4.118148*x12*x28  - 5.219967*x12*x29  - 5.667793*x12*x30 + 5.523266*x13*x1 + 2.001794*x13*x2 + 5.264741*x13*x3  - 4.381403*x13*x4 + 1.612200*x13*x5 + 8.345369*x13*x6  - 0.682091*x13*x7  - 4.826464*x13*x8  - 1.512452*x13*x9 + 2.426704*x13*x10 + 0.951118*x13*x11  - 7.836914*x13*x12 + 3.514783*x13*x13 + 0.551034*x13*x14 + 2.976464*x13*x15  - 4.885920*x13*x16 + 0.580375*x13*x17 + 3.056049*x13*x18  - 4.250820*x13*x19 + 0.800155*x13*x20 + 3.080110*x13*x21 + 3.200629*x13*x22 + 2.285876*x13*x23 + 0.879095*x13*x24 + 1.578343*x13*x25  - 3.131448*x13*x26  - 3.708585*x13*x27  - 6.562134*x13*x28 + 8.773277*x13*x29  - 5.199385*x13*x30 + 0.144451*x14*x1 + 2.761036*x14*x2 + 5.663046*x14*x3 + 4.521692*x14*x4 + 2.563722*x14*x5 + 2.018111*x14*x6 + 4.704991*x14*x7 + 2.689093*x14*x8 + 0.525756*x14*x9  - 4.089654*x14*x10 + 8.187410*x14*x11  - 1.365158*x14*x12 + 0.551034*x14*x13  - 0.553465*x14*x14 + 5.929001*x14*x15 + 1.352450*x14*x16  - 4.292895*x14*x17 + 7.954860*x14*x18 + 5.784974*x14*x19 + 3.790618*x14*x20 + 5.369856*x14*x21  - 2.399593*x14*x22  - 2.760216*x14*x23 + 0.459098*x14*x24 + 3.513414*x14*x25 + 1.466260*x14*x26 + 2.020910*x14*x27 + 2.786792*x14*x28 + 0.312990*x14*x29  - 8.008470*x14*x30  - 5.984477*x15*x1 + 2.976707*x15*x2 + 0.160543*x15*x3 + 3.106920*x15*x4 + 5.421795*x15*x5 + 7.049898*x15*x6 + 4.033095*x15*x7 + 3.662884*x15*x8  - 2.810872*x15*x9 + 8.071771*x15*x10 + 0.764456*x15*x11  - 9.179575*x15*x12 + 2.976464*x15*x13 + 5.929001*x15*x14  - 1.175570*x15*x15 + 3.667586*x15*x16  - 6.296350*x15*x17  - 1.383223*x15*x18  - 7.096948*x15*x19  - 3.341490*x15*x20 + 2.689834*x15*x21  - 1.528141*x15*x22  - 1.697158*x15*x23 + 3.033753*x15*x24  - 5.089847*x15*x25 + 7.080301*x15*x26 + 1.827609*x15*x27  - 6.558999*x15*x28  - 4.586010*x15*x29 + 4.266006*x15*x30  - 5.598953*x16*x1 + 2.781635*x16*x2  - 2.289482*x16*x3 + 5.968549*x16*x4 + 3.363984*x16*x5  - 1.294603*x16*x6 + 3.362887*x16*x7 + 3.610600*x16*x8  - 1.005174*x16*x9 + 1.079166*x16*x10  - 0.527759*x16*x11 + 4.303410*x16*x12  - 4.885920*x16*x13 + 1.352450*x16*x14 + 3.667586*x16*x15  - 1.576007*x16*x16  - 9.635442*x16*x17  - 9.189809*x16*x18  - 3.841780*x16*x19 + 4.189626*x16*x20 + 0.929327*x16*x21 + 0.534635*x16*x22  - 0.327941*x16*x23  - 3.738632*x16*x24 + 3.000412*x16*x25  - 5.946477*x16*x26  - 1.644416*x16*x27  - 5.851741*x16*x28  - 1.903102*x16*x29  - 0.352013*x16*x30  - 4.233628*x17*x1  - 4.450680*x17*x2 + 6.738426*x17*x3  - 5.910671*x17*x4  - 6.768387*x17*x5 + 4.145672*x17*x6  - 9.647447*x17*x7  - 0.931462*x17*x8 + 0.623241*x17*x9  - 1.844569*x17*x10  - 0.414892*x17*x11  - 6.567211*x17*x12 + 0.580375*x17*x13  - 4.292895*x17*x14  - 6.296350*x17*x15  - 9.635442*x17*x16  - 1.029542*x17*x17  - 1.640020*x17*x18  - 4.750098*x17*x19 + 5.809478*x17*x20  - 0.110899*x17*x21  - 1.584794*x17*x22 + 2.615392*x17*x23  - 4.079200*x17*x24  - 5.284377*x17*x25 + 2.813734*x17*x26 + 0.964779*x17*x27 + 3.945317*x17*x28 + 6.709629*x17*x29  - 5.768847*x17*x30 + 5.639176*x18*x1  - 0.888077*x18*x2  - 0.051679*x18*x3  - 4.725021*x18*x4 + 5.674432*x18*x5  - 5.900238*x18*x6  - 4.224253*x18*x7  - 0.880151*x18*x8 + 6.309372*x18*x9 + 0.823092*x18*x10 + 0.975275*x18*x11 + 8.466994*x18*x12 + 3.056049*x18*x13 + 7.954860*x18*x14  - 1.383223*x18*x15  - 9.189809*x18*x16  - 1.640020*x18*x17  - 0.909008*x18*x18  - 7.395466*x18*x19 + 0.059633*x18*x20 + 5.790775*x18*x21  - 3.725091*x18*x22 + 8.677564*x18*x23 + 3.518710*x18*x24 + 3.217129*x18*x25 + 2.600486*x18*x26  - 1.903415*x18*x27 + 3.346785*x18*x28 + 8.254714*x18*x29  - 6.577461*x18*x30 + 8.595129*x19*x1 + 3.224169*x19*x2 + 1.993740*x19*x3 + 3.294744*x19*x4 + 3.771674*x19*x5 + 2.483667*x19*x6  - 0.353285*x19*x7 + 4.848281*x19*x8  - 1.721631*x19*x9 + 0.162541*x19*x10  - 6.902308*x19*x11  - 1.413720*x19*x12  - 4.250820*x19*x13 + 5.784974*x19*x14  - 7.096948*x19*x15  - 3.841780*x19*x16  - 4.750098*x19*x17  - 7.395466*x19*x18 + 2.096344*x19*x19  - 1.072388*x19*x20  - 1.254611*x19*x21 + 4.092486*x19*x22 + 7.001914*x19*x23 + 3.799916*x19*x24  - 5.658576*x19*x25 + 3.237398*x19*x26  - 2.462683*x19*x27 + 2.787755*x19*x28 + 1.271585*x19*x29 + 3.471126*x19*x30  - 7.558084*x20*x1 + 4.407083*x20*x2  - 5.214531*x20*x3  - 0.831857*x20*x4  - 3.722939*x20*x5  - 7.543127*x20*x6 + 5.317579*x20*x7 + 2.494061*x20*x8 + 5.856835*x20*x9 + 3.793276*x20*x10  - 7.672866*x20*x11 + 2.516686*x20*x12 + 0.800155*x20*x13 + 3.790618*x20*x14  - 3.341490*x20*x15 + 4.189626*x20*x16 + 5.809478*x20*x17 + 0.059633*x20*x18  - 1.072388*x20*x19 + 4.358754*x20*x20  - 1.689438*x20*x21 + 0.940493*x20*x22  - 1.087263*x20*x23  - 6.971877*x20*x24 + 5.157512*x20*x25 + 6.762322*x20*x26 + 2.797704*x20*x27 + 6.409294*x20*x28  - 1.044210*x20*x29  - 1.687982*x20*x30 + 4.859176*x21*x1 + 2.189241*x21*x2 + 2.585283*x21*x3  - 1.023978*x21*x4  - 1.976721*x21*x5 + 3.924893*x21*x6  - 3.049101*x21*x7 + 3.082327*x21*x8 + 1.615586*x21*x9  - 6.121599*x21*x10 + 1.832993*x21*x11  - 0.173272*x21*x12 + 3.080110*x21*x13 + 5.369856*x21*x14 + 2.689834*x21*x15 + 0.929327*x21*x16  - 0.110899*x21*x17 + 5.790775*x21*x18  - 1.254611*x21*x19  - 1.689438*x21*x20 + 1.499613*x21*x21 + 0.218568*x21*x22 + 8.240355*x21*x23  - 4.868358*x21*x24 + 4.237005*x21*x25  - 0.454102*x21*x26 + 4.457253*x21*x27  - 1.821652*x21*x28  - 7.411640*x21*x29 + 2.298138*x21*x30  - 4.972065*x22*x1  - 6.692337*x22*x2  - 3.667473*x22*x3 + 2.423099*x22*x4  - 7.263289*x22*x5  - 5.668796*x22*x6 + 1.615185*x22*x7 + 2.497080*x22*x8  - 1.631553*x22*x9 + 6.465937*x22*x10 + 1.698533*x22*x11 + 3.418552*x22*x12 + 3.200629*x22*x13  - 2.399593*x22*x14  - 1.528141*x22*x15 + 0.534635*x22*x16  - 1.584794*x22*x17  - 3.725091*x22*x18 + 4.092486*x22*x19 + 0.940493*x22*x20 + 0.218568*x22*x21  - 2.401242*x22*x22 + 9.433720*x22*x23 + 2.879533*x22*x24 + 3.752341*x22*x25 + 2.501207*x22*x26 + 4.355494*x22*x27 + 0.354338*x22*x28  - 0.406789*x22*x29 + 4.069887*x22*x30 + 4.487663*x23*x1 + 1.542025*x23*x2 + 0.209343*x23*x3 + 1.316979*x23*x4 + 7.796046*x23*x5 + 2.018099*x23*x6  - 1.162971*x23*x7 + 1.621276*x23*x8  - 2.629228*x23*x9  - 1.167241*x23*x10  - 4.591507*x23*x11  - 2.109278*x23*x12 + 2.285876*x23*x13  - 2.760216*x23*x14  - 1.697158*x23*x15  - 0.327941*x23*x16 + 2.615392*x23*x17 + 8.677564*x23*x18 + 7.001914*x23*x19  - 1.087263*x23*x20 + 8.240355*x23*x21 + 9.433720*x23*x22 + 0.233414*x23*x23  - 4.784777*x23*x24  - 6.181072*x23*x25  - 0.030047*x23*x26 + 3.709651*x23*x27 + 5.885436*x23*x28 + 2.793004*x23*x29 + 3.138549*x23*x30  - 3.468838*x24*x1 + 5.210751*x24*x2  - 4.014287*x24*x3 + 5.619923*x24*x4  - 4.236606*x24*x5 + 1.896007*x24*x6 + 2.567805*x24*x7 + 5.367991*x24*x8 + 8.311212*x24*x9  - 5.811327*x24*x10 + 3.835815*x24*x11  - 4.743436*x24*x12 + 0.879095*x24*x13 + 0.459098*x24*x14 + 3.033753*x24*x15  - 3.738632*x24*x16  - 4.079200*x24*x17 + 3.518710*x24*x18 + 3.799916*x24*x19  - 6.971877*x24*x20  - 4.868358*x24*x21 + 2.879533*x24*x22  - 4.784777*x24*x23  - 0.763888*x24*x24  - 0.657394*x24*x25  - 3.763819*x24*x26 + 1.853375*x24*x27 + 5.053149*x24*x28  - 1.923256*x24*x29 + 8.212821*x24*x30 + 2.042219*x25*x1  - 1.740163*x25*x2 + 7.737121*x25*x3 + 6.029664*x25*x4 + 0.304302*x25*x5 + 0.929542*x25*x6 + 2.133307*x25*x7  - 2.199247*x25*x8 + 7.823830*x25*x9 + 7.276439*x25*x10  - 7.647157*x25*x11 + 3.133405*x25*x12 + 1.578343*x25*x13 + 3.513414*x25*x14  - 5.089847*x25*x15 + 3.000412*x25*x16  - 5.284377*x25*x17 + 3.217129*x25*x18  - 5.658576*x25*x19 + 5.157512*x25*x20 + 4.237005*x25*x21 + 3.752341*x25*x22  - 6.181072*x25*x23  - 0.657394*x25*x24 + 1.428101*x25*x25  - 6.577868*x25*x26 + 2.081807*x25*x27  - 4.085319*x25*x28  - 5.565829*x25*x29 + 6.288830*x25*x30 + 7.492578*x26*x1 + 4.872722*x26*x2 + 0.991271*x26*x3  - 1.417069*x26*x4 + 2.787544*x26*x5 + 3.757723*x26*x6  - 2.024098*x26*x7 + 0.063491*x26*x8  - 3.432097*x26*x9 + 6.145590*x26*x10 + 2.955676*x26*x11 + 7.511702*x26*x12  - 3.131448*x26*x13 + 1.466260*x26*x14 + 7.080301*x26*x15  - 5.946477*x26*x16 + 2.813734*x26*x17 + 2.600486*x26*x18 + 3.237398*x26*x19 + 6.762322*x26*x20  - 0.454102*x26*x21 + 2.501207*x26*x22  - 0.030047*x26*x23  - 3.763819*x26*x24  - 6.577868*x26*x25 + 0.892920*x26*x26 + 7.598958*x26*x27  - 5.826249*x26*x28 + 3.230597*x26*x29  - 9.018288*x26*x30 + 4.811037*x27*x1 + 1.242443*x27*x2  - 3.959631*x27*x3  - 3.479788*x27*x4 + 7.457633*x27*x5  - 7.098640*x27*x6  - 4.541877*x27*x7  - 2.743977*x27*x8  - 4.283032*x27*x9 + 6.436462*x27*x10  - 8.392589*x27*x11 + 9.249489*x27*x12  - 3.708585*x27*x13 + 2.020910*x27*x14 + 1.827609*x27*x15  - 1.644416*x27*x16 + 0.964779*x27*x17  - 1.903415*x27*x18  - 2.462683*x27*x19 + 2.797704*x27*x20 + 4.457253*x27*x21 + 4.355494*x27*x22 + 3.709651*x27*x23 + 1.853375*x27*x24 + 2.081807*x27*x25 + 7.598958*x27*x26 + 3.722867*x27*x27 + 7.442373*x27*x28 + 3.377810*x27*x29 + 2.806335*x27*x30 + 6.085554*x28*x1  - 1.367241*x28*x2 + 0.230313*x28*x3 + 2.133055*x28*x4 + 2.246368*x28*x5 + 2.351557*x28*x6  - 3.949529*x28*x7 + 8.482130*x28*x8 + 6.913559*x28*x9 + 2.031702*x28*x10  - 5.810718*x28*x11 + 4.118148*x28*x12  - 6.562134*x28*x13 + 2.786792*x28*x14  - 6.558999*x28*x15  - 5.851741*x28*x16 + 3.945317*x28*x17 + 3.346785*x28*x18 + 2.787755*x28*x19 + 6.409294*x28*x20  - 1.821652*x28*x21 + 0.354338*x28*x22 + 5.885436*x28*x23 + 5.053149*x28*x24  - 4.085319*x28*x25  - 5.826249*x28*x26 + 7.442373*x28*x27 + 1.731258*x28*x28 + 6.907241*x28*x29 + 4.448941*x28*x30 + 5.466378*x29*x1 + 1.823692*x29*x2 + 1.793225*x29*x3 + 2.604157*x29*x4 + 1.922400*x29*x5  - 2.391628*x29*x6 + 2.669210*x29*x7  - 8.311668*x29*x8  - 1.062770*x29*x9  - 3.234131*x29*x10 + 3.474976*x29*x11  - 5.219967*x29*x12 + 8.773277*x29*x13 + 0.312990*x29*x14  - 4.586010*x29*x15  - 1.903102*x29*x16 + 6.709629*x29*x17 + 8.254714*x29*x18 + 1.271585*x29*x19  - 1.044210*x29*x20  - 7.411640*x29*x21  - 0.406789*x29*x22 + 2.793004*x29*x23  - 1.923256*x29*x24  - 5.565829*x29*x25 + 3.230597*x29*x26 + 3.377810*x29*x27 + 6.907241*x29*x28  - 2.130978*x29*x29  - 6.650202*x29*x30  - 5.895376*x30*x1 + 4.160568*x30*x2 + 1.039278*x30*x3  - 0.702795*x30*x4  - 2.108899*x30*x5  - 1.250191*x30*x6 + 5.946270*x30*x7  - 4.735406*x30*x8  - 6.617335*x30*x9  - 1.835363*x30*x10 + 5.471728*x30*x11  - 5.667793*x30*x12  - 5.199385*x30*x13  - 8.008470*x30*x14 + 4.266006*x30*x15  - 0.352013*x30*x16  - 5.768847*x30*x17  - 6.577461*x30*x18 + 3.471126*x30*x19  - 1.687982*x30*x20 + 2.298138*x30*x21 + 4.069887*x30*x22 + 3.138549*x30*x23 + 8.212821*x30*x24 + 6.288830*x30*x25  - 9.018288*x30*x26 + 2.806335*x30*x27 + 4.448941*x30*x28  - 6.650202*x30*x29  - 0.883682*x30*x30 ;
