OPTIONS {
 MaxTime: 10000;
 EpsR: 0.000001;
 }
 
VARIABLES	x1,x2,x3,x4,x5,x6,x7,x8,x9,x10,x11,x12,x13,x14,x15,x16,x17,x18,x19,x20,x21,x22,x23,x24,x25,x26,x27,x28,x29,x30;
LOWER_BOUNDS {
x1: 0.000000;
x2: 0.000000;
x3: 0.000000;
x4: 0.000000;
x5: 0.000000;
x6: 0.000000;
x7: 0.000000;
x8: 0.000000;
x9: 0.000000;
x10: 0.000000;
x11: 0.000000;
x12: 0.000000;
x13: 0.000000;
x14: 0.000000;
x15: 0.000000;
x16: 0.000000;
x17: 0.000000;
x18: 0.000000;
x19: 0.000000;
x20: 0.000000;
x21: 0.000000;
x22: 0.000000;
x23: 0.000000;
x24: 0.000000;
x25: 0.000000;
x26: 0.000000;
x27: 0.000000;
x28: 0.000000;
x29: 0.000000;
x30: 0.000000;
}

UPPER_BOUNDS {
x1: 1.000000;
x2: 1.000000;
x3: 1.000000;
x4: 1.000000;
x5: 1.000000;
x6: 1.000000;
x7: 1.000000;
x8: 1.000000;
x9: 1.000000;
x10: 1.000000;
x11: 1.000000;
x12: 1.000000;
x13: 1.000000;
x14: 1.000000;
x15: 1.000000;
x16: 1.000000;
x17: 1.000000;
x18: 1.000000;
x19: 1.000000;
x20: 1.000000;
x21: 1.000000;
x22: 1.000000;
x23: 1.000000;
x24: 1.000000;
x25: 1.000000;
x26: 1.000000;
x27: 1.000000;
x28: 1.000000;
x29: 1.000000;
x30: 1.000000;
}

EQUATIONS e1;

e1:  1.000000*x1  + 1.000000*x2  + 1.000000*x3  + 1.000000*x4  + 1.000000*x5  + 1.000000*x6  + 1.000000*x7  + 1.000000*x8  + 1.000000*x9  + 1.000000*x10  + 1.000000*x11  + 1.000000*x12  + 1.000000*x13  + 1.000000*x14  + 1.000000*x15  + 1.000000*x16  + 1.000000*x17  + 1.000000*x18  + 1.000000*x19  + 1.000000*x20  + 1.000000*x21  + 1.000000*x22  + 1.000000*x23  + 1.000000*x24  + 1.000000*x25  + 1.000000*x26  + 1.000000*x27  + 1.000000*x28  + 1.000000*x29  + 1.000000*x30  == 1.000000;

OBJ: minimize	 2.238175*x1*x1  - 8.006086*x1*x2 + 6.077341*x1*x3  - 4.379071*x1*x4 + 0.588400*x1*x5  - 1.966185*x1*x6  - 3.141010*x1*x7  - 3.027716*x1*x8 + 3.702007*x1*x9 + 2.353073*x1*x10 + 1.612252*x1*x11  - 4.673908*x1*x12 + 6.859338*x1*x13 + 7.006792*x1*x14 + 0.352570*x1*x15  - 7.124706*x1*x16  - 5.658239*x1*x17  - 5.038482*x1*x18  - 1.748325*x1*x19  - 2.506400*x1*x20 + 3.012437*x1*x21 + 0.769217*x1*x22  - 3.676440*x1*x23  - 0.939936*x1*x24 + 1.238292*x1*x25  - 3.893801*x1*x26  - 4.436878*x1*x27  - 5.061903*x1*x28 + 7.677288*x1*x29 + 2.403286*x1*x30  - 8.006086*x2*x1  - 0.726734*x2*x2 + 1.398015*x2*x3  - 2.452588*x2*x4  - 5.005143*x2*x5 + 2.019346*x2*x6  - 3.830808*x2*x7 + 6.710587*x2*x8 + 1.507894*x2*x9 + 3.903982*x2*x10 + 1.164397*x2*x11 + 2.087010*x2*x12  - 1.224863*x2*x13 + 4.875395*x2*x14 + 6.973396*x2*x15  - 0.498883*x2*x16  - 1.222618*x2*x17 + 1.547330*x2*x18  - 3.642426*x2*x19 + 5.919306*x2*x20 + 2.460201*x2*x21 + 0.558776*x2*x22  - 3.574777*x2*x23  - 9.265448*x2*x24  - 4.044754*x2*x25  - 0.828806*x2*x26 + 5.354139*x2*x27 + 2.688387*x2*x28 + 6.564146*x2*x29 + 2.210321*x2*x30 + 6.077341*x3*x1 + 1.398015*x3*x2 + 3.536994*x3*x3 + 0.110063*x3*x4  - 7.789180*x3*x5  - 5.678695*x3*x6  - 0.389220*x3*x7 + 0.117362*x3*x8  - 5.469088*x3*x9 + 6.279532*x3*x10 + 4.810158*x3*x11 + 7.822135*x3*x12 + 0.457006*x3*x13  - 4.348354*x3*x14 + 0.358768*x3*x15  - 0.691091*x3*x16  - 0.277111*x3*x17 + 1.836821*x3*x18  - 2.728665*x3*x19  - 3.063125*x3*x20 + 5.713048*x3*x21 + 6.110287*x3*x22 + 7.474234*x3*x23 + 6.973391*x3*x24  - 2.215687*x3*x25 + 3.694631*x3*x26 + 6.273006*x3*x27  - 2.682673*x3*x28 + 7.077954*x3*x29 + 7.682229*x3*x30  - 4.379071*x4*x1  - 2.452588*x4*x2 + 0.110063*x4*x3 + 4.398640*x4*x4 + 4.341250*x4*x5  - 5.848098*x4*x6 + 2.257590*x4*x7 + 8.023267*x4*x8 + 8.499589*x4*x9  - 4.241366*x4*x10  - 6.756676*x4*x11 + 3.293048*x4*x12 + 1.743044*x4*x13 + 0.427826*x4*x14  - 5.339826*x4*x15 + 0.407135*x4*x16  - 8.061223*x4*x17  - 3.832530*x4*x18  - 1.790626*x4*x19 + 3.731532*x4*x20 + 6.618098*x4*x21  - 0.444307*x4*x22 + 2.682601*x4*x23 + 4.841683*x4*x24  - 9.091890*x4*x25  - 0.311931*x4*x26 + 2.903687*x4*x27 + 1.902271*x4*x28 + 3.221425*x4*x29 + 3.765483*x4*x30 + 0.588400*x5*x1  - 5.005143*x5*x2  - 7.789180*x5*x3 + 4.341250*x5*x4  - 0.620458*x5*x5 + 2.301275*x5*x6  - 6.985209*x5*x7 + 1.983671*x5*x8 + 3.549765*x5*x9  - 0.326107*x5*x10  - 4.601422*x5*x11 + 6.213286*x5*x12 + 0.105085*x5*x13 + 6.763100*x5*x14 + 6.126229*x5*x15 + 2.535848*x5*x16 + 1.576695*x5*x17 + 1.255005*x5*x18 + 0.243259*x5*x19 + 1.478562*x5*x20 + 7.514027*x5*x21 + 2.994134*x5*x22 + 7.467906*x5*x23 + 1.138792*x5*x24 + 0.343135*x5*x25  - 0.523734*x5*x26 + 1.240143*x5*x27 + 6.276505*x5*x28 + 1.176699*x5*x29 + 0.410897*x5*x30  - 1.966185*x6*x1 + 2.019346*x6*x2  - 5.678695*x6*x3  - 5.848098*x6*x4 + 2.301275*x6*x5 + 0.656587*x6*x6  - 0.460260*x6*x7  - 7.110091*x6*x8 + 2.096587*x6*x9 + 3.730178*x6*x10 + 2.285254*x6*x11  - 4.999992*x6*x12 + 5.311258*x6*x13  - 3.508070*x6*x14 + 7.896193*x6*x15  - 0.903178*x6*x16  - 0.119253*x6*x17 + 5.629164*x6*x18 + 4.455072*x6*x19 + 0.015877*x6*x20 + 4.452445*x6*x21 + 5.804600*x6*x22  - 5.170969*x6*x23  - 6.716925*x6*x24 + 1.918690*x6*x25 + 3.203929*x6*x26 + 2.993389*x6*x27  - 2.403867*x6*x28  - 3.853349*x6*x29 + 2.648401*x6*x30  - 3.141010*x7*x1  - 3.830808*x7*x2  - 0.389220*x7*x3 + 2.257590*x7*x4  - 6.985209*x7*x5  - 0.460260*x7*x6 + 1.482682*x7*x7 + 2.568544*x7*x8 + 2.763295*x7*x9 + 3.089709*x7*x10 + 0.675691*x7*x11 + 4.348480*x7*x12 + 4.533788*x7*x13 + 0.440275*x7*x14  - 4.245138*x7*x15  - 4.465215*x7*x16 + 2.216515*x7*x17 + 6.907821*x7*x18  - 4.768845*x7*x19 + 7.108494*x7*x20 + 7.039806*x7*x21 + 1.058979*x7*x22 + 2.409169*x7*x23 + 0.988164*x7*x24 + 1.262910*x7*x25 + 5.692223*x7*x26 + 1.648608*x7*x27  - 1.653647*x7*x28  - 8.388033*x7*x29  - 1.174551*x7*x30  - 3.027716*x8*x1 + 6.710587*x8*x2 + 0.117362*x8*x3 + 8.023267*x8*x4 + 1.983671*x8*x5  - 7.110091*x8*x6 + 2.568544*x8*x7 + 2.932088*x8*x8 + 1.629359*x8*x9 + 2.330823*x8*x10 + 0.218740*x8*x11  - 1.028633*x8*x12  - 0.026063*x8*x13 + 6.033006*x8*x14 + 0.388613*x8*x15 + 5.249174*x8*x16  - 1.840154*x8*x17 + 2.623844*x8*x18 + 3.890875*x8*x19  - 2.603064*x8*x20 + 3.358191*x8*x21  - 2.082173*x8*x22 + 0.301288*x8*x23 + 2.758213*x8*x24  - 3.910746*x8*x25 + 7.244189*x8*x26 + 2.134353*x8*x27 + 0.575890*x8*x28 + 2.076647*x8*x29 + 1.866398*x8*x30 + 3.702007*x9*x1 + 1.507894*x9*x2  - 5.469088*x9*x3 + 8.499589*x9*x4 + 3.549765*x9*x5 + 2.096587*x9*x6 + 2.763295*x9*x7 + 1.629359*x9*x8 + 3.044651*x9*x9  - 0.588403*x9*x10 + 0.287266*x9*x11  - 0.723848*x9*x12  - 2.740752*x9*x13 + 5.134380*x9*x14 + 6.072292*x9*x15 + 4.209756*x9*x16 + 5.480643*x9*x17  - 2.301268*x9*x18 + 4.722373*x9*x19 + 3.338750*x9*x20 + 3.740390*x9*x21  - 6.655175*x9*x22 + 7.459890*x9*x23 + 3.148887*x9*x24 + 3.586248*x9*x25  - 0.789242*x9*x26 + 5.407814*x9*x27 + 2.793269*x9*x28 + 7.885368*x9*x29  - 4.789623*x9*x30 + 2.353073*x10*x1 + 3.903982*x10*x2 + 6.279532*x10*x3  - 4.241366*x10*x4  - 0.326107*x10*x5 + 3.730178*x10*x6 + 3.089709*x10*x7 + 2.330823*x10*x8  - 0.588403*x10*x9 + 3.243801*x10*x10 + 3.028469*x10*x11 + 3.511847*x10*x12  - 4.006876*x10*x13 + 1.967878*x10*x14  - 3.300380*x10*x15  - 5.691323*x10*x16 + 3.797795*x10*x17 + 2.910087*x10*x18  - 4.907638*x10*x19 + 3.563386*x10*x20 + 0.100211*x10*x21 + 1.334831*x10*x22 + 3.501341*x10*x23  - 2.302466*x10*x24 + 7.584514*x10*x25  - 1.971978*x10*x26 + 4.554102*x10*x27  - 0.653378*x10*x28 + 4.087865*x10*x29  - 5.611826*x10*x30 + 1.612252*x11*x1 + 1.164397*x11*x2 + 4.810158*x11*x3  - 6.756676*x11*x4  - 4.601422*x11*x5 + 2.285254*x11*x6 + 0.675691*x11*x7 + 0.218740*x11*x8 + 0.287266*x11*x9 + 3.028469*x11*x10 + 1.244354*x11*x11  - 3.405855*x11*x12  - 1.608396*x11*x13  - 5.371531*x11*x14 + 0.723368*x11*x15 + 3.435712*x11*x16  - 8.419668*x11*x17  - 0.682927*x11*x18 + 3.939715*x11*x19 + 2.728310*x11*x20 + 6.044625*x11*x21  - 1.663782*x11*x22 + 0.476949*x11*x23  - 6.301391*x11*x24  - 7.089846*x11*x25  - 1.575200*x11*x26 + 3.028552*x11*x27  - 4.987151*x11*x28  - 0.919093*x11*x29  - 5.055184*x11*x30  - 4.673908*x12*x1 + 2.087010*x12*x2 + 7.822135*x12*x3 + 3.293048*x12*x4 + 6.213286*x12*x5  - 4.999992*x12*x6 + 4.348480*x12*x7  - 1.028633*x12*x8  - 0.723848*x12*x9 + 3.511847*x12*x10  - 3.405855*x12*x11 + 3.738266*x12*x12 + 2.523302*x12*x13 + 0.471628*x12*x14 + 0.792029*x12*x15 + 4.742866*x12*x16 + 8.218187*x12*x17  - 6.298639*x12*x18  - 0.511924*x12*x19  - 7.495439*x12*x20 + 2.763240*x12*x21  - 4.725616*x12*x22 + 2.398992*x12*x23 + 6.299878*x12*x24 + 5.008252*x12*x25  - 7.217586*x12*x26 + 0.584195*x12*x27 + 3.150595*x12*x28  - 2.610511*x12*x29 + 7.185027*x12*x30 + 6.859338*x13*x1  - 1.224863*x13*x2 + 0.457006*x13*x3 + 1.743044*x13*x4 + 0.105085*x13*x5 + 5.311258*x13*x6 + 4.533788*x13*x7  - 0.026063*x13*x8  - 2.740752*x13*x9  - 4.006876*x13*x10  - 1.608396*x13*x11 + 2.523302*x13*x12 + 0.662401*x13*x13  - 6.533480*x13*x14  - 2.778471*x13*x15  - 6.000830*x13*x16 + 2.256319*x13*x17  - 0.389333*x13*x18  - 0.955104*x13*x19 + 6.333420*x13*x20  - 0.884650*x13*x21  - 5.059365*x13*x22 + 2.053795*x13*x23 + 6.314021*x13*x24  - 0.196241*x13*x25 + 1.681224*x13*x26 + 3.219098*x13*x27 + 0.753120*x13*x28 + 5.389513*x13*x29 + 1.632467*x13*x30 + 7.006792*x14*x1 + 4.875395*x14*x2  - 4.348354*x14*x3 + 0.427826*x14*x4 + 6.763100*x14*x5  - 3.508070*x14*x6 + 0.440275*x14*x7 + 6.033006*x14*x8 + 5.134380*x14*x9 + 1.967878*x14*x10  - 5.371531*x14*x11 + 0.471628*x14*x12  - 6.533480*x14*x13 + 4.034096*x14*x14 + 2.772257*x14*x15 + 5.591593*x14*x16 + 3.073313*x14*x17  - 1.109731*x14*x18  - 6.236664*x14*x19 + 1.274837*x14*x20 + 7.582448*x14*x21 + 0.985303*x14*x22 + 1.335577*x14*x23 + 1.581387*x14*x24 + 1.516578*x14*x25  - 2.159117*x14*x26 + 2.753638*x14*x27 + 9.063091*x14*x28  - 0.412960*x14*x29  - 4.121257*x14*x30 + 0.352570*x15*x1 + 6.973396*x15*x2 + 0.358768*x15*x3  - 5.339826*x15*x4 + 6.126229*x15*x5 + 7.896193*x15*x6  - 4.245138*x15*x7 + 0.388613*x15*x8 + 6.072292*x15*x9  - 3.300380*x15*x10 + 0.723368*x15*x11 + 0.792029*x15*x12  - 2.778471*x15*x13 + 2.772257*x15*x14 + 2.147320*x15*x15  - 2.800184*x15*x16 + 6.985022*x15*x17 + 0.430510*x15*x18 + 2.020387*x15*x19 + 2.947373*x15*x20 + 2.486474*x15*x21 + 3.439512*x15*x22 + 5.549257*x15*x23  - 2.225766*x15*x24  - 1.723826*x15*x25  - 8.710349*x15*x26 + 4.098765*x15*x27 + 1.215955*x15*x28 + 1.477668*x15*x29  - 2.256794*x15*x30  - 7.124706*x16*x1  - 0.498883*x16*x2  - 0.691091*x16*x3 + 0.407135*x16*x4 + 2.535848*x16*x5  - 0.903178*x16*x6  - 4.465215*x16*x7 + 5.249174*x16*x8 + 4.209756*x16*x9  - 5.691323*x16*x10 + 3.435712*x16*x11 + 4.742866*x16*x12  - 6.000830*x16*x13 + 5.591593*x16*x14  - 2.800184*x16*x15 + 1.829382*x16*x16 + 3.875494*x16*x17 + 3.334005*x16*x18 + 4.894608*x16*x19  - 4.220727*x16*x20  - 1.484109*x16*x21 + 2.477584*x16*x22 + 3.607008*x16*x23 + 2.921768*x16*x24 + 8.116246*x16*x25 + 4.502731*x16*x26 + 6.508747*x16*x27  - 2.134994*x16*x28  - 7.414425*x16*x29 + 2.341851*x16*x30  - 5.658239*x17*x1  - 1.222618*x17*x2  - 0.277111*x17*x3  - 8.061223*x17*x4 + 1.576695*x17*x5  - 0.119253*x17*x6 + 2.216515*x17*x7  - 1.840154*x17*x8 + 5.480643*x17*x9 + 3.797795*x17*x10  - 8.419668*x17*x11 + 8.218187*x17*x12 + 2.256319*x17*x13 + 3.073313*x17*x14 + 6.985022*x17*x15 + 3.875494*x17*x16 + 2.833455*x17*x17  - 1.037875*x17*x18  - 2.701281*x17*x19 + 4.216436*x17*x20 + 0.036800*x17*x21  - 7.494150*x17*x22  - 0.134028*x17*x23  - 2.747789*x17*x24 + 4.924500*x17*x25 + 4.943350*x17*x26  - 3.025686*x17*x27 + 1.680964*x17*x28 + 3.066051*x17*x29 + 7.883744*x17*x30  - 5.038482*x18*x1 + 1.547330*x18*x2 + 1.836821*x18*x3  - 3.832530*x18*x4 + 1.255005*x18*x5 + 5.629164*x18*x6 + 6.907821*x18*x7 + 2.623844*x18*x8  - 2.301268*x18*x9 + 2.910087*x18*x10  - 0.682927*x18*x11  - 6.298639*x18*x12  - 0.389333*x18*x13  - 1.109731*x18*x14 + 0.430510*x18*x15 + 3.334005*x18*x16  - 1.037875*x18*x17 + 1.234943*x18*x18  - 8.665811*x18*x19 + 4.790674*x18*x20 + 3.350703*x18*x21 + 1.723838*x18*x22  - 4.706138*x18*x23 + 5.103096*x18*x24 + 3.923473*x18*x25 + 3.206479*x18*x26  - 2.460703*x18*x27 + 3.807737*x18*x28  - 0.959004*x18*x29  - 0.794458*x18*x30  - 1.748325*x19*x1  - 3.642426*x19*x2  - 2.728665*x19*x3  - 1.790626*x19*x4 + 0.243259*x19*x5 + 4.455072*x19*x6  - 4.768845*x19*x7 + 3.890875*x19*x8 + 4.722373*x19*x9  - 4.907638*x19*x10 + 3.939715*x19*x11  - 0.511924*x19*x12  - 0.955104*x19*x13  - 6.236664*x19*x14 + 2.020387*x19*x15 + 4.894608*x19*x16  - 2.701281*x19*x17  - 8.665811*x19*x18  - 3.249409*x19*x19 + 3.711005*x19*x20  - 2.417974*x19*x21  - 1.221415*x19*x22 + 2.287091*x19*x23  - 0.323569*x19*x24  - 7.168737*x19*x25  - 6.237176*x19*x26 + 7.101080*x19*x27  - 2.815524*x19*x28  - 4.521233*x19*x29  - 2.193927*x19*x30  - 2.506400*x20*x1 + 5.919306*x20*x2  - 3.063125*x20*x3 + 3.731532*x20*x4 + 1.478562*x20*x5 + 0.015877*x20*x6 + 7.108494*x20*x7  - 2.603064*x20*x8 + 3.338750*x20*x9 + 3.563386*x20*x10 + 2.728310*x20*x11  - 7.495439*x20*x12 + 6.333420*x20*x13 + 1.274837*x20*x14 + 2.947373*x20*x15  - 4.220727*x20*x16 + 4.216436*x20*x17 + 4.790674*x20*x18 + 3.711005*x20*x19 + 0.939539*x20*x20 + 4.536680*x20*x21 + 6.689957*x20*x22 + 8.273758*x20*x23 + 7.672043*x20*x24 + 7.668405*x20*x25  - 1.316810*x20*x26 + 5.483547*x20*x27 + 0.103922*x20*x28  - 5.991176*x20*x29 + 0.747628*x20*x30 + 3.012437*x21*x1 + 2.460201*x21*x2 + 5.713048*x21*x3 + 6.618098*x21*x4 + 7.514027*x21*x5 + 4.452445*x21*x6 + 7.039806*x21*x7 + 3.358191*x21*x8 + 3.740390*x21*x9 + 0.100211*x21*x10 + 6.044625*x21*x11 + 2.763240*x21*x12  - 0.884650*x21*x13 + 7.582448*x21*x14 + 2.486474*x21*x15  - 1.484109*x21*x16 + 0.036800*x21*x17 + 3.350703*x21*x18  - 2.417974*x21*x19 + 4.536680*x21*x20 + 1.426039*x21*x21  - 1.424065*x21*x22 + 1.269477*x21*x23  - 1.488693*x21*x24  - 3.509344*x21*x25 + 2.332294*x21*x26  - 4.213423*x21*x27 + 5.958942*x21*x28 + 4.317412*x21*x29 + 4.376002*x21*x30 + 0.769217*x22*x1 + 0.558776*x22*x2 + 6.110287*x22*x3  - 0.444307*x22*x4 + 2.994134*x22*x5 + 5.804600*x22*x6 + 1.058979*x22*x7  - 2.082173*x22*x8  - 6.655175*x22*x9 + 1.334831*x22*x10  - 1.663782*x22*x11  - 4.725616*x22*x12  - 5.059365*x22*x13 + 0.985303*x22*x14 + 3.439512*x22*x15 + 2.477584*x22*x16  - 7.494150*x22*x17 + 1.723838*x22*x18  - 1.221415*x22*x19 + 6.689957*x22*x20  - 1.424065*x22*x21 + 1.485468*x22*x22  - 2.803719*x22*x23  - 0.183025*x22*x24  - 1.322979*x22*x25 + 0.231059*x22*x26 + 2.393511*x22*x27 + 3.184286*x22*x28 + 2.558991*x22*x29 + 4.752076*x22*x30  - 3.676440*x23*x1  - 3.574777*x23*x2 + 7.474234*x23*x3 + 2.682601*x23*x4 + 7.467906*x23*x5  - 5.170969*x23*x6 + 2.409169*x23*x7 + 0.301288*x23*x8 + 7.459890*x23*x9 + 3.501341*x23*x10 + 0.476949*x23*x11 + 2.398992*x23*x12 + 2.053795*x23*x13 + 1.335577*x23*x14 + 5.549257*x23*x15 + 3.607008*x23*x16  - 0.134028*x23*x17  - 4.706138*x23*x18 + 2.287091*x23*x19 + 8.273758*x23*x20 + 1.269477*x23*x21  - 2.803719*x23*x22  - 1.099411*x23*x23 + 3.724942*x23*x24 + 1.796921*x23*x25 + 2.527784*x23*x26 + 7.220380*x23*x27 + 6.656589*x23*x28  - 0.408793*x23*x29  - 3.440129*x23*x30  - 0.939936*x24*x1  - 9.265448*x24*x2 + 6.973391*x24*x3 + 4.841683*x24*x4 + 1.138792*x24*x5  - 6.716925*x24*x6 + 0.988164*x24*x7 + 2.758213*x24*x8 + 3.148887*x24*x9  - 2.302466*x24*x10  - 6.301391*x24*x11 + 6.299878*x24*x12 + 6.314021*x24*x13 + 1.581387*x24*x14  - 2.225766*x24*x15 + 2.921768*x24*x16  - 2.747789*x24*x17 + 5.103096*x24*x18  - 0.323569*x24*x19 + 7.672043*x24*x20  - 1.488693*x24*x21  - 0.183025*x24*x22 + 3.724942*x24*x23 + 3.011943*x24*x24 + 5.039737*x24*x25  - 1.748757*x24*x26 + 0.987146*x24*x27  - 0.142081*x24*x28  - 5.046313*x24*x29 + 1.464423*x24*x30 + 1.238292*x25*x1  - 4.044754*x25*x2  - 2.215687*x25*x3  - 9.091890*x25*x4 + 0.343135*x25*x5 + 1.918690*x25*x6 + 1.262910*x25*x7  - 3.910746*x25*x8 + 3.586248*x25*x9 + 7.584514*x25*x10  - 7.089846*x25*x11 + 5.008252*x25*x12  - 0.196241*x25*x13 + 1.516578*x25*x14  - 1.723826*x25*x15 + 8.116246*x25*x16 + 4.924500*x25*x17 + 3.923473*x25*x18  - 7.168737*x25*x19 + 7.668405*x25*x20  - 3.509344*x25*x21  - 1.322979*x25*x22 + 1.796921*x25*x23 + 5.039737*x25*x24  - 1.633034*x25*x25 + 6.345999*x25*x26 + 0.556841*x25*x27  - 1.429109*x25*x28 + 1.547610*x25*x29  - 2.569300*x25*x30  - 3.893801*x26*x1  - 0.828806*x26*x2 + 3.694631*x26*x3  - 0.311931*x26*x4  - 0.523734*x26*x5 + 3.203929*x26*x6 + 5.692223*x26*x7 + 7.244189*x26*x8  - 0.789242*x26*x9  - 1.971978*x26*x10  - 1.575200*x26*x11  - 7.217586*x26*x12 + 1.681224*x26*x13  - 2.159117*x26*x14  - 8.710349*x26*x15 + 4.502731*x26*x16 + 4.943350*x26*x17 + 3.206479*x26*x18  - 6.237176*x26*x19  - 1.316810*x26*x20 + 2.332294*x26*x21 + 0.231059*x26*x22 + 2.527784*x26*x23  - 1.748757*x26*x24 + 6.345999*x26*x25 + 1.669475*x26*x26 + 5.215929*x26*x27  - 3.003931*x26*x28  - 1.249940*x26*x29  - 0.249607*x26*x30  - 4.436878*x27*x1 + 5.354139*x27*x2 + 6.273006*x27*x3 + 2.903687*x27*x4 + 1.240143*x27*x5 + 2.993389*x27*x6 + 1.648608*x27*x7 + 2.134353*x27*x8 + 5.407814*x27*x9 + 4.554102*x27*x10 + 3.028552*x27*x11 + 0.584195*x27*x12 + 3.219098*x27*x13 + 2.753638*x27*x14 + 4.098765*x27*x15 + 6.508747*x27*x16  - 3.025686*x27*x17  - 2.460703*x27*x18 + 7.101080*x27*x19 + 5.483547*x27*x20  - 4.213423*x27*x21 + 2.393511*x27*x22 + 7.220380*x27*x23 + 0.987146*x27*x24 + 0.556841*x27*x25 + 5.215929*x27*x26 + 1.303784*x27*x27  - 0.107117*x27*x28 + 0.984765*x27*x29  - 4.819422*x27*x30  - 5.061903*x28*x1 + 2.688387*x28*x2  - 2.682673*x28*x3 + 1.902271*x28*x4 + 6.276505*x28*x5  - 2.403867*x28*x6  - 1.653647*x28*x7 + 0.575890*x28*x8 + 2.793269*x28*x9  - 0.653378*x28*x10  - 4.987151*x28*x11 + 3.150595*x28*x12 + 0.753120*x28*x13 + 9.063091*x28*x14 + 1.215955*x28*x15  - 2.134994*x28*x16 + 1.680964*x28*x17 + 3.807737*x28*x18  - 2.815524*x28*x19 + 0.103922*x28*x20 + 5.958942*x28*x21 + 3.184286*x28*x22 + 6.656589*x28*x23  - 0.142081*x28*x24  - 1.429109*x28*x25  - 3.003931*x28*x26  - 0.107117*x28*x27 + 0.535400*x28*x28  - 1.948122*x28*x29  - 5.746716*x28*x30 + 7.677288*x29*x1 + 6.564146*x29*x2 + 7.077954*x29*x3 + 3.221425*x29*x4 + 1.176699*x29*x5  - 3.853349*x29*x6  - 8.388033*x29*x7 + 2.076647*x29*x8 + 7.885368*x29*x9 + 4.087865*x29*x10  - 0.919093*x29*x11  - 2.610511*x29*x12 + 5.389513*x29*x13  - 0.412960*x29*x14 + 1.477668*x29*x15  - 7.414425*x29*x16 + 3.066051*x29*x17  - 0.959004*x29*x18  - 4.521233*x29*x19  - 5.991176*x29*x20 + 4.317412*x29*x21 + 2.558991*x29*x22  - 0.408793*x29*x23  - 5.046313*x29*x24 + 1.547610*x29*x25  - 1.249940*x29*x26 + 0.984765*x29*x27  - 1.948122*x29*x28 + 1.627754*x29*x29 + 3.416148*x29*x30 + 2.403286*x30*x1 + 2.210321*x30*x2 + 7.682229*x30*x3 + 3.765483*x30*x4 + 0.410897*x30*x5 + 2.648401*x30*x6  - 1.174551*x30*x7 + 1.866398*x30*x8  - 4.789623*x30*x9  - 5.611826*x30*x10  - 5.055184*x30*x11 + 7.185027*x30*x12 + 1.632467*x30*x13  - 4.121257*x30*x14  - 2.256794*x30*x15 + 2.341851*x30*x16 + 7.883744*x30*x17  - 0.794458*x30*x18  - 2.193927*x30*x19 + 0.747628*x30*x20 + 4.376002*x30*x21 + 4.752076*x30*x22  - 3.440129*x30*x23 + 1.464423*x30*x24  - 2.569300*x30*x25  - 0.249607*x30*x26  - 4.819422*x30*x27  - 5.746716*x30*x28 + 3.416148*x30*x29 + 2.817633*x30*x30 ;
