OPTIONS {
 MaxTime: 10000;
 EpsR: 0.000001;
 }
 
VARIABLES	x1,x2,x3,x4,x5,x6,x7,x8,x9,x10,x11,x12,x13,x14,x15,x16,x17,x18,x19,x20,x21,x22,x23,x24,x25,x26,x27,x28,x29,x30;
LOWER_BOUNDS {
x1: 0.000000;
x2: 0.000000;
x3: 0.000000;
x4: 0.000000;
x5: 0.000000;
x6: 0.000000;
x7: 0.000000;
x8: 0.000000;
x9: 0.000000;
x10: 0.000000;
x11: 0.000000;
x12: 0.000000;
x13: 0.000000;
x14: 0.000000;
x15: 0.000000;
x16: 0.000000;
x17: 0.000000;
x18: 0.000000;
x19: 0.000000;
x20: 0.000000;
x21: 0.000000;
x22: 0.000000;
x23: 0.000000;
x24: 0.000000;
x25: 0.000000;
x26: 0.000000;
x27: 0.000000;
x28: 0.000000;
x29: 0.000000;
x30: 0.000000;
}

UPPER_BOUNDS {
x1: 1.000000;
x2: 1.000000;
x3: 1.000000;
x4: 1.000000;
x5: 1.000000;
x6: 1.000000;
x7: 1.000000;
x8: 1.000000;
x9: 1.000000;
x10: 1.000000;
x11: 1.000000;
x12: 1.000000;
x13: 1.000000;
x14: 1.000000;
x15: 1.000000;
x16: 1.000000;
x17: 1.000000;
x18: 1.000000;
x19: 1.000000;
x20: 1.000000;
x21: 1.000000;
x22: 1.000000;
x23: 1.000000;
x24: 1.000000;
x25: 1.000000;
x26: 1.000000;
x27: 1.000000;
x28: 1.000000;
x29: 1.000000;
x30: 1.000000;
}

EQUATIONS e1;

e1:  1.000000*x1  + 1.000000*x2  + 1.000000*x3  + 1.000000*x4  + 1.000000*x5  + 1.000000*x6  + 1.000000*x7  + 1.000000*x8  + 1.000000*x9  + 1.000000*x10  + 1.000000*x11  + 1.000000*x12  + 1.000000*x13  + 1.000000*x14  + 1.000000*x15  + 1.000000*x16  + 1.000000*x17  + 1.000000*x18  + 1.000000*x19  + 1.000000*x20  + 1.000000*x21  + 1.000000*x22  + 1.000000*x23  + 1.000000*x24  + 1.000000*x25  + 1.000000*x26  + 1.000000*x27  + 1.000000*x28  + 1.000000*x29  + 1.000000*x30  == 1.000000;

OBJ: minimize	 0.660722*x1*x1  - 5.816974*x1*x2 + 6.632425*x1*x3 + 7.622558*x1*x4  - 1.670309*x1*x5 + 6.092623*x1*x6 + 7.207747*x1*x7 + 3.737600*x1*x8  - 0.828213*x1*x9 + 6.563303*x1*x10 + 7.488471*x1*x11  - 0.089896*x1*x12 + 3.104354*x1*x13  - 1.532033*x1*x14 + 3.933303*x1*x15 + 3.746616*x1*x16 + 3.385449*x1*x17  - 0.324495*x1*x18 + 6.324984*x1*x19  - 5.329838*x1*x20 + 4.032721*x1*x21  - 6.101318*x1*x22  - 4.184972*x1*x23  - 8.242844*x1*x24 + 1.155531*x1*x25 + 6.208285*x1*x26 + 2.761000*x1*x27  - 1.788794*x1*x28 + 6.940544*x1*x29 + 1.677332*x1*x30  - 5.816974*x2*x1 + 1.959518*x2*x2 + 2.384277*x2*x3  - 1.446090*x2*x4 + 0.494262*x2*x5 + 3.952615*x2*x6  - 0.940870*x2*x7  - 0.458017*x2*x8 + 2.695299*x2*x9 + 4.709739*x2*x10  - 3.229670*x2*x11 + 2.380715*x2*x12 + 0.656782*x2*x13  - 0.196600*x2*x14  - 2.209894*x2*x15  - 0.346737*x2*x16 + 1.641635*x2*x17 + 5.421960*x2*x18 + 4.688147*x2*x19 + 4.387978*x2*x20 + 4.204049*x2*x21 + 6.072906*x2*x22  - 3.709008*x2*x23  - 0.930422*x2*x24  - 3.930959*x2*x25 + 0.146772*x2*x26 + 3.139007*x2*x27  - 2.290829*x2*x28 + 6.489320*x2*x29 + 6.763171*x2*x30 + 6.632425*x3*x1 + 2.384277*x3*x2 + 3.650253*x3*x3  - 3.960686*x3*x4  - 6.588506*x3*x5 + 6.225599*x3*x6  - 0.456825*x3*x7  - 2.378029*x3*x8 + 4.294440*x3*x9  - 6.506908*x3*x10 + 2.571340*x3*x11  - 2.118911*x3*x12  - 5.156645*x3*x13  - 0.481620*x3*x14  - 0.251323*x3*x15 + 2.446124*x3*x16  - 1.464715*x3*x17 + 3.671910*x3*x18  - 1.031087*x3*x19 + 7.635238*x3*x20  - 5.229169*x3*x21 + 7.695506*x3*x22  - 2.959112*x3*x23 + 4.575972*x3*x24  - 1.737241*x3*x25 + 0.487403*x3*x26 + 1.923841*x3*x27 + 2.151669*x3*x28  - 4.912900*x3*x29 + 3.837854*x3*x30 + 7.622558*x4*x1  - 1.446090*x4*x2  - 3.960686*x4*x3 + 0.095508*x4*x4  - 2.472187*x4*x5 + 3.251884*x4*x6  - 1.116790*x4*x7  - 5.376783*x4*x8 + 4.329025*x4*x9 + 2.453332*x4*x10 + 0.861544*x4*x11  - 4.093952*x4*x12  - 2.758078*x4*x13  - 5.217775*x4*x14  - 9.072634*x4*x15  - 1.892770*x4*x16 + 0.884888*x4*x17 + 2.422079*x4*x18  - 7.645960*x4*x19 + 1.830888*x4*x20  - 0.641037*x4*x21  - 2.872600*x4*x22  - 9.158401*x4*x23 + 3.333266*x4*x24  - 0.375097*x4*x25  - 6.288147*x4*x26  - 2.859279*x4*x27 + 2.327210*x4*x28 + 5.697836*x4*x29  - 2.671431*x4*x30  - 1.670309*x5*x1 + 0.494262*x5*x2  - 6.588506*x5*x3  - 2.472187*x5*x4 + 3.525087*x5*x5  - 4.399697*x5*x6  - 3.303978*x5*x7 + 3.014522*x5*x8 + 7.133082*x5*x9  - 0.987017*x5*x10 + 3.054501*x5*x11  - 2.115646*x5*x12  - 0.582689*x5*x13  - 8.778332*x5*x14  - 2.201593*x5*x15  - 1.603157*x5*x16  - 4.412874*x5*x17  - 3.799171*x5*x18  - 1.490231*x5*x19 + 1.270588*x5*x20  - 0.678941*x5*x21  - 0.985538*x5*x22  - 0.567447*x5*x23  - 5.394914*x5*x24 + 3.360543*x5*x25 + 7.942871*x5*x26  - 0.044113*x5*x27 + 3.028559*x5*x28 + 1.450401*x5*x29 + 6.341254*x5*x30 + 6.092623*x6*x1 + 3.952615*x6*x2 + 6.225599*x6*x3 + 3.251884*x6*x4  - 4.399697*x6*x5 + 0.200415*x6*x6 + 3.369484*x6*x7 + 1.905901*x6*x8  - 7.364281*x6*x9  - 2.874326*x6*x10 + 3.646211*x6*x11 + 1.410139*x6*x12 + 1.697986*x6*x13 + 2.805965*x6*x14 + 1.313574*x6*x15 + 4.556233*x6*x16  - 3.855797*x6*x17 + 6.055018*x6*x18  - 8.383824*x6*x19  - 0.263169*x6*x20 + 1.647287*x6*x21 + 0.539189*x6*x22 + 2.389344*x6*x23 + 7.595867*x6*x24 + 4.537077*x6*x25 + 0.665625*x6*x26 + 9.526110*x6*x27 + 6.208892*x6*x28 + 7.269312*x6*x29  - 2.123598*x6*x30 + 7.207747*x7*x1  - 0.940870*x7*x2  - 0.456825*x7*x3  - 1.116790*x7*x4  - 3.303978*x7*x5 + 3.369484*x7*x6 + 1.006999*x7*x7 + 1.374168*x7*x8 + 1.664122*x7*x9 + 1.876327*x7*x10 + 0.956723*x7*x11 + 1.611771*x7*x12 + 0.642900*x7*x13 + 2.891293*x7*x14 + 1.934657*x7*x15 + 1.454361*x7*x16 + 3.465649*x7*x17  - 0.672805*x7*x18 + 0.244116*x7*x19 + 0.921966*x7*x20 + 0.234811*x7*x21 + 3.599904*x7*x22  - 1.826013*x7*x23 + 6.967305*x7*x24 + 7.741251*x7*x25 + 0.373701*x7*x26  - 3.518789*x7*x27 + 3.423095*x7*x28 + 0.720576*x7*x29  - 3.849032*x7*x30 + 3.737600*x8*x1  - 0.458017*x8*x2  - 2.378029*x8*x3  - 5.376783*x8*x4 + 3.014522*x8*x5 + 1.905901*x8*x6 + 1.374168*x8*x7 + 1.730814*x8*x8  - 3.622492*x8*x9 + 2.724570*x8*x10 + 0.882518*x8*x11 + 3.072948*x8*x12  - 7.559139*x8*x13  - 0.993382*x8*x14 + 5.913625*x8*x15  - 2.708843*x8*x16 + 4.381858*x8*x17 + 1.969903*x8*x18  - 3.307519*x8*x19  - 3.141550*x8*x20 + 2.621654*x8*x21 + 4.258772*x8*x22 + 1.688044*x8*x23 + 0.628513*x8*x24  - 1.008402*x8*x25  - 1.531393*x8*x26 + 7.556930*x8*x27  - 2.507596*x8*x28 + 2.008926*x8*x29  - 2.824153*x8*x30  - 0.828213*x9*x1 + 2.695299*x9*x2 + 4.294440*x9*x3 + 4.329025*x9*x4 + 7.133082*x9*x5  - 7.364281*x9*x6 + 1.664122*x9*x7  - 3.622492*x9*x8 + 2.336312*x9*x9  - 0.605406*x9*x10 + 4.311944*x9*x11  - 3.199518*x9*x12  - 1.238028*x9*x13  - 6.210101*x9*x14 + 2.169672*x9*x15  - 3.515879*x9*x16 + 0.562617*x9*x17 + 0.620499*x9*x18 + 0.845003*x9*x19 + 5.468037*x9*x20 + 5.594770*x9*x21 + 3.186289*x9*x22 + 4.804362*x9*x23  - 1.753951*x9*x24 + 3.543277*x9*x25 + 7.462515*x9*x26 + 4.727476*x9*x27 + 3.290422*x9*x28  - 5.255522*x9*x29  - 5.674278*x9*x30 + 6.563303*x10*x1 + 4.709739*x10*x2  - 6.506908*x10*x3 + 2.453332*x10*x4  - 0.987017*x10*x5  - 2.874326*x10*x6 + 1.876327*x10*x7 + 2.724570*x10*x8  - 0.605406*x10*x9 + 4.511721*x10*x10  - 5.168693*x10*x11  - 2.223127*x10*x12 + 1.011335*x10*x13  - 4.822391*x10*x14  - 1.636180*x10*x15 + 2.925740*x10*x16 + 2.041068*x10*x17  - 5.761799*x10*x18 + 2.066721*x10*x19 + 2.152609*x10*x20 + 8.076116*x10*x21 + 4.108981*x10*x22  - 3.328682*x10*x23 + 0.759761*x10*x24 + 4.457523*x10*x25 + 6.614205*x10*x26 + 1.016024*x10*x27 + 3.709897*x10*x28  - 2.957932*x10*x29 + 0.074798*x10*x30 + 7.488471*x11*x1  - 3.229670*x11*x2 + 2.571340*x11*x3 + 0.861544*x11*x4 + 3.054501*x11*x5 + 3.646211*x11*x6 + 0.956723*x11*x7 + 0.882518*x11*x8 + 4.311944*x11*x9  - 5.168693*x11*x10 + 2.546782*x11*x11 + 0.656670*x11*x12 + 3.891325*x11*x13 + 8.644062*x11*x14 + 3.277337*x11*x15 + 5.599537*x11*x16 + 4.041571*x11*x17 + 1.640014*x11*x18 + 2.681944*x11*x19 + 4.629185*x11*x20 + 4.382404*x11*x21  - 4.028731*x11*x22 + 2.387269*x11*x23 + 1.967436*x11*x24 + 2.712517*x11*x25 + 5.715550*x11*x26 + 5.763633*x11*x27 + 2.100391*x11*x28  - 0.687209*x11*x29 + 3.974437*x11*x30  - 0.089896*x12*x1 + 2.380715*x12*x2  - 2.118911*x12*x3  - 4.093952*x12*x4  - 2.115646*x12*x5 + 1.410139*x12*x6 + 1.611771*x12*x7 + 3.072948*x12*x8  - 3.199518*x12*x9  - 2.223127*x12*x10 + 0.656670*x12*x11 + 2.505869*x12*x12  - 0.175887*x12*x13  - 5.764766*x12*x14  - 7.407633*x12*x15 + 2.913179*x12*x16 + 4.463077*x12*x17 + 0.003068*x12*x18 + 6.672595*x12*x19 + 3.167272*x12*x20  - 4.965180*x12*x21 + 0.667049*x12*x22 + 3.119016*x12*x23 + 1.888633*x12*x24  - 3.327637*x12*x25  - 1.441462*x12*x26  - 3.265326*x12*x27 + 4.494623*x12*x28 + 1.765410*x12*x29  - 3.155314*x12*x30 + 3.104354*x13*x1 + 0.656782*x13*x2  - 5.156645*x13*x3  - 2.758078*x13*x4  - 0.582689*x13*x5 + 1.697986*x13*x6 + 0.642900*x13*x7  - 7.559139*x13*x8  - 1.238028*x13*x9 + 1.011335*x13*x10 + 3.891325*x13*x11  - 0.175887*x13*x12 + 0.341383*x13*x13 + 5.225407*x13*x14 + 0.023864*x13*x15 + 1.402391*x13*x16 + 3.227892*x13*x17 + 2.159900*x13*x18 + 3.024919*x13*x19 + 9.242004*x13*x20  - 3.250092*x13*x21 + 4.879814*x13*x22 + 2.579272*x13*x23 + 0.447280*x13*x24 + 1.200210*x13*x25  - 0.051644*x13*x26 + 8.007883*x13*x27 + 8.429539*x13*x28 + 4.950960*x13*x29 + 0.553394*x13*x30  - 1.532033*x14*x1  - 0.196600*x14*x2  - 0.481620*x14*x3  - 5.217775*x14*x4  - 8.778332*x14*x5 + 2.805965*x14*x6 + 2.891293*x14*x7  - 0.993382*x14*x8  - 6.210101*x14*x9  - 4.822391*x14*x10 + 8.644062*x14*x11  - 5.764766*x14*x12 + 5.225407*x14*x13 + 0.659610*x14*x14 + 2.008581*x14*x15  - 1.297013*x14*x16  - 4.093954*x14*x17 + 4.951492*x14*x18 + 0.580946*x14*x19 + 0.539071*x14*x20  - 1.037937*x14*x21 + 0.557130*x14*x22  - 1.733510*x14*x23 + 5.720531*x14*x24 + 0.434995*x14*x25  - 7.417576*x14*x26  - 1.097749*x14*x27  - 4.383380*x14*x28 + 1.510874*x14*x29  - 0.638883*x14*x30 + 3.933303*x15*x1  - 2.209894*x15*x2  - 0.251323*x15*x3  - 9.072634*x15*x4  - 2.201593*x15*x5 + 1.313574*x15*x6 + 1.934657*x15*x7 + 5.913625*x15*x8 + 2.169672*x15*x9  - 1.636180*x15*x10 + 3.277337*x15*x11  - 7.407633*x15*x12 + 0.023864*x15*x13 + 2.008581*x15*x14 + 1.359252*x15*x15 + 5.561003*x15*x16  - 8.802587*x15*x17 + 2.916016*x15*x18  - 4.690403*x15*x19  - 8.222463*x15*x20 + 1.981543*x15*x21  - 0.467316*x15*x22  - 2.142317*x15*x23  - 0.004507*x15*x24  - 1.466327*x15*x25 + 3.380383*x15*x26 + 3.158321*x15*x27  - 4.660646*x15*x28 + 2.388360*x15*x29 + 5.862439*x15*x30 + 3.746616*x16*x1  - 0.346737*x16*x2 + 2.446124*x16*x3  - 1.892770*x16*x4  - 1.603157*x16*x5 + 4.556233*x16*x6 + 1.454361*x16*x7  - 2.708843*x16*x8  - 3.515879*x16*x9 + 2.925740*x16*x10 + 5.599537*x16*x11 + 2.913179*x16*x12 + 1.402391*x16*x13  - 1.297013*x16*x14 + 5.561003*x16*x15 + 0.490606*x16*x16  - 1.561860*x16*x17  - 0.610477*x16*x18 + 5.196560*x16*x19 + 5.905814*x16*x20 + 3.255100*x16*x21 + 3.318297*x16*x22 + 8.382614*x16*x23  - 5.441369*x16*x24 + 2.630374*x16*x25 + 3.448114*x16*x26 + 3.018203*x16*x27  - 2.270375*x16*x28 + 6.023971*x16*x29 + 5.154618*x16*x30 + 3.385449*x17*x1 + 1.641635*x17*x2  - 1.464715*x17*x3 + 0.884888*x17*x4  - 4.412874*x17*x5  - 3.855797*x17*x6 + 3.465649*x17*x7 + 4.381858*x17*x8 + 0.562617*x17*x9 + 2.041068*x17*x10 + 4.041571*x17*x11 + 4.463077*x17*x12 + 3.227892*x17*x13  - 4.093954*x17*x14  - 8.802587*x17*x15  - 1.561860*x17*x16 + 3.741552*x17*x17  - 7.035850*x17*x18  - 0.506713*x17*x19 + 0.478151*x17*x20 + 3.142774*x17*x21  - 3.878761*x17*x22 + 4.451258*x17*x23 + 8.464553*x17*x24  - 5.262775*x17*x25  - 6.140918*x17*x26 + 6.660570*x17*x27 + 0.934550*x17*x28  - 0.552482*x17*x29  - 1.654863*x17*x30  - 0.324495*x18*x1 + 5.421960*x18*x2 + 3.671910*x18*x3 + 2.422079*x18*x4  - 3.799171*x18*x5 + 6.055018*x18*x6  - 0.672805*x18*x7 + 1.969903*x18*x8 + 0.620499*x18*x9  - 5.761799*x18*x10 + 1.640014*x18*x11 + 0.003068*x18*x12 + 2.159900*x18*x13 + 4.951492*x18*x14 + 2.916016*x18*x15  - 0.610477*x18*x16  - 7.035850*x18*x17 + 2.411115*x18*x18 + 6.010437*x18*x19 + 2.718204*x18*x20  - 0.175544*x18*x21 + 3.619168*x18*x22  - 3.656088*x18*x23 + 4.552206*x18*x24 + 2.548250*x18*x25 + 7.215610*x18*x26  - 2.139702*x18*x27  - 1.659165*x18*x28 + 5.741608*x18*x29 + 1.487585*x18*x30 + 6.324984*x19*x1 + 4.688147*x19*x2  - 1.031087*x19*x3  - 7.645960*x19*x4  - 1.490231*x19*x5  - 8.383824*x19*x6 + 0.244116*x19*x7  - 3.307519*x19*x8 + 0.845003*x19*x9 + 2.066721*x19*x10 + 2.681944*x19*x11 + 6.672595*x19*x12 + 3.024919*x19*x13 + 0.580946*x19*x14  - 4.690403*x19*x15 + 5.196560*x19*x16  - 0.506713*x19*x17 + 6.010437*x19*x18 + 2.912373*x19*x19  - 2.432488*x19*x20 + 6.800794*x19*x21  - 3.941855*x19*x22 + 3.117378*x19*x23 + 1.106552*x19*x24 + 8.906465*x19*x25 + 3.150140*x19*x26 + 4.388931*x19*x27 + 2.528407*x19*x28 + 2.169469*x19*x29  - 2.827406*x19*x30  - 5.329838*x20*x1 + 4.387978*x20*x2 + 7.635238*x20*x3 + 1.830888*x20*x4 + 1.270588*x20*x5  - 0.263169*x20*x6 + 0.921966*x20*x7  - 3.141550*x20*x8 + 5.468037*x20*x9 + 2.152609*x20*x10 + 4.629185*x20*x11 + 3.167272*x20*x12 + 9.242004*x20*x13 + 0.539071*x20*x14  - 8.222463*x20*x15 + 5.905814*x20*x16 + 0.478151*x20*x17 + 2.718204*x20*x18  - 2.432488*x20*x19 + 2.382398*x20*x20 + 0.705948*x20*x21  - 0.910913*x20*x22  - 3.219765*x20*x23 + 2.646470*x20*x24 + 3.882532*x20*x25 + 1.854784*x20*x26 + 2.923522*x20*x27 + 4.100257*x20*x28 + 4.086768*x20*x29  - 1.305470*x20*x30 + 4.032721*x21*x1 + 4.204049*x21*x2  - 5.229169*x21*x3  - 0.641037*x21*x4  - 0.678941*x21*x5 + 1.647287*x21*x6 + 0.234811*x21*x7 + 2.621654*x21*x8 + 5.594770*x21*x9 + 8.076116*x21*x10 + 4.382404*x21*x11  - 4.965180*x21*x12  - 3.250092*x21*x13  - 1.037937*x21*x14 + 1.981543*x21*x15 + 3.255100*x21*x16 + 3.142774*x21*x17  - 0.175544*x21*x18 + 6.800794*x21*x19 + 0.705948*x21*x20 + 0.208076*x21*x21  - 1.356529*x21*x22 + 1.257512*x21*x23 + 3.659309*x21*x24 + 0.698419*x21*x25 + 1.385038*x21*x26 + 3.552492*x21*x27 + 7.923661*x21*x28 + 3.920891*x21*x29 + 4.038027*x21*x30  - 6.101318*x22*x1 + 6.072906*x22*x2 + 7.695506*x22*x3  - 2.872600*x22*x4  - 0.985538*x22*x5 + 0.539189*x22*x6 + 3.599904*x22*x7 + 4.258772*x22*x8 + 3.186289*x22*x9 + 4.108981*x22*x10  - 4.028731*x22*x11 + 0.667049*x22*x12 + 4.879814*x22*x13 + 0.557130*x22*x14  - 0.467316*x22*x15 + 3.318297*x22*x16  - 3.878761*x22*x17 + 3.619168*x22*x18  - 3.941855*x22*x19  - 0.910913*x22*x20  - 1.356529*x22*x21 + 0.083013*x22*x22 + 0.040720*x22*x23 + 3.549621*x22*x24  - 0.830286*x22*x25  - 2.790061*x22*x26  - 7.390107*x22*x27  - 5.145554*x22*x28 + 5.829389*x22*x29  - 0.004179*x22*x30  - 4.184972*x23*x1  - 3.709008*x23*x2  - 2.959112*x23*x3  - 9.158401*x23*x4  - 0.567447*x23*x5 + 2.389344*x23*x6  - 1.826013*x23*x7 + 1.688044*x23*x8 + 4.804362*x23*x9  - 3.328682*x23*x10 + 2.387269*x23*x11 + 3.119016*x23*x12 + 2.579272*x23*x13  - 1.733510*x23*x14  - 2.142317*x23*x15 + 8.382614*x23*x16 + 4.451258*x23*x17  - 3.656088*x23*x18 + 3.117378*x23*x19  - 3.219765*x23*x20 + 1.257512*x23*x21 + 0.040720*x23*x22 + 0.474203*x23*x23 + 7.937539*x23*x24 + 1.798538*x23*x25  - 0.433836*x23*x26  - 1.296451*x23*x27  - 0.776719*x23*x28  - 3.711530*x23*x29 + 7.009042*x23*x30  - 8.242844*x24*x1  - 0.930422*x24*x2 + 4.575972*x24*x3 + 3.333266*x24*x4  - 5.394914*x24*x5 + 7.595867*x24*x6 + 6.967305*x24*x7 + 0.628513*x24*x8  - 1.753951*x24*x9 + 0.759761*x24*x10 + 1.967436*x24*x11 + 1.888633*x24*x12 + 0.447280*x24*x13 + 5.720531*x24*x14  - 0.004507*x24*x15  - 5.441369*x24*x16 + 8.464553*x24*x17 + 4.552206*x24*x18 + 1.106552*x24*x19 + 2.646470*x24*x20 + 3.659309*x24*x21 + 3.549621*x24*x22 + 7.937539*x24*x23 + 2.354155*x24*x24 + 6.815340*x24*x25 + 4.063955*x24*x26 + 5.201510*x24*x27 + 4.627072*x24*x28  - 6.775871*x24*x29  - 0.614200*x24*x30 + 1.155531*x25*x1  - 3.930959*x25*x2  - 1.737241*x25*x3  - 0.375097*x25*x4 + 3.360543*x25*x5 + 4.537077*x25*x6 + 7.741251*x25*x7  - 1.008402*x25*x8 + 3.543277*x25*x9 + 4.457523*x25*x10 + 2.712517*x25*x11  - 3.327637*x25*x12 + 1.200210*x25*x13 + 0.434995*x25*x14  - 1.466327*x25*x15 + 2.630374*x25*x16  - 5.262775*x25*x17 + 2.548250*x25*x18 + 8.906465*x25*x19 + 3.882532*x25*x20 + 0.698419*x25*x21  - 0.830286*x25*x22 + 1.798538*x25*x23 + 6.815340*x25*x24 + 0.425570*x25*x25 + 4.830167*x25*x26  - 4.977883*x25*x27 + 4.730574*x25*x28  - 4.772543*x25*x29 + 4.448852*x25*x30 + 6.208285*x26*x1 + 0.146772*x26*x2 + 0.487403*x26*x3  - 6.288147*x26*x4 + 7.942871*x26*x5 + 0.665625*x26*x6 + 0.373701*x26*x7  - 1.531393*x26*x8 + 7.462515*x26*x9 + 6.614205*x26*x10 + 5.715550*x26*x11  - 1.441462*x26*x12  - 0.051644*x26*x13  - 7.417576*x26*x14 + 3.380383*x26*x15 + 3.448114*x26*x16  - 6.140918*x26*x17 + 7.215610*x26*x18 + 3.150140*x26*x19 + 1.854784*x26*x20 + 1.385038*x26*x21  - 2.790061*x26*x22  - 0.433836*x26*x23 + 4.063955*x26*x24 + 4.830167*x26*x25 + 2.454134*x26*x26 + 8.004460*x26*x27  - 7.500022*x26*x28  - 0.640263*x26*x29 + 5.068678*x26*x30 + 2.761000*x27*x1 + 3.139007*x27*x2 + 1.923841*x27*x3  - 2.859279*x27*x4  - 0.044113*x27*x5 + 9.526110*x27*x6  - 3.518789*x27*x7 + 7.556930*x27*x8 + 4.727476*x27*x9 + 1.016024*x27*x10 + 5.763633*x27*x11  - 3.265326*x27*x12 + 8.007883*x27*x13  - 1.097749*x27*x14 + 3.158321*x27*x15 + 3.018203*x27*x16 + 6.660570*x27*x17  - 2.139702*x27*x18 + 4.388931*x27*x19 + 2.923522*x27*x20 + 3.552492*x27*x21  - 7.390107*x27*x22  - 1.296451*x27*x23 + 5.201510*x27*x24  - 4.977883*x27*x25 + 8.004460*x27*x26 + 2.120004*x27*x27 + 2.331641*x27*x28  - 2.572631*x27*x29 + 7.607922*x27*x30  - 1.788794*x28*x1  - 2.290829*x28*x2 + 2.151669*x28*x3 + 2.327210*x28*x4 + 3.028559*x28*x5 + 6.208892*x28*x6 + 3.423095*x28*x7  - 2.507596*x28*x8 + 3.290422*x28*x9 + 3.709897*x28*x10 + 2.100391*x28*x11 + 4.494623*x28*x12 + 8.429539*x28*x13  - 4.383380*x28*x14  - 4.660646*x28*x15  - 2.270375*x28*x16 + 0.934550*x28*x17  - 1.659165*x28*x18 + 2.528407*x28*x19 + 4.100257*x28*x20 + 7.923661*x28*x21  - 5.145554*x28*x22  - 0.776719*x28*x23 + 4.627072*x28*x24 + 4.730574*x28*x25  - 7.500022*x28*x26 + 2.331641*x28*x27 + 2.765430*x28*x28  - 2.219783*x28*x29  - 0.890436*x28*x30 + 6.940544*x29*x1 + 6.489320*x29*x2  - 4.912900*x29*x3 + 5.697836*x29*x4 + 1.450401*x29*x5 + 7.269312*x29*x6 + 0.720576*x29*x7 + 2.008926*x29*x8  - 5.255522*x29*x9  - 2.957932*x29*x10  - 0.687209*x29*x11 + 1.765410*x29*x12 + 4.950960*x29*x13 + 1.510874*x29*x14 + 2.388360*x29*x15 + 6.023971*x29*x16  - 0.552482*x29*x17 + 5.741608*x29*x18 + 2.169469*x29*x19 + 4.086768*x29*x20 + 3.920891*x29*x21 + 5.829389*x29*x22  - 3.711530*x29*x23  - 6.775871*x29*x24  - 4.772543*x29*x25  - 0.640263*x29*x26  - 2.572631*x29*x27  - 2.219783*x29*x28 + 0.506757*x29*x29 + 1.288219*x29*x30 + 1.677332*x30*x1 + 6.763171*x30*x2 + 3.837854*x30*x3  - 2.671431*x30*x4 + 6.341254*x30*x5  - 2.123598*x30*x6  - 3.849032*x30*x7  - 2.824153*x30*x8  - 5.674278*x30*x9 + 0.074798*x30*x10 + 3.974437*x30*x11  - 3.155314*x30*x12 + 0.553394*x30*x13  - 0.638883*x30*x14 + 5.862439*x30*x15 + 5.154618*x30*x16  - 1.654863*x30*x17 + 1.487585*x30*x18  - 2.827406*x30*x19  - 1.305470*x30*x20 + 4.038027*x30*x21  - 0.004179*x30*x22 + 7.009042*x30*x23  - 0.614200*x30*x24 + 4.448852*x30*x25 + 5.068678*x30*x26 + 7.607922*x30*x27  - 0.890436*x30*x28 + 1.288219*x30*x29 + 3.039363*x30*x30 ;
