OPTIONS {
 MaxTime: 10000;
 EpsR: 0.000001;
 }
 
VARIABLES	x1,x2,x3,x4,x5,x6,x7,x8,x9,x10,x11,x12,x13,x14,x15,x16,x17,x18,x19,x20,x21,x22,x23,x24,x25,x26,x27,x28,x29,x30;
LOWER_BOUNDS {
x1: 0.000000;
x2: 0.000000;
x3: 0.000000;
x4: 0.000000;
x5: 0.000000;
x6: 0.000000;
x7: 0.000000;
x8: 0.000000;
x9: 0.000000;
x10: 0.000000;
x11: 0.000000;
x12: 0.000000;
x13: 0.000000;
x14: 0.000000;
x15: 0.000000;
x16: 0.000000;
x17: 0.000000;
x18: 0.000000;
x19: 0.000000;
x20: 0.000000;
x21: 0.000000;
x22: 0.000000;
x23: 0.000000;
x24: 0.000000;
x25: 0.000000;
x26: 0.000000;
x27: 0.000000;
x28: 0.000000;
x29: 0.000000;
x30: 0.000000;
}

UPPER_BOUNDS {
x1: 1.000000;
x2: 1.000000;
x3: 1.000000;
x4: 1.000000;
x5: 1.000000;
x6: 1.000000;
x7: 1.000000;
x8: 1.000000;
x9: 1.000000;
x10: 1.000000;
x11: 1.000000;
x12: 1.000000;
x13: 1.000000;
x14: 1.000000;
x15: 1.000000;
x16: 1.000000;
x17: 1.000000;
x18: 1.000000;
x19: 1.000000;
x20: 1.000000;
x21: 1.000000;
x22: 1.000000;
x23: 1.000000;
x24: 1.000000;
x25: 1.000000;
x26: 1.000000;
x27: 1.000000;
x28: 1.000000;
x29: 1.000000;
x30: 1.000000;
}

EQUATIONS e1;

e1:  1.000000*x1  + 1.000000*x2  + 1.000000*x3  + 1.000000*x4  + 1.000000*x5  + 1.000000*x6  + 1.000000*x7  + 1.000000*x8  + 1.000000*x9  + 1.000000*x10  + 1.000000*x11  + 1.000000*x12  + 1.000000*x13  + 1.000000*x14  + 1.000000*x15  + 1.000000*x16  + 1.000000*x17  + 1.000000*x18  + 1.000000*x19  + 1.000000*x20  + 1.000000*x21  + 1.000000*x22  + 1.000000*x23  + 1.000000*x24  + 1.000000*x25  + 1.000000*x26  + 1.000000*x27  + 1.000000*x28  + 1.000000*x29  + 1.000000*x30  == 1.000000;

OBJ: minimize	 2.466634*x1*x1 + 0.009581*x1*x2  - 6.828701*x1*x3  - 0.648708*x1*x4  - 5.434680*x1*x5  - 1.457207*x1*x6 + 3.882955*x1*x7  - 8.607098*x1*x8 + 1.625708*x1*x9  - 0.838425*x1*x10 + 1.682357*x1*x11 + 5.282005*x1*x12 + 0.973850*x1*x13 + 1.912277*x1*x14  - 4.791852*x1*x15  - 0.914167*x1*x16  - 2.763336*x1*x17 + 8.169117*x1*x18 + 6.792495*x1*x19  - 4.502157*x1*x20 + 2.161984*x1*x21 + 3.450801*x1*x22  - 3.118514*x1*x23 + 5.475165*x1*x24 + 3.499785*x1*x25  - 1.907566*x1*x26  - 4.159704*x1*x27 + 6.808513*x1*x28 + 3.246262*x1*x29 + 6.736770*x1*x30 + 0.009581*x2*x1 + 2.039780*x2*x2 + 1.509924*x2*x3  - 2.567022*x2*x4 + 8.017175*x2*x5 + 0.737846*x2*x6  - 2.254613*x2*x7  - 2.063498*x2*x8 + 4.435543*x2*x9  - 0.130939*x2*x10  - 7.664730*x2*x11 + 5.969224*x2*x12 + 8.617865*x2*x13 + 3.893621*x2*x14 + 3.096349*x2*x15 + 0.397973*x2*x16 + 3.022987*x2*x17  - 1.409960*x2*x18  - 2.915622*x2*x19  - 5.214865*x2*x20  - 0.073865*x2*x21  - 3.157441*x2*x22 + 1.569475*x2*x23 + 4.552259*x2*x24 + 6.799666*x2*x25 + 5.707044*x2*x26 + 3.099989*x2*x27 + 0.656681*x2*x28 + 3.282911*x2*x29 + 2.591422*x2*x30  - 6.828701*x3*x1 + 1.509924*x3*x2 + 0.851952*x3*x3  - 4.258290*x3*x4 + 4.014242*x3*x5  - 3.549850*x3*x6 + 1.952110*x3*x7 + 8.163888*x3*x8  - 2.295879*x3*x9 + 0.475470*x3*x10 + 1.290276*x3*x11  - 1.431736*x3*x12 + 1.455533*x3*x13  - 0.343454*x3*x14 + 5.903736*x3*x15 + 3.836182*x3*x16  - 6.124217*x3*x17  - 4.202442*x3*x18 + 3.906058*x3*x19 + 2.280557*x3*x20 + 3.127889*x3*x21 + 9.138353*x3*x22 + 3.273621*x3*x23 + 3.063287*x3*x24 + 1.226607*x3*x25  - 1.457822*x3*x26  - 1.646336*x3*x27  - 0.757140*x3*x28  - 1.134673*x3*x29 + 2.135270*x3*x30  - 0.648708*x4*x1  - 2.567022*x4*x2  - 4.258290*x4*x3  - 0.761217*x4*x4  - 2.244911*x4*x5  - 3.116150*x4*x6 + 6.930638*x4*x7 + 2.628049*x4*x8 + 2.529577*x4*x9  - 1.303569*x4*x10 + 3.245330*x4*x11  - 7.106723*x4*x12 + 3.592773*x4*x13 + 6.748396*x4*x14  - 1.022646*x4*x15  - 4.958605*x4*x16 + 5.437511*x4*x17 + 5.794017*x4*x18 + 7.803251*x4*x19  - 0.469791*x4*x20 + 5.430828*x4*x21  - 1.320801*x4*x22  - 0.791945*x4*x23 + 9.396836*x4*x24 + 0.319066*x4*x25  - 1.396917*x4*x26 + 1.861275*x4*x27 + 2.237258*x4*x28  - 7.294302*x4*x29 + 7.247208*x4*x30  - 5.434680*x5*x1 + 8.017175*x5*x2 + 4.014242*x5*x3  - 2.244911*x5*x4  - 2.549374*x5*x5  - 2.523668*x5*x6  - 4.450358*x5*x7 + 1.500803*x5*x8  - 5.771037*x5*x9 + 7.964508*x5*x10  - 5.777992*x5*x11 + 0.467887*x5*x12 + 5.270239*x5*x13  - 4.443402*x5*x14 + 8.211807*x5*x15  - 4.247092*x5*x16 + 3.695038*x5*x17  - 7.369508*x5*x18  - 0.989252*x5*x19 + 4.279605*x5*x20 + 4.671752*x5*x21 + 6.056815*x5*x22  - 2.588433*x5*x23 + 3.460851*x5*x24  - 3.729316*x5*x25 + 4.694416*x5*x26 + 2.334614*x5*x27  - 0.514236*x5*x28 + 3.010535*x5*x29  - 4.615185*x5*x30  - 1.457207*x6*x1 + 0.737846*x6*x2  - 3.549850*x6*x3  - 3.116150*x6*x4  - 2.523668*x6*x5 + 1.594308*x6*x6  - 0.687591*x6*x7 + 6.546150*x6*x8  - 5.874980*x6*x9 + 4.918364*x6*x10  - 4.515303*x6*x11 + 4.964840*x6*x12  - 4.233818*x6*x13  - 7.917407*x6*x14  - 1.531971*x6*x15 + 7.092248*x6*x16  - 3.089501*x6*x17 + 4.879121*x6*x18 + 3.729328*x6*x19 + 1.991676*x6*x20  - 4.237333*x6*x21 + 2.856177*x6*x22 + 1.036828*x6*x23 + 0.044453*x6*x24 + 5.776409*x6*x25  - 7.578797*x6*x26  - 5.019797*x6*x27  - 3.422134*x6*x28  - 4.602370*x6*x29  - 7.156097*x6*x30 + 3.882955*x7*x1  - 2.254613*x7*x2 + 1.952110*x7*x3 + 6.930638*x7*x4  - 4.450358*x7*x5  - 0.687591*x7*x6  - 2.342874*x7*x7 + 2.732167*x7*x8 + 2.956915*x7*x9 + 5.962650*x7*x10  - 0.541731*x7*x11 + 3.428766*x7*x12 + 0.981547*x7*x13 + 4.182557*x7*x14 + 0.643195*x7*x15 + 1.460416*x7*x16  - 1.061134*x7*x17 + 0.040006*x7*x18 + 1.755181*x7*x19 + 4.559777*x7*x20 + 7.276593*x7*x21 + 4.262853*x7*x22  - 3.862014*x7*x23  - 6.168414*x7*x24  - 7.843250*x7*x25 + 4.234751*x7*x26 + 4.747471*x7*x27 + 0.364778*x7*x28  - 1.876678*x7*x29  - 4.783598*x7*x30  - 8.607098*x8*x1  - 2.063498*x8*x2 + 8.163888*x8*x3 + 2.628049*x8*x4 + 1.500803*x8*x5 + 6.546150*x8*x6 + 2.732167*x8*x7 + 3.426383*x8*x8 + 7.755654*x8*x9  - 1.611485*x8*x10  - 0.832311*x8*x11 + 4.434665*x8*x12  - 0.299850*x8*x13 + 1.337681*x8*x14  - 2.959608*x8*x15 + 4.178240*x8*x16  - 0.666206*x8*x17  - 8.138798*x8*x18  - 5.427102*x8*x19 + 4.270185*x8*x20 + 3.217166*x8*x21 + 2.333276*x8*x22 + 0.259575*x8*x23 + 2.594775*x8*x24 + 4.463958*x8*x25 + 1.117507*x8*x26  - 4.615080*x8*x27  - 4.477433*x8*x28  - 3.060528*x8*x29  - 5.599704*x8*x30 + 1.625708*x9*x1 + 4.435543*x9*x2  - 2.295879*x9*x3 + 2.529577*x9*x4  - 5.771037*x9*x5  - 5.874980*x9*x6 + 2.956915*x9*x7 + 7.755654*x9*x8 + 0.801880*x9*x9  - 0.469392*x9*x10  - 6.270415*x9*x11 + 1.054324*x9*x12 + 1.205520*x9*x13 + 7.749507*x9*x14 + 6.004480*x9*x15  - 0.533461*x9*x16  - 2.631158*x9*x17 + 5.021741*x9*x18 + 7.043644*x9*x19 + 4.561940*x9*x20 + 3.576816*x9*x21 + 3.308297*x9*x22 + 2.244868*x9*x23  - 3.270539*x9*x24  - 4.510378*x9*x25  - 2.396198*x9*x26 + 4.847058*x9*x27  - 0.206055*x9*x28 + 1.916391*x9*x29 + 5.879776*x9*x30  - 0.838425*x10*x1  - 0.130939*x10*x2 + 0.475470*x10*x3  - 1.303569*x10*x4 + 7.964508*x10*x5 + 4.918364*x10*x6 + 5.962650*x10*x7  - 1.611485*x10*x8  - 0.469392*x10*x9 + 3.217348*x10*x10 + 5.194628*x10*x11 + 1.381989*x10*x12  - 8.915077*x10*x13  - 0.838586*x10*x14  - 2.864023*x10*x15  - 1.824846*x10*x16 + 4.737761*x10*x17 + 2.282867*x10*x18 + 1.953927*x10*x19 + 2.705596*x10*x20  - 2.664939*x10*x21 + 4.257946*x10*x22 + 9.027750*x10*x23  - 0.972530*x10*x24  - 0.541483*x10*x25  - 9.409947*x10*x26 + 4.118456*x10*x27 + 5.529713*x10*x28 + 0.202841*x10*x29  - 1.649692*x10*x30 + 1.682357*x11*x1  - 7.664730*x11*x2 + 1.290276*x11*x3 + 3.245330*x11*x4  - 5.777992*x11*x5  - 4.515303*x11*x6  - 0.541731*x11*x7  - 0.832311*x11*x8  - 6.270415*x11*x9 + 5.194628*x11*x10 + 3.077196*x11*x11  - 3.575098*x11*x12 + 7.758427*x11*x13  - 4.232717*x11*x14  - 1.945223*x11*x15 + 0.485261*x11*x16 + 0.865602*x11*x17 + 3.959881*x11*x18  - 3.609560*x11*x19  - 1.043190*x11*x20 + 5.260649*x11*x21  - 1.414628*x11*x22 + 6.255588*x11*x23 + 1.026023*x11*x24 + 1.018798*x11*x25  - 4.191075*x11*x26  - 0.060568*x11*x27 + 7.823423*x11*x28 + 5.011374*x11*x29 + 3.418524*x11*x30 + 5.282005*x12*x1 + 5.969224*x12*x2  - 1.431736*x12*x3  - 7.106723*x12*x4 + 0.467887*x12*x5 + 4.964840*x12*x6 + 3.428766*x12*x7 + 4.434665*x12*x8 + 1.054324*x12*x9 + 1.381989*x12*x10  - 3.575098*x12*x11  - 2.450374*x12*x12  - 7.115805*x12*x13 + 6.341104*x12*x14 + 2.827042*x12*x15 + 5.073037*x12*x16 + 4.101814*x12*x17 + 1.522765*x12*x18 + 4.669975*x12*x19  - 4.169330*x12*x20 + 6.595101*x12*x21  - 1.447274*x12*x22 + 1.062702*x12*x23 + 0.867197*x12*x24 + 0.249105*x12*x25 + 4.603989*x12*x26  - 0.386458*x12*x27 + 9.236927*x12*x28 + 6.412171*x12*x29  - 8.302056*x12*x30 + 0.973850*x13*x1 + 8.617865*x13*x2 + 1.455533*x13*x3 + 3.592773*x13*x4 + 5.270239*x13*x5  - 4.233818*x13*x6 + 0.981547*x13*x7  - 0.299850*x13*x8 + 1.205520*x13*x9  - 8.915077*x13*x10 + 7.758427*x13*x11  - 7.115805*x13*x12 + 2.104361*x13*x13 + 5.334872*x13*x14  - 2.926246*x13*x15 + 0.704316*x13*x16 + 6.058131*x13*x17  - 4.072616*x13*x18  - 3.854413*x13*x19  - 4.102691*x13*x20  - 5.482504*x13*x21 + 7.288513*x13*x22 + 0.774627*x13*x23  - 7.326445*x13*x24  - 1.521041*x13*x25 + 4.207114*x13*x26 + 4.312217*x13*x27 + 3.816405*x13*x28 + 5.763564*x13*x29 + 5.349719*x13*x30 + 1.912277*x14*x1 + 3.893621*x14*x2  - 0.343454*x14*x3 + 6.748396*x14*x4  - 4.443402*x14*x5  - 7.917407*x14*x6 + 4.182557*x14*x7 + 1.337681*x14*x8 + 7.749507*x14*x9  - 0.838586*x14*x10  - 4.232717*x14*x11 + 6.341104*x14*x12 + 5.334872*x14*x13 + 0.448095*x14*x14 + 1.921260*x14*x15  - 2.884957*x14*x16 + 4.792754*x14*x17  - 1.460806*x14*x18  - 2.833768*x14*x19 + 0.874483*x14*x20 + 4.937549*x14*x21 + 1.465810*x14*x22 + 1.625606*x14*x23 + 1.676843*x14*x24 + 4.463960*x14*x25 + 2.058530*x14*x26 + 8.550161*x14*x27 + 1.940072*x14*x28 + 5.052849*x14*x29  - 0.851560*x14*x30  - 4.791852*x15*x1 + 3.096349*x15*x2 + 5.903736*x15*x3  - 1.022646*x15*x4 + 8.211807*x15*x5  - 1.531971*x15*x6 + 0.643195*x15*x7  - 2.959608*x15*x8 + 6.004480*x15*x9  - 2.864023*x15*x10  - 1.945223*x15*x11 + 2.827042*x15*x12  - 2.926246*x15*x13 + 1.921260*x15*x14 + 0.704924*x15*x15 + 2.182954*x15*x16  - 0.538001*x15*x17  - 2.187602*x15*x18 + 2.727758*x15*x19 + 7.866995*x15*x20 + 6.124002*x15*x21 + 5.090734*x15*x22 + 8.521524*x15*x23 + 1.108588*x15*x24  - 7.401526*x15*x25  - 3.822723*x15*x26 + 3.923742*x15*x27 + 2.683733*x15*x28  - 0.410860*x15*x29 + 1.176071*x15*x30  - 0.914167*x16*x1 + 0.397973*x16*x2 + 3.836182*x16*x3  - 4.958605*x16*x4  - 4.247092*x16*x5 + 7.092248*x16*x6 + 1.460416*x16*x7 + 4.178240*x16*x8  - 0.533461*x16*x9  - 1.824846*x16*x10 + 0.485261*x16*x11 + 5.073037*x16*x12 + 0.704316*x16*x13  - 2.884957*x16*x14 + 2.182954*x16*x15 + 2.956191*x16*x16 + 4.388071*x16*x17 + 5.039168*x16*x18 + 8.045839*x16*x19  - 0.531020*x16*x20  - 5.888585*x16*x21  - 0.872090*x16*x22 + 7.970468*x16*x23  - 5.717601*x16*x24  - 0.107359*x16*x25 + 3.829882*x16*x26 + 7.607979*x16*x27  - 1.384753*x16*x28 + 2.523208*x16*x29 + 2.796176*x16*x30  - 2.763336*x17*x1 + 3.022987*x17*x2  - 6.124217*x17*x3 + 5.437511*x17*x4 + 3.695038*x17*x5  - 3.089501*x17*x6  - 1.061134*x17*x7  - 0.666206*x17*x8  - 2.631158*x17*x9 + 4.737761*x17*x10 + 0.865602*x17*x11 + 4.101814*x17*x12 + 6.058131*x17*x13 + 4.792754*x17*x14  - 0.538001*x17*x15 + 4.388071*x17*x16 + 2.478047*x17*x17 + 2.198692*x17*x18 + 3.931225*x17*x19  - 3.934458*x17*x20 + 0.979356*x17*x21 + 2.563190*x17*x22 + 4.869886*x17*x23 + 2.911893*x17*x24 + 2.824973*x17*x25 + 1.696102*x17*x26  - 3.447860*x17*x27  - 4.821953*x17*x28  - 6.038497*x17*x29 + 2.680864*x17*x30 + 8.169117*x18*x1  - 1.409960*x18*x2  - 4.202442*x18*x3 + 5.794017*x18*x4  - 7.369508*x18*x5 + 4.879121*x18*x6 + 0.040006*x18*x7  - 8.138798*x18*x8 + 5.021741*x18*x9 + 2.282867*x18*x10 + 3.959881*x18*x11 + 1.522765*x18*x12  - 4.072616*x18*x13  - 1.460806*x18*x14  - 2.187602*x18*x15 + 5.039168*x18*x16 + 2.198692*x18*x17 + 3.733672*x18*x18  - 0.375509*x18*x19 + 2.538345*x18*x20 + 2.590402*x18*x21  - 4.791202*x18*x22 + 6.072125*x18*x23 + 5.412644*x18*x24 + 6.949193*x18*x25  - 1.535958*x18*x26 + 5.244937*x18*x27  - 5.269231*x18*x28  - 6.155250*x18*x29  - 4.372087*x18*x30 + 6.792495*x19*x1  - 2.915622*x19*x2 + 3.906058*x19*x3 + 7.803251*x19*x4  - 0.989252*x19*x5 + 3.729328*x19*x6 + 1.755181*x19*x7  - 5.427102*x19*x8 + 7.043644*x19*x9 + 1.953927*x19*x10  - 3.609560*x19*x11 + 4.669975*x19*x12  - 3.854413*x19*x13  - 2.833768*x19*x14 + 2.727758*x19*x15 + 8.045839*x19*x16 + 3.931225*x19*x17  - 0.375509*x19*x18  - 4.375270*x19*x19 + 2.191390*x19*x20  - 3.852840*x19*x21 + 3.713762*x19*x22 + 1.948322*x19*x23 + 9.632245*x19*x24 + 5.574092*x19*x25 + 7.943160*x19*x26 + 5.516317*x19*x27  - 1.163252*x19*x28 + 3.026986*x19*x29 + 1.179251*x19*x30  - 4.502157*x20*x1  - 5.214865*x20*x2 + 2.280557*x20*x3  - 0.469791*x20*x4 + 4.279605*x20*x5 + 1.991676*x20*x6 + 4.559777*x20*x7 + 4.270185*x20*x8 + 4.561940*x20*x9 + 2.705596*x20*x10  - 1.043190*x20*x11  - 4.169330*x20*x12  - 4.102691*x20*x13 + 0.874483*x20*x14 + 7.866995*x20*x15  - 0.531020*x20*x16  - 3.934458*x20*x17 + 2.538345*x20*x18 + 2.191390*x20*x19 + 0.593650*x20*x20 + 2.644153*x20*x21 + 5.963950*x20*x22 + 8.610639*x20*x23  - 4.669222*x20*x24  - 3.283235*x20*x25 + 6.948790*x20*x26 + 1.411431*x20*x27  - 5.860130*x20*x28  - 1.996553*x20*x29 + 6.519273*x20*x30 + 2.161984*x21*x1  - 0.073865*x21*x2 + 3.127889*x21*x3 + 5.430828*x21*x4 + 4.671752*x21*x5  - 4.237333*x21*x6 + 7.276593*x21*x7 + 3.217166*x21*x8 + 3.576816*x21*x9  - 2.664939*x21*x10 + 5.260649*x21*x11 + 6.595101*x21*x12  - 5.482504*x21*x13 + 4.937549*x21*x14 + 6.124002*x21*x15  - 5.888585*x21*x16 + 0.979356*x21*x17 + 2.590402*x21*x18  - 3.852840*x21*x19 + 2.644153*x21*x20  - 1.478219*x21*x21  - 6.886587*x21*x22  - 3.935723*x21*x23 + 7.331559*x21*x24 + 0.342418*x21*x25 + 5.574502*x21*x26  - 3.183423*x21*x27 + 1.641849*x21*x28  - 1.854354*x21*x29 + 3.243983*x21*x30 + 3.450801*x22*x1  - 3.157441*x22*x2 + 9.138353*x22*x3  - 1.320801*x22*x4 + 6.056815*x22*x5 + 2.856177*x22*x6 + 4.262853*x22*x7 + 2.333276*x22*x8 + 3.308297*x22*x9 + 4.257946*x22*x10  - 1.414628*x22*x11  - 1.447274*x22*x12 + 7.288513*x22*x13 + 1.465810*x22*x14 + 5.090734*x22*x15  - 0.872090*x22*x16 + 2.563190*x22*x17  - 4.791202*x22*x18 + 3.713762*x22*x19 + 5.963950*x22*x20  - 6.886587*x22*x21  - 2.979492*x22*x22 + 3.360014*x22*x23  - 2.490374*x22*x24 + 4.903176*x22*x25  - 4.933729*x22*x26  - 3.155102*x22*x27 + 4.495226*x22*x28  - 5.528775*x22*x29 + 3.557178*x22*x30  - 3.118514*x23*x1 + 1.569475*x23*x2 + 3.273621*x23*x3  - 0.791945*x23*x4  - 2.588433*x23*x5 + 1.036828*x23*x6  - 3.862014*x23*x7 + 0.259575*x23*x8 + 2.244868*x23*x9 + 9.027750*x23*x10 + 6.255588*x23*x11 + 1.062702*x23*x12 + 0.774627*x23*x13 + 1.625606*x23*x14 + 8.521524*x23*x15 + 7.970468*x23*x16 + 4.869886*x23*x17 + 6.072125*x23*x18 + 1.948322*x23*x19 + 8.610639*x23*x20  - 3.935723*x23*x21 + 3.360014*x23*x22 + 1.930116*x23*x23  - 0.250701*x23*x24  - 6.619278*x23*x25  - 2.519999*x23*x26 + 5.403152*x23*x27 + 0.804337*x23*x28 + 2.900794*x23*x29  - 5.470572*x23*x30 + 5.475165*x24*x1 + 4.552259*x24*x2 + 3.063287*x24*x3 + 9.396836*x24*x4 + 3.460851*x24*x5 + 0.044453*x24*x6  - 6.168414*x24*x7 + 2.594775*x24*x8  - 3.270539*x24*x9  - 0.972530*x24*x10 + 1.026023*x24*x11 + 0.867197*x24*x12  - 7.326445*x24*x13 + 1.676843*x24*x14 + 1.108588*x24*x15  - 5.717601*x24*x16 + 2.911893*x24*x17 + 5.412644*x24*x18 + 9.632245*x24*x19  - 4.669222*x24*x20 + 7.331559*x24*x21  - 2.490374*x24*x22  - 0.250701*x24*x23 + 3.191105*x24*x24 + 1.279208*x24*x25  - 1.590564*x24*x26 + 2.609183*x24*x27  - 1.764654*x24*x28  - 5.259818*x24*x29  - 2.425642*x24*x30 + 3.499785*x25*x1 + 6.799666*x25*x2 + 1.226607*x25*x3 + 0.319066*x25*x4  - 3.729316*x25*x5 + 5.776409*x25*x6  - 7.843250*x25*x7 + 4.463958*x25*x8  - 4.510378*x25*x9  - 0.541483*x25*x10 + 1.018798*x25*x11 + 0.249105*x25*x12  - 1.521041*x25*x13 + 4.463960*x25*x14  - 7.401526*x25*x15  - 0.107359*x25*x16 + 2.824973*x25*x17 + 6.949193*x25*x18 + 5.574092*x25*x19  - 3.283235*x25*x20 + 0.342418*x25*x21 + 4.903176*x25*x22  - 6.619278*x25*x23 + 1.279208*x25*x24 + 1.989672*x25*x25 + 4.078960*x25*x26  - 8.796068*x25*x27  - 6.728056*x25*x28  - 0.943837*x25*x29  - 2.551515*x25*x30  - 1.907566*x26*x1 + 5.707044*x26*x2  - 1.457822*x26*x3  - 1.396917*x26*x4 + 4.694416*x26*x5  - 7.578797*x26*x6 + 4.234751*x26*x7 + 1.117507*x26*x8  - 2.396198*x26*x9  - 9.409947*x26*x10  - 4.191075*x26*x11 + 4.603989*x26*x12 + 4.207114*x26*x13 + 2.058530*x26*x14  - 3.822723*x26*x15 + 3.829882*x26*x16 + 1.696102*x26*x17  - 1.535958*x26*x18 + 7.943160*x26*x19 + 6.948790*x26*x20 + 5.574502*x26*x21  - 4.933729*x26*x22  - 2.519999*x26*x23  - 1.590564*x26*x24 + 4.078960*x26*x25 + 1.348164*x26*x26  - 0.117408*x26*x27  - 2.905651*x26*x28 + 1.497999*x26*x29  - 4.090408*x26*x30  - 4.159704*x27*x1 + 3.099989*x27*x2  - 1.646336*x27*x3 + 1.861275*x27*x4 + 2.334614*x27*x5  - 5.019797*x27*x6 + 4.747471*x27*x7  - 4.615080*x27*x8 + 4.847058*x27*x9 + 4.118456*x27*x10  - 0.060568*x27*x11  - 0.386458*x27*x12 + 4.312217*x27*x13 + 8.550161*x27*x14 + 3.923742*x27*x15 + 7.607979*x27*x16  - 3.447860*x27*x17 + 5.244937*x27*x18 + 5.516317*x27*x19 + 1.411431*x27*x20  - 3.183423*x27*x21  - 3.155102*x27*x22 + 5.403152*x27*x23 + 2.609183*x27*x24  - 8.796068*x27*x25  - 0.117408*x27*x26  - 0.470042*x27*x27 + 4.085966*x27*x28 + 8.989158*x27*x29  - 0.467651*x27*x30 + 6.808513*x28*x1 + 0.656681*x28*x2  - 0.757140*x28*x3 + 2.237258*x28*x4  - 0.514236*x28*x5  - 3.422134*x28*x6 + 0.364778*x28*x7  - 4.477433*x28*x8  - 0.206055*x28*x9 + 5.529713*x28*x10 + 7.823423*x28*x11 + 9.236927*x28*x12 + 3.816405*x28*x13 + 1.940072*x28*x14 + 2.683733*x28*x15  - 1.384753*x28*x16  - 4.821953*x28*x17  - 5.269231*x28*x18  - 1.163252*x28*x19  - 5.860130*x28*x20 + 1.641849*x28*x21 + 4.495226*x28*x22 + 0.804337*x28*x23  - 1.764654*x28*x24  - 6.728056*x28*x25  - 2.905651*x28*x26 + 4.085966*x28*x27  - 2.796254*x28*x28  - 2.940663*x28*x29  - 4.475121*x28*x30 + 3.246262*x29*x1 + 3.282911*x29*x2  - 1.134673*x29*x3  - 7.294302*x29*x4 + 3.010535*x29*x5  - 4.602370*x29*x6  - 1.876678*x29*x7  - 3.060528*x29*x8 + 1.916391*x29*x9 + 0.202841*x29*x10 + 5.011374*x29*x11 + 6.412171*x29*x12 + 5.763564*x29*x13 + 5.052849*x29*x14  - 0.410860*x29*x15 + 2.523208*x29*x16  - 6.038497*x29*x17  - 6.155250*x29*x18 + 3.026986*x29*x19  - 1.996553*x29*x20  - 1.854354*x29*x21  - 5.528775*x29*x22 + 2.900794*x29*x23  - 5.259818*x29*x24  - 0.943837*x29*x25 + 1.497999*x29*x26 + 8.989158*x29*x27  - 2.940663*x29*x28 + 1.143954*x29*x29 + 0.920424*x29*x30 + 6.736770*x30*x1 + 2.591422*x30*x2 + 2.135270*x30*x3 + 7.247208*x30*x4  - 4.615185*x30*x5  - 7.156097*x30*x6  - 4.783598*x30*x7  - 5.599704*x30*x8 + 5.879776*x30*x9  - 1.649692*x30*x10 + 3.418524*x30*x11  - 8.302056*x30*x12 + 5.349719*x30*x13  - 0.851560*x30*x14 + 1.176071*x30*x15 + 2.796176*x30*x16 + 2.680864*x30*x17  - 4.372087*x30*x18 + 1.179251*x30*x19 + 6.519273*x30*x20 + 3.243983*x30*x21 + 3.557178*x30*x22  - 5.470572*x30*x23  - 2.425642*x30*x24  - 2.551515*x30*x25  - 4.090408*x30*x26  - 0.467651*x30*x27  - 4.475121*x30*x28 + 0.920424*x30*x29 + 1.843218*x30*x30 ;
