OPTIONS {
 MaxTime: 10000;
 EpsR: 0.000001;
 }
 
VARIABLES	x1,x2,x3,x4,x5,x6,x7,x8,x9,x10,x11,x12,x13,x14,x15,x16,x17,x18,x19,x20,x21,x22,x23,x24,x25,x26,x27,x28,x29,x30;
LOWER_BOUNDS {
x1: 0.000000;
x2: 0.000000;
x3: 0.000000;
x4: 0.000000;
x5: 0.000000;
x6: 0.000000;
x7: 0.000000;
x8: 0.000000;
x9: 0.000000;
x10: 0.000000;
x11: 0.000000;
x12: 0.000000;
x13: 0.000000;
x14: 0.000000;
x15: 0.000000;
x16: 0.000000;
x17: 0.000000;
x18: 0.000000;
x19: 0.000000;
x20: 0.000000;
x21: 0.000000;
x22: 0.000000;
x23: 0.000000;
x24: 0.000000;
x25: 0.000000;
x26: 0.000000;
x27: 0.000000;
x28: 0.000000;
x29: 0.000000;
x30: 0.000000;
}

UPPER_BOUNDS {
x1: 1.000000;
x2: 1.000000;
x3: 1.000000;
x4: 1.000000;
x5: 1.000000;
x6: 1.000000;
x7: 1.000000;
x8: 1.000000;
x9: 1.000000;
x10: 1.000000;
x11: 1.000000;
x12: 1.000000;
x13: 1.000000;
x14: 1.000000;
x15: 1.000000;
x16: 1.000000;
x17: 1.000000;
x18: 1.000000;
x19: 1.000000;
x20: 1.000000;
x21: 1.000000;
x22: 1.000000;
x23: 1.000000;
x24: 1.000000;
x25: 1.000000;
x26: 1.000000;
x27: 1.000000;
x28: 1.000000;
x29: 1.000000;
x30: 1.000000;
}

EQUATIONS e1;

e1:  1.000000*x1  + 1.000000*x2  + 1.000000*x3  + 1.000000*x4  + 1.000000*x5  + 1.000000*x6  + 1.000000*x7  + 1.000000*x8  + 1.000000*x9  + 1.000000*x10  + 1.000000*x11  + 1.000000*x12  + 1.000000*x13  + 1.000000*x14  + 1.000000*x15  + 1.000000*x16  + 1.000000*x17  + 1.000000*x18  + 1.000000*x19  + 1.000000*x20  + 1.000000*x21  + 1.000000*x22  + 1.000000*x23  + 1.000000*x24  + 1.000000*x25  + 1.000000*x26  + 1.000000*x27  + 1.000000*x28  + 1.000000*x29  + 1.000000*x30  == 1.000000;

OBJ: minimize	 2.220051*x1*x1  - 3.624767*x1*x2 + 8.895711*x1*x3  - 0.779712*x1*x4 + 0.930572*x1*x5  - 4.991528*x1*x6  - 1.467658*x1*x7 + 4.740869*x1*x8  - 3.733574*x1*x9 + 6.595256*x1*x10  - 2.589324*x1*x11  - 2.423450*x1*x12 + 6.550599*x1*x13 + 6.049521*x1*x14 + 4.332713*x1*x15  - 2.191383*x1*x16  - 4.360277*x1*x17  - 1.042740*x1*x18 + 8.253918*x1*x19  - 1.826818*x1*x20 + 1.744707*x1*x21 + 8.229095*x1*x22 + 1.082726*x1*x23  - 6.427841*x1*x24 + 5.142926*x1*x25 + 4.708701*x1*x26  - 7.110414*x1*x27  - 3.059008*x1*x28 + 0.818409*x1*x29  - 2.584323*x1*x30  - 3.624767*x2*x1 + 0.004869*x2*x2  - 2.100180*x2*x3 + 1.854837*x2*x4 + 1.682528*x2*x5 + 9.168580*x2*x6  - 3.253595*x2*x7 + 0.188745*x2*x8 + 2.537915*x2*x9  - 2.082882*x2*x10  - 0.672876*x2*x11 + 5.654909*x2*x12  - 2.915068*x2*x13 + 2.094247*x2*x14 + 1.126829*x2*x15 + 3.027438*x2*x16 + 0.082078*x2*x17 + 1.690634*x2*x18 + 2.085424*x2*x19 + 2.787874*x2*x20  - 3.171245*x2*x21 + 5.370859*x2*x22 + 9.534070*x2*x23 + 3.265966*x2*x24 + 7.912278*x2*x25  - 6.780963*x2*x26 + 2.853444*x2*x27  - 1.585215*x2*x28  - 1.928814*x2*x29  - 5.576890*x2*x30 + 8.895711*x3*x1  - 2.100180*x3*x2 + 0.321928*x3*x3 + 3.164963*x3*x4  - 0.326026*x3*x5 + 8.167160*x3*x6 + 1.608861*x3*x7 + 7.586227*x3*x8 + 3.201214*x3*x9  - 2.956413*x3*x10  - 4.079484*x3*x11  - 0.086007*x3*x12 + 4.066860*x3*x13 + 5.300674*x3*x14 + 4.156109*x3*x15 + 2.046849*x3*x16 + 0.615961*x3*x17  - 0.326359*x3*x18 + 1.784247*x3*x19  - 5.692184*x3*x20  - 1.590436*x3*x21 + 1.207742*x3*x22 + 2.543597*x3*x23 + 1.895998*x3*x24 + 1.102481*x3*x25 + 1.311655*x3*x26  - 0.593544*x3*x27  - 2.565538*x3*x28 + 4.650548*x3*x29 + 1.979986*x3*x30  - 0.779712*x4*x1 + 1.854837*x4*x2 + 3.164963*x4*x3 + 1.450818*x4*x4  - 1.143445*x4*x5  - 1.906424*x4*x6 + 6.859662*x4*x7  - 6.462756*x4*x8  - 1.333688*x4*x9 + 3.850658*x4*x10  - 0.537884*x4*x11 + 3.861108*x4*x12 + 9.352227*x4*x13  - 5.819388*x4*x14  - 6.188267*x4*x15  - 2.268879*x4*x16 + 4.666445*x4*x17 + 1.368165*x4*x18 + 1.338785*x4*x19  - 3.348829*x4*x20 + 5.754516*x4*x21 + 4.146618*x4*x22 + 5.884464*x4*x23 + 1.382666*x4*x24 + 3.811049*x4*x25 + 4.992113*x4*x26  - 0.652577*x4*x27  - 0.054864*x4*x28  - 2.423669*x4*x29 + 0.920538*x4*x30 + 0.930572*x5*x1 + 1.682528*x5*x2  - 0.326026*x5*x3  - 1.143445*x5*x4 + 4.310471*x5*x5  - 1.055508*x5*x6  - 7.553838*x5*x7 + 0.595956*x5*x8 + 1.170880*x5*x9 + 6.488950*x5*x10 + 1.290403*x5*x11 + 2.073466*x5*x12  - 2.723940*x5*x13 + 8.405243*x5*x14 + 1.926976*x5*x15  - 3.599829*x5*x16 + 1.114659*x5*x17  - 0.748758*x5*x18 + 4.660987*x5*x19  - 7.937606*x5*x20  - 3.763253*x5*x21  - 2.598814*x5*x22 + 1.933834*x5*x23  - 2.403498*x5*x24 + 7.778524*x5*x25  - 3.543936*x5*x26 + 5.437350*x5*x27  - 5.385074*x5*x28 + 3.376463*x5*x29  - 0.308191*x5*x30  - 4.991528*x6*x1 + 9.168580*x6*x2 + 8.167160*x6*x3  - 1.906424*x6*x4  - 1.055508*x6*x5 + 1.421098*x6*x6 + 7.765070*x6*x7 + 2.121511*x6*x8  - 7.456296*x6*x9  - 5.272285*x6*x10 + 3.499346*x6*x11 + 1.940225*x6*x12  - 6.359447*x6*x13  - 1.304239*x6*x14  - 5.320355*x6*x15 + 7.844658*x6*x16  - 1.853238*x6*x17  - 1.268399*x6*x18  - 2.225076*x6*x19  - 4.434860*x6*x20 + 4.734115*x6*x21 + 2.811100*x6*x22  - 1.955172*x6*x23  - 1.941539*x6*x24 + 7.438749*x6*x25 + 4.341898*x6*x26  - 2.424083*x6*x27  - 7.446751*x6*x28 + 1.702946*x6*x29  - 1.868469*x6*x30  - 1.467658*x7*x1  - 3.253595*x7*x2 + 1.608861*x7*x3 + 6.859662*x7*x4  - 7.553838*x7*x5 + 7.765070*x7*x6 + 2.097908*x7*x7 + 4.066309*x7*x8  - 5.325770*x7*x9 + 3.917526*x7*x10  - 2.815055*x7*x11 + 1.326292*x7*x12  - 3.988022*x7*x13 + 6.174749*x7*x14  - 1.434989*x7*x15 + 3.068416*x7*x16  - 7.688286*x7*x17  - 3.781772*x7*x18 + 0.187235*x7*x19 + 3.726234*x7*x20 + 0.771500*x7*x21 + 2.506226*x7*x22  - 2.117977*x7*x23 + 6.265954*x7*x24  - 5.268212*x7*x25 + 1.076272*x7*x26  - 2.783940*x7*x27  - 1.238638*x7*x28 + 6.707355*x7*x29 + 4.817591*x7*x30 + 4.740869*x8*x1 + 0.188745*x8*x2 + 7.586227*x8*x3  - 6.462756*x8*x4 + 0.595956*x8*x5 + 2.121511*x8*x6 + 4.066309*x8*x7 + 2.027314*x8*x8 + 8.457645*x8*x9 + 0.342095*x8*x10  - 4.863595*x8*x11  - 0.758947*x8*x12 + 4.668991*x8*x13 + 1.004469*x8*x14 + 5.075048*x8*x15  - 2.298271*x8*x16 + 2.359631*x8*x17 + 4.417340*x8*x18  - 1.038703*x8*x19 + 3.431949*x8*x20 + 8.288389*x8*x21 + 6.873006*x8*x22  - 3.262131*x8*x23 + 1.632199*x8*x24 + 0.429323*x8*x25 + 0.926989*x8*x26  - 0.142206*x8*x27  - 0.113193*x8*x28  - 3.417558*x8*x29  - 5.857759*x8*x30  - 3.733574*x9*x1 + 2.537915*x9*x2 + 3.201214*x9*x3  - 1.333688*x9*x4 + 1.170880*x9*x5  - 7.456296*x9*x6  - 5.325770*x9*x7 + 8.457645*x9*x8 + 0.269739*x9*x9 + 2.283984*x9*x10  - 2.173450*x9*x11 + 2.084018*x9*x12  - 4.681188*x9*x13 + 1.126743*x9*x14 + 6.234595*x9*x15 + 0.376688*x9*x16 + 4.826085*x9*x17 + 4.280875*x9*x18  - 6.555686*x9*x19 + 7.181035*x9*x20 + 6.964523*x9*x21 + 1.423739*x9*x22 + 1.729475*x9*x23  - 0.199104*x9*x24  - 4.731292*x9*x25 + 1.023219*x9*x26 + 7.606817*x9*x27 + 1.382405*x9*x28  - 0.610090*x9*x29 + 2.469453*x9*x30 + 6.595256*x10*x1  - 2.082882*x10*x2  - 2.956413*x10*x3 + 3.850658*x10*x4 + 6.488950*x10*x5  - 5.272285*x10*x6 + 3.917526*x10*x7 + 0.342095*x10*x8 + 2.283984*x10*x9 + 3.154379*x10*x10  - 7.376963*x10*x11  - 0.776283*x10*x12 + 4.228030*x10*x13 + 1.912315*x10*x14 + 2.109314*x10*x15 + 5.311919*x10*x16  - 6.213229*x10*x17 + 3.176257*x10*x18 + 4.833334*x10*x19 + 2.766978*x10*x20  - 3.210958*x10*x21  - 0.067664*x10*x22 + 7.594801*x10*x23 + 3.136326*x10*x24  - 1.171135*x10*x25 + 1.805314*x10*x26 + 6.798844*x10*x27  - 0.773535*x10*x28  - 3.736625*x10*x29  - 7.852854*x10*x30  - 2.589324*x11*x1  - 0.672876*x11*x2  - 4.079484*x11*x3  - 0.537884*x11*x4 + 1.290403*x11*x5 + 3.499346*x11*x6  - 2.815055*x11*x7  - 4.863595*x11*x8  - 2.173450*x11*x9  - 7.376963*x11*x10 + 0.722127*x11*x11 + 4.817183*x11*x12  - 6.766332*x11*x13 + 8.234977*x11*x14 + 2.842083*x11*x15 + 6.021753*x11*x16  - 4.888750*x11*x17  - 1.959003*x11*x18  - 7.712462*x11*x19 + 6.659887*x11*x20 + 6.321343*x11*x21  - 1.092533*x11*x22  - 3.037818*x11*x23  - 1.299837*x11*x24  - 5.642409*x11*x25 + 2.150122*x11*x26  - 2.224383*x11*x27 + 1.829633*x11*x28  - 3.167191*x11*x29  - 8.599940*x11*x30  - 2.423450*x12*x1 + 5.654909*x12*x2  - 0.086007*x12*x3 + 3.861108*x12*x4 + 2.073466*x12*x5 + 1.940225*x12*x6 + 1.326292*x12*x7  - 0.758947*x12*x8 + 2.084018*x12*x9  - 0.776283*x12*x10 + 4.817183*x12*x11 + 3.484017*x12*x12  - 0.023157*x12*x13  - 5.002176*x12*x14 + 4.824087*x12*x15  - 0.297662*x12*x16 + 4.673253*x12*x17 + 3.238241*x12*x18  - 7.713820*x12*x19 + 6.244105*x12*x20  - 5.105614*x12*x21  - 3.830616*x12*x22 + 1.197473*x12*x23 + 0.217128*x12*x24  - 0.451120*x12*x25 + 3.781761*x12*x26 + 1.578931*x12*x27 + 1.472665*x12*x28 + 2.557422*x12*x29  - 5.608267*x12*x30 + 6.550599*x13*x1  - 2.915068*x13*x2 + 4.066860*x13*x3 + 9.352227*x13*x4  - 2.723940*x13*x5  - 6.359447*x13*x6  - 3.988022*x13*x7 + 4.668991*x13*x8  - 4.681188*x13*x9 + 4.228030*x13*x10  - 6.766332*x13*x11  - 0.023157*x13*x12 + 1.294396*x13*x13  - 2.174887*x13*x14 + 0.220838*x13*x15  - 5.081157*x13*x16  - 6.145552*x13*x17 + 4.062864*x13*x18  - 0.983487*x13*x19 + 3.823330*x13*x20  - 0.146528*x13*x21  - 1.506076*x13*x22  - 7.180798*x13*x23 + 2.269873*x13*x24 + 2.251815*x13*x25  - 0.738750*x13*x26 + 0.025399*x13*x27  - 3.926415*x13*x28  - 1.306105*x13*x29  - 1.313192*x13*x30 + 6.049521*x14*x1 + 2.094247*x14*x2 + 5.300674*x14*x3  - 5.819388*x14*x4 + 8.405243*x14*x5  - 1.304239*x14*x6 + 6.174749*x14*x7 + 1.004469*x14*x8 + 1.126743*x14*x9 + 1.912315*x14*x10 + 8.234977*x14*x11  - 5.002176*x14*x12  - 2.174887*x14*x13 + 0.591904*x14*x14  - 0.055981*x14*x15 + 6.989098*x14*x16  - 1.612282*x14*x17 + 0.217488*x14*x18  - 6.776115*x14*x19 + 3.857936*x14*x20  - 4.533036*x14*x21  - 1.067718*x14*x22  - 5.540828*x14*x23  - 4.774694*x14*x24 + 5.979758*x14*x25  - 3.352473*x14*x26 + 7.153852*x14*x27 + 3.921205*x14*x28  - 2.789929*x14*x29  - 0.088098*x14*x30 + 4.332713*x15*x1 + 1.126829*x15*x2 + 4.156109*x15*x3  - 6.188267*x15*x4 + 1.926976*x15*x5  - 5.320355*x15*x6  - 1.434989*x15*x7 + 5.075048*x15*x8 + 6.234595*x15*x9 + 2.109314*x15*x10 + 2.842083*x15*x11 + 4.824087*x15*x12 + 0.220838*x15*x13  - 0.055981*x15*x14 + 0.989500*x15*x15  - 6.318890*x15*x16  - 0.444010*x15*x17 + 2.345700*x15*x18  - 0.688870*x15*x19 + 1.565915*x15*x20 + 3.856812*x15*x21  - 4.262715*x15*x22 + 1.880711*x15*x23  - 4.681160*x15*x24  - 4.565235*x15*x25 + 2.783641*x15*x26  - 1.184898*x15*x27  - 5.609593*x15*x28  - 1.599889*x15*x29  - 0.995382*x15*x30  - 2.191383*x16*x1 + 3.027438*x16*x2 + 2.046849*x16*x3  - 2.268879*x16*x4  - 3.599829*x16*x5 + 7.844658*x16*x6 + 3.068416*x16*x7  - 2.298271*x16*x8 + 0.376688*x16*x9 + 5.311919*x16*x10 + 6.021753*x16*x11  - 0.297662*x16*x12  - 5.081157*x16*x13 + 6.989098*x16*x14  - 6.318890*x16*x15 + 1.593282*x16*x16  - 8.120283*x16*x17  - 1.047814*x16*x18 + 1.548688*x16*x19 + 2.165445*x16*x20 + 4.847370*x16*x21  - 2.164846*x16*x22 + 5.685544*x16*x23 + 2.047208*x16*x24  - 0.929791*x16*x25  - 4.559124*x16*x26  - 1.001013*x16*x27 + 1.577813*x16*x28 + 2.468011*x16*x29 + 7.160593*x16*x30  - 4.360277*x17*x1 + 0.082078*x17*x2 + 0.615961*x17*x3 + 4.666445*x17*x4 + 1.114659*x17*x5  - 1.853238*x17*x6  - 7.688286*x17*x7 + 2.359631*x17*x8 + 4.826085*x17*x9  - 6.213229*x17*x10  - 4.888750*x17*x11 + 4.673253*x17*x12  - 6.145552*x17*x13  - 1.612282*x17*x14  - 0.444010*x17*x15  - 8.120283*x17*x16 + 1.831818*x17*x17 + 0.220606*x17*x18 + 0.863486*x17*x19 + 3.568076*x17*x20 + 2.585610*x17*x21 + 3.876387*x17*x22  - 4.772270*x17*x23  - 3.494621*x17*x24  - 2.270135*x17*x25 + 1.146708*x17*x26  - 2.059066*x17*x27 + 1.991244*x17*x28 + 1.912565*x17*x29  - 8.555013*x17*x30  - 1.042740*x18*x1 + 1.690634*x18*x2  - 0.326359*x18*x3 + 1.368165*x18*x4  - 0.748758*x18*x5  - 1.268399*x18*x6  - 3.781772*x18*x7 + 4.417340*x18*x8 + 4.280875*x18*x9 + 3.176257*x18*x10  - 1.959003*x18*x11 + 3.238241*x18*x12 + 4.062864*x18*x13 + 0.217488*x18*x14 + 2.345700*x18*x15  - 1.047814*x18*x16 + 0.220606*x18*x17 + 0.070936*x18*x18 + 0.407779*x18*x19 + 1.931391*x18*x20 + 0.856074*x18*x21  - 4.580385*x18*x22 + 0.941938*x18*x23 + 0.415081*x18*x24 + 1.981322*x18*x25 + 1.636682*x18*x26 + 6.527488*x18*x27  - 6.008450*x18*x28  - 1.856887*x18*x29 + 0.354598*x18*x30 + 8.253918*x19*x1 + 2.085424*x19*x2 + 1.784247*x19*x3 + 1.338785*x19*x4 + 4.660987*x19*x5  - 2.225076*x19*x6 + 0.187235*x19*x7  - 1.038703*x19*x8  - 6.555686*x19*x9 + 4.833334*x19*x10  - 7.712462*x19*x11  - 7.713820*x19*x12  - 0.983487*x19*x13  - 6.776115*x19*x14  - 0.688870*x19*x15 + 1.548688*x19*x16 + 0.863486*x19*x17 + 0.407779*x19*x18 + 2.937710*x19*x19  - 1.894505*x19*x20  - 0.376488*x19*x21 + 1.163937*x19*x22 + 4.203653*x19*x23 + 2.955900*x19*x24 + 3.950612*x19*x25 + 0.493800*x19*x26 + 1.909278*x19*x27  - 6.954722*x19*x28 + 0.819228*x19*x29  - 8.694549*x19*x30  - 1.826818*x20*x1 + 2.787874*x20*x2  - 5.692184*x20*x3  - 3.348829*x20*x4  - 7.937606*x20*x5  - 4.434860*x20*x6 + 3.726234*x20*x7 + 3.431949*x20*x8 + 7.181035*x20*x9 + 2.766978*x20*x10 + 6.659887*x20*x11 + 6.244105*x20*x12 + 3.823330*x20*x13 + 3.857936*x20*x14 + 1.565915*x20*x15 + 2.165445*x20*x16 + 3.568076*x20*x17 + 1.931391*x20*x18  - 1.894505*x20*x19 + 1.262563*x20*x20  - 4.196412*x20*x21 + 2.075247*x20*x22 + 3.236391*x20*x23 + 5.679822*x20*x24  - 1.025342*x20*x25  - 1.599433*x20*x26  - 2.413550*x20*x27 + 3.612385*x20*x28 + 5.754442*x20*x29 + 5.572538*x20*x30 + 1.744707*x21*x1  - 3.171245*x21*x2  - 1.590436*x21*x3 + 5.754516*x21*x4  - 3.763253*x21*x5 + 4.734115*x21*x6 + 0.771500*x21*x7 + 8.288389*x21*x8 + 6.964523*x21*x9  - 3.210958*x21*x10 + 6.321343*x21*x11  - 5.105614*x21*x12  - 0.146528*x21*x13  - 4.533036*x21*x14 + 3.856812*x21*x15 + 4.847370*x21*x16 + 2.585610*x21*x17 + 0.856074*x21*x18  - 0.376488*x21*x19  - 4.196412*x21*x20 + 3.367902*x21*x21  - 2.723666*x21*x22  - 9.146694*x21*x23  - 3.002289*x21*x24 + 0.287228*x21*x25  - 1.056907*x21*x26 + 1.232913*x21*x27  - 0.908529*x21*x28  - 2.104529*x21*x29 + 1.441043*x21*x30 + 8.229095*x22*x1 + 5.370859*x22*x2 + 1.207742*x22*x3 + 4.146618*x22*x4  - 2.598814*x22*x5 + 2.811100*x22*x6 + 2.506226*x22*x7 + 6.873006*x22*x8 + 1.423739*x22*x9  - 0.067664*x22*x10  - 1.092533*x22*x11  - 3.830616*x22*x12  - 1.506076*x22*x13  - 1.067718*x22*x14  - 4.262715*x22*x15  - 2.164846*x22*x16 + 3.876387*x22*x17  - 4.580385*x22*x18 + 1.163937*x22*x19 + 2.075247*x22*x20  - 2.723666*x22*x21 + 0.775192*x22*x22 + 3.536842*x22*x23  - 1.711780*x22*x24  - 7.570363*x22*x25 + 5.667833*x22*x26  - 5.605193*x22*x27  - 0.609316*x22*x28 + 2.931373*x22*x29 + 3.592419*x22*x30 + 1.082726*x23*x1 + 9.534070*x23*x2 + 2.543597*x23*x3 + 5.884464*x23*x4 + 1.933834*x23*x5  - 1.955172*x23*x6  - 2.117977*x23*x7  - 3.262131*x23*x8 + 1.729475*x23*x9 + 7.594801*x23*x10  - 3.037818*x23*x11 + 1.197473*x23*x12  - 7.180798*x23*x13  - 5.540828*x23*x14 + 1.880711*x23*x15 + 5.685544*x23*x16  - 4.772270*x23*x17 + 0.941938*x23*x18 + 4.203653*x23*x19 + 3.236391*x23*x20  - 9.146694*x23*x21 + 3.536842*x23*x22 + 4.050793*x23*x23 + 1.852565*x23*x24  - 3.642043*x23*x25 + 2.174597*x23*x26 + 2.656489*x23*x27  - 1.393391*x23*x28 + 0.451732*x23*x29 + 1.389059*x23*x30  - 6.427841*x24*x1 + 3.265966*x24*x2 + 1.895998*x24*x3 + 1.382666*x24*x4  - 2.403498*x24*x5  - 1.941539*x24*x6 + 6.265954*x24*x7 + 1.632199*x24*x8  - 0.199104*x24*x9 + 3.136326*x24*x10  - 1.299837*x24*x11 + 0.217128*x24*x12 + 2.269873*x24*x13  - 4.774694*x24*x14  - 4.681160*x24*x15 + 2.047208*x24*x16  - 3.494621*x24*x17 + 0.415081*x24*x18 + 2.955900*x24*x19 + 5.679822*x24*x20  - 3.002289*x24*x21  - 1.711780*x24*x22 + 1.852565*x24*x23 + 3.158478*x24*x24 + 4.958047*x24*x25 + 1.066922*x24*x26 + 3.005357*x24*x27  - 5.961219*x24*x28 + 2.835667*x24*x29  - 5.394334*x24*x30 + 5.142926*x25*x1 + 7.912278*x25*x2 + 1.102481*x25*x3 + 3.811049*x25*x4 + 7.778524*x25*x5 + 7.438749*x25*x6  - 5.268212*x25*x7 + 0.429323*x25*x8  - 4.731292*x25*x9  - 1.171135*x25*x10  - 5.642409*x25*x11  - 0.451120*x25*x12 + 2.251815*x25*x13 + 5.979758*x25*x14  - 4.565235*x25*x15  - 0.929791*x25*x16  - 2.270135*x25*x17 + 1.981322*x25*x18 + 3.950612*x25*x19  - 1.025342*x25*x20 + 0.287228*x25*x21  - 7.570363*x25*x22  - 3.642043*x25*x23 + 4.958047*x25*x24 + 2.960907*x25*x25  - 8.203532*x25*x26 + 5.410579*x25*x27  - 3.690443*x25*x28  - 8.031104*x25*x29  - 5.095195*x25*x30 + 4.708701*x26*x1  - 6.780963*x26*x2 + 1.311655*x26*x3 + 4.992113*x26*x4  - 3.543936*x26*x5 + 4.341898*x26*x6 + 1.076272*x26*x7 + 0.926989*x26*x8 + 1.023219*x26*x9 + 1.805314*x26*x10 + 2.150122*x26*x11 + 3.781761*x26*x12  - 0.738750*x26*x13  - 3.352473*x26*x14 + 2.783641*x26*x15  - 4.559124*x26*x16 + 1.146708*x26*x17 + 1.636682*x26*x18 + 0.493800*x26*x19  - 1.599433*x26*x20  - 1.056907*x26*x21 + 5.667833*x26*x22 + 2.174597*x26*x23 + 1.066922*x26*x24  - 8.203532*x26*x25 + 0.379822*x26*x26  - 2.175748*x26*x27  - 4.323852*x26*x28  - 5.677274*x26*x29  - 0.309696*x26*x30  - 7.110414*x27*x1 + 2.853444*x27*x2  - 0.593544*x27*x3  - 0.652577*x27*x4 + 5.437350*x27*x5  - 2.424083*x27*x6  - 2.783940*x27*x7  - 0.142206*x27*x8 + 7.606817*x27*x9 + 6.798844*x27*x10  - 2.224383*x27*x11 + 1.578931*x27*x12 + 0.025399*x27*x13 + 7.153852*x27*x14  - 1.184898*x27*x15  - 1.001013*x27*x16  - 2.059066*x27*x17 + 6.527488*x27*x18 + 1.909278*x27*x19  - 2.413550*x27*x20 + 1.232913*x27*x21  - 5.605193*x27*x22 + 2.656489*x27*x23 + 3.005357*x27*x24 + 5.410579*x27*x25  - 2.175748*x27*x26 + 0.511510*x27*x27  - 1.954401*x27*x28  - 0.463875*x27*x29  - 0.379573*x27*x30  - 3.059008*x28*x1  - 1.585215*x28*x2  - 2.565538*x28*x3  - 0.054864*x28*x4  - 5.385074*x28*x5  - 7.446751*x28*x6  - 1.238638*x28*x7  - 0.113193*x28*x8 + 1.382405*x28*x9  - 0.773535*x28*x10 + 1.829633*x28*x11 + 1.472665*x28*x12  - 3.926415*x28*x13 + 3.921205*x28*x14  - 5.609593*x28*x15 + 1.577813*x28*x16 + 1.991244*x28*x17  - 6.008450*x28*x18  - 6.954722*x28*x19 + 3.612385*x28*x20  - 0.908529*x28*x21  - 0.609316*x28*x22  - 1.393391*x28*x23  - 5.961219*x28*x24  - 3.690443*x28*x25  - 4.323852*x28*x26  - 1.954401*x28*x27 + 1.209189*x28*x28 + 1.996231*x28*x29  - 6.601633*x28*x30 + 0.818409*x29*x1  - 1.928814*x29*x2 + 4.650548*x29*x3  - 2.423669*x29*x4 + 3.376463*x29*x5 + 1.702946*x29*x6 + 6.707355*x29*x7  - 3.417558*x29*x8  - 0.610090*x29*x9  - 3.736625*x29*x10  - 3.167191*x29*x11 + 2.557422*x29*x12  - 1.306105*x29*x13  - 2.789929*x29*x14  - 1.599889*x29*x15 + 2.468011*x29*x16 + 1.912565*x29*x17  - 1.856887*x29*x18 + 0.819228*x29*x19 + 5.754442*x29*x20  - 2.104529*x29*x21 + 2.931373*x29*x22 + 0.451732*x29*x23 + 2.835667*x29*x24  - 8.031104*x29*x25  - 5.677274*x29*x26  - 0.463875*x29*x27 + 1.996231*x29*x28 + 0.138707*x29*x29  - 1.339223*x29*x30  - 2.584323*x30*x1  - 5.576890*x30*x2 + 1.979986*x30*x3 + 0.920538*x30*x4  - 0.308191*x30*x5  - 1.868469*x30*x6 + 4.817591*x30*x7  - 5.857759*x30*x8 + 2.469453*x30*x9  - 7.852854*x30*x10  - 8.599940*x30*x11  - 5.608267*x30*x12  - 1.313192*x30*x13  - 0.088098*x30*x14  - 0.995382*x30*x15 + 7.160593*x30*x16  - 8.555013*x30*x17 + 0.354598*x30*x18  - 8.694549*x30*x19 + 5.572538*x30*x20 + 1.441043*x30*x21 + 3.592419*x30*x22 + 1.389059*x30*x23  - 5.394334*x30*x24  - 5.095195*x30*x25  - 0.309696*x30*x26  - 0.379573*x30*x27  - 6.601633*x30*x28  - 1.339223*x30*x29 + 0.293467*x30*x30 ;
