OPTIONS {
 MaxTime: 10000;
 EpsR: 0.000001;
 }
 
VARIABLES	x1,x2,x3,x4,x5,x6,x7,x8,x9,x10,x11,x12,x13,x14,x15,x16,x17,x18,x19,x20,x21,x22,x23,x24,x25,x26,x27,x28,x29,x30;
LOWER_BOUNDS {
x1: 0.000000;
x2: 0.000000;
x3: 0.000000;
x4: 0.000000;
x5: 0.000000;
x6: 0.000000;
x7: 0.000000;
x8: 0.000000;
x9: 0.000000;
x10: 0.000000;
x11: 0.000000;
x12: 0.000000;
x13: 0.000000;
x14: 0.000000;
x15: 0.000000;
x16: 0.000000;
x17: 0.000000;
x18: 0.000000;
x19: 0.000000;
x20: 0.000000;
x21: 0.000000;
x22: 0.000000;
x23: 0.000000;
x24: 0.000000;
x25: 0.000000;
x26: 0.000000;
x27: 0.000000;
x28: 0.000000;
x29: 0.000000;
x30: 0.000000;
}

UPPER_BOUNDS {
x1: 1.000000;
x2: 1.000000;
x3: 1.000000;
x4: 1.000000;
x5: 1.000000;
x6: 1.000000;
x7: 1.000000;
x8: 1.000000;
x9: 1.000000;
x10: 1.000000;
x11: 1.000000;
x12: 1.000000;
x13: 1.000000;
x14: 1.000000;
x15: 1.000000;
x16: 1.000000;
x17: 1.000000;
x18: 1.000000;
x19: 1.000000;
x20: 1.000000;
x21: 1.000000;
x22: 1.000000;
x23: 1.000000;
x24: 1.000000;
x25: 1.000000;
x26: 1.000000;
x27: 1.000000;
x28: 1.000000;
x29: 1.000000;
x30: 1.000000;
}

EQUATIONS e1;

e1:  1.000000*x1  + 1.000000*x2  + 1.000000*x3  + 1.000000*x4  + 1.000000*x5  + 1.000000*x6  + 1.000000*x7  + 1.000000*x8  + 1.000000*x9  + 1.000000*x10  + 1.000000*x11  + 1.000000*x12  + 1.000000*x13  + 1.000000*x14  + 1.000000*x15  + 1.000000*x16  + 1.000000*x17  + 1.000000*x18  + 1.000000*x19  + 1.000000*x20  + 1.000000*x21  + 1.000000*x22  + 1.000000*x23  + 1.000000*x24  + 1.000000*x25  + 1.000000*x26  + 1.000000*x27  + 1.000000*x28  + 1.000000*x29  + 1.000000*x30  == 1.000000;

OBJ: minimize	 - 1.695699*x1*x1  - 0.269360*x1*x2 + 2.802570*x1*x3 + 2.528298*x1*x4  - 0.518127*x1*x5  - 3.200822*x1*x6 + 3.032007*x1*x7 + 0.784880*x1*x8 + 0.727295*x1*x9  - 3.921939*x1*x10 + 2.909399*x1*x11 + 3.639141*x1*x12 + 6.449493*x1*x13  - 5.878825*x1*x14  - 0.942098*x1*x15  - 4.230130*x1*x16 + 7.477113*x1*x17 + 6.141050*x1*x18  - 2.707621*x1*x19  - 6.098157*x1*x20  - 4.136463*x1*x21  - 3.165534*x1*x22 + 5.193219*x1*x23 + 2.539640*x1*x24  - 6.123323*x1*x25  - 0.479960*x1*x26  - 1.879321*x1*x27  - 3.300595*x1*x28 + 4.153167*x1*x29 + 1.100554*x1*x30  - 0.269360*x2*x1  - 2.898431*x2*x2 + 2.184990*x2*x3 + 3.346342*x2*x4 + 4.291532*x2*x5 + 1.221766*x2*x6  - 2.072343*x2*x7 + 2.863111*x2*x8  - 2.810389*x2*x9  - 0.883202*x2*x10 + 1.752527*x2*x11  - 2.769845*x2*x12  - 3.935054*x2*x13 + 3.714122*x2*x14  - 2.583256*x2*x15 + 0.465944*x2*x16  - 1.174578*x2*x17  - 3.336110*x2*x18 + 8.282615*x2*x19  - 2.271912*x2*x20  - 3.462934*x2*x21  - 3.918588*x2*x22 + 5.140853*x2*x23  - 0.696331*x2*x24 + 0.510961*x2*x25 + 1.971587*x2*x26 + 0.686730*x2*x27  - 2.199567*x2*x28 + 1.261931*x2*x29  - 7.261209*x2*x30 + 2.802570*x3*x1 + 2.184990*x3*x2  - 3.670140*x3*x3 + 6.178791*x3*x4 + 2.213202*x3*x5  - 2.131667*x3*x6  - 2.130666*x3*x7  - 2.391657*x3*x8  - 0.553985*x3*x9 + 0.560948*x3*x10  - 5.825442*x3*x11 + 3.716457*x3*x12  - 1.068770*x3*x13 + 0.015356*x3*x14  - 1.300069*x3*x15  - 1.411821*x3*x16 + 3.563672*x3*x17 + 4.316323*x3*x18  - 2.441912*x3*x19  - 4.134461*x3*x20  - 1.746516*x3*x21 + 2.981509*x3*x22  - 1.614082*x3*x23  - 6.270032*x3*x24  - 5.823549*x3*x25  - 6.286388*x3*x26  - 2.114699*x3*x27 + 4.063014*x3*x28 + 1.710753*x3*x29  - 0.540131*x3*x30 + 2.528298*x4*x1 + 3.346342*x4*x2 + 6.178791*x4*x3  - 1.255438*x4*x4  - 0.606480*x4*x5 + 3.255789*x4*x6 + 4.396284*x4*x7 + 1.131111*x4*x8 + 6.859423*x4*x9  - 1.852792*x4*x10  - 6.962573*x4*x11 + 1.618022*x4*x12 + 2.275426*x4*x13  - 2.922219*x4*x14  - 5.080383*x4*x15  - 0.292977*x4*x16 + 3.107107*x4*x17 + 2.537200*x4*x18  - 4.338806*x4*x19 + 8.190001*x4*x20 + 4.689821*x4*x21 + 3.907462*x4*x22 + 8.633542*x4*x23  - 0.626177*x4*x24  - 3.057437*x4*x25 + 0.569997*x4*x26  - 3.336528*x4*x27 + 1.481851*x4*x28  - 5.455639*x4*x29 + 1.382337*x4*x30  - 0.518127*x5*x1 + 4.291532*x5*x2 + 2.213202*x5*x3  - 0.606480*x5*x4  - 0.154133*x5*x5  - 2.389126*x5*x6  - 4.621849*x5*x7  - 1.077532*x5*x8  - 6.737337*x5*x9  - 2.751960*x5*x10 + 9.087128*x5*x11 + 7.200198*x5*x12  - 3.870867*x5*x13  - 5.425656*x5*x14 + 1.325681*x5*x15  - 6.714625*x5*x16 + 1.678080*x5*x17  - 3.248018*x5*x18  - 2.891629*x5*x19  - 1.185238*x5*x20  - 2.604077*x5*x21  - 5.241920*x5*x22  - 8.009056*x5*x23  - 4.742768*x5*x24 + 0.615446*x5*x25  - 1.344732*x5*x26 + 6.257861*x5*x27  - 0.748852*x5*x28 + 6.221707*x5*x29 + 0.837042*x5*x30  - 3.200822*x6*x1 + 1.221766*x6*x2  - 2.131667*x6*x3 + 3.255789*x6*x4  - 2.389126*x6*x5  - 1.251436*x6*x6  - 3.584049*x6*x7  - 1.120699*x6*x8  - 2.976991*x6*x9 + 1.652818*x6*x10  - 1.075346*x6*x11 + 4.017392*x6*x12 + 4.147613*x6*x13 + 3.654217*x6*x14 + 1.446049*x6*x15  - 2.959538*x6*x16 + 1.359806*x6*x17  - 1.305200*x6*x18 + 1.017548*x6*x19  - 3.212195*x6*x20 + 0.171424*x6*x21  - 1.369102*x6*x22 + 6.461842*x6*x23  - 6.611793*x6*x24  - 0.980496*x6*x25 + 1.472328*x6*x26  - 5.877145*x6*x27 + 4.440694*x6*x28  - 2.986721*x6*x29  - 4.412142*x6*x30 + 3.032007*x7*x1  - 2.072343*x7*x2  - 2.130666*x7*x3 + 4.396284*x7*x4  - 4.621849*x7*x5  - 3.584049*x7*x6  - 0.058662*x7*x7  - 1.381690*x7*x8  - 6.733763*x7*x9  - 0.167790*x7*x10 + 1.294951*x7*x11  - 8.768775*x7*x12 + 2.836480*x7*x13 + 2.267114*x7*x14  - 4.728140*x7*x15 + 3.809156*x7*x16  - 1.032249*x7*x17 + 4.579537*x7*x18 + 0.676776*x7*x19  - 4.360368*x7*x20 + 1.469324*x7*x21  - 3.210619*x7*x22  - 1.112504*x7*x23 + 3.485609*x7*x24 + 3.079674*x7*x25 + 2.029013*x7*x26  - 4.793343*x7*x27  - 7.473913*x7*x28  - 0.252220*x7*x29 + 2.516234*x7*x30 + 0.784880*x8*x1 + 2.863111*x8*x2  - 2.391657*x8*x3 + 1.131111*x8*x4  - 1.077532*x8*x5  - 1.120699*x8*x6  - 1.381690*x8*x7  - 3.181451*x8*x8 + 0.752670*x8*x9 + 0.196260*x8*x10 + 0.203157*x8*x11  - 0.058242*x8*x12  - 0.876672*x8*x13 + 1.474300*x8*x14  - 8.286134*x8*x15  - 2.656812*x8*x16  - 6.325128*x8*x17 + 3.226907*x8*x18  - 3.345329*x8*x19 + 1.420761*x8*x20  - 1.205008*x8*x21 + 4.250862*x8*x22 + 0.310339*x8*x23 + 5.418596*x8*x24 + 6.621461*x8*x25 + 0.257031*x8*x26  - 1.076847*x8*x27 + 4.785183*x8*x28  - 1.593910*x8*x29  - 0.947664*x8*x30 + 0.727295*x9*x1  - 2.810389*x9*x2  - 0.553985*x9*x3 + 6.859423*x9*x4  - 6.737337*x9*x5  - 2.976991*x9*x6  - 6.733763*x9*x7 + 0.752670*x9*x8  - 0.097460*x9*x9 + 1.268674*x9*x10 + 2.129316*x9*x11  - 4.038846*x9*x12  - 5.911901*x9*x13 + 2.981858*x9*x14  - 1.447891*x9*x15 + 3.208273*x9*x16 + 1.695199*x9*x17  - 4.716215*x9*x18  - 4.464634*x9*x19 + 2.765595*x9*x20  - 5.293194*x9*x21 + 5.062449*x9*x22 + 0.805380*x9*x23  - 3.631150*x9*x24  - 8.156541*x9*x25  - 0.491380*x9*x26 + 0.382570*x9*x27  - 1.322735*x9*x28  - 0.572227*x9*x29 + 4.196186*x9*x30  - 3.921939*x10*x1  - 0.883202*x10*x2 + 0.560948*x10*x3  - 1.852792*x10*x4  - 2.751960*x10*x5 + 1.652818*x10*x6  - 0.167790*x10*x7 + 0.196260*x10*x8 + 1.268674*x10*x9  - 0.876486*x10*x10  - 5.137931*x10*x11 + 1.280925*x10*x12  - 3.507152*x10*x13  - 1.336660*x10*x14  - 4.839106*x10*x15 + 1.682614*x10*x16  - 6.291573*x10*x17  - 2.215914*x10*x18  - 2.557168*x10*x19 + 7.522763*x10*x20 + 0.625264*x10*x21 + 1.872377*x10*x22 + 4.343851*x10*x23  - 1.214369*x10*x24 + 3.684041*x10*x25 + 4.627699*x10*x26  - 1.491065*x10*x27 + 1.264578*x10*x28  - 1.475175*x10*x29  - 3.378842*x10*x30 + 2.909399*x11*x1 + 1.752527*x11*x2  - 5.825442*x11*x3  - 6.962573*x11*x4 + 9.087128*x11*x5  - 1.075346*x11*x6 + 1.294951*x11*x7 + 0.203157*x11*x8 + 2.129316*x11*x9  - 5.137931*x11*x10  - 0.325384*x11*x11 + 6.149361*x11*x12  - 2.034134*x11*x13 + 3.193273*x11*x14  - 7.973123*x11*x15 + 4.481784*x11*x16 + 0.367147*x11*x17 + 8.938310*x11*x18 + 0.682838*x11*x19 + 1.694496*x11*x20  - 2.905931*x11*x21 + 5.211952*x11*x22  - 0.188832*x11*x23  - 6.067962*x11*x24 + 5.705674*x11*x25 + 1.041464*x11*x26  - 0.880644*x11*x27 + 0.130184*x11*x28  - 1.648332*x11*x29  - 3.049088*x11*x30 + 3.639141*x12*x1  - 2.769845*x12*x2 + 3.716457*x12*x3 + 1.618022*x12*x4 + 7.200198*x12*x5 + 4.017392*x12*x6  - 8.768775*x12*x7  - 0.058242*x12*x8  - 4.038846*x12*x9 + 1.280925*x12*x10 + 6.149361*x12*x11  - 2.810277*x12*x12  - 2.803885*x12*x13 + 2.907117*x12*x14 + 8.252119*x12*x15  - 4.500093*x12*x16  - 3.845604*x12*x17  - 5.742139*x12*x18 + 1.224206*x12*x19 + 1.327603*x12*x20  - 3.156634*x12*x21  - 3.827153*x12*x22  - 3.234591*x12*x23 + 8.345888*x12*x24 + 0.339204*x12*x25  - 5.750322*x12*x26 + 1.185309*x12*x27  - 2.253229*x12*x28 + 8.287022*x12*x29 + 0.375606*x12*x30 + 6.449493*x13*x1  - 3.935054*x13*x2  - 1.068770*x13*x3 + 2.275426*x13*x4  - 3.870867*x13*x5 + 4.147613*x13*x6 + 2.836480*x13*x7  - 0.876672*x13*x8  - 5.911901*x13*x9  - 3.507152*x13*x10  - 2.034134*x13*x11  - 2.803885*x13*x12  - 0.704427*x13*x13 + 2.521777*x13*x14 + 0.498971*x13*x15 + 5.775325*x13*x16 + 0.653930*x13*x17 + 3.746397*x13*x18  - 6.592860*x13*x19 + 0.841344*x13*x20 + 0.112588*x13*x21  - 0.349882*x13*x22  - 0.857183*x13*x23  - 2.843873*x13*x24 + 2.019906*x13*x25  - 0.629117*x13*x26  - 0.536515*x13*x27 + 1.212713*x13*x28  - 2.956132*x13*x29 + 4.662359*x13*x30  - 5.878825*x14*x1 + 3.714122*x14*x2 + 0.015356*x14*x3  - 2.922219*x14*x4  - 5.425656*x14*x5 + 3.654217*x14*x6 + 2.267114*x14*x7 + 1.474300*x14*x8 + 2.981858*x14*x9  - 1.336660*x14*x10 + 3.193273*x14*x11 + 2.907117*x14*x12 + 2.521777*x14*x13  - 2.185526*x14*x14 + 5.763022*x14*x15 + 8.690453*x14*x16  - 5.270659*x14*x17 + 7.974039*x14*x18 + 1.854917*x14*x19  - 5.184879*x14*x20 + 4.061172*x14*x21 + 7.961619*x14*x22  - 8.183272*x14*x23  - 0.792178*x14*x24  - 4.438238*x14*x25  - 7.711178*x14*x26 + 3.212207*x14*x27  - 3.981052*x14*x28  - 4.134552*x14*x29 + 2.305973*x14*x30  - 0.942098*x15*x1  - 2.583256*x15*x2  - 1.300069*x15*x3  - 5.080383*x15*x4 + 1.325681*x15*x5 + 1.446049*x15*x6  - 4.728140*x15*x7  - 8.286134*x15*x8  - 1.447891*x15*x9  - 4.839106*x15*x10  - 7.973123*x15*x11 + 8.252119*x15*x12 + 0.498971*x15*x13 + 5.763022*x15*x14  - 1.764928*x15*x15 + 3.929270*x15*x16  - 4.885707*x15*x17  - 3.142933*x15*x18 + 7.354996*x15*x19  - 0.003120*x15*x20 + 2.562111*x15*x21 + 3.089122*x15*x22 + 1.534230*x15*x23  - 2.486843*x15*x24  - 6.947766*x15*x25 + 0.674949*x15*x26 + 5.456909*x15*x27 + 6.563624*x15*x28 + 2.465793*x15*x29  - 3.746085*x15*x30  - 4.230130*x16*x1 + 0.465944*x16*x2  - 1.411821*x16*x3  - 0.292977*x16*x4  - 6.714625*x16*x5  - 2.959538*x16*x6 + 3.809156*x16*x7  - 2.656812*x16*x8 + 3.208273*x16*x9 + 1.682614*x16*x10 + 4.481784*x16*x11  - 4.500093*x16*x12 + 5.775325*x16*x13 + 8.690453*x16*x14 + 3.929270*x16*x15  - 0.981322*x16*x16 + 2.089016*x16*x17 + 5.710099*x16*x18  - 0.521718*x16*x19  - 1.348415*x16*x20 + 5.623115*x16*x21  - 4.345456*x16*x22 + 4.315611*x16*x23 + 7.101082*x16*x24 + 1.827899*x16*x25  - 4.355422*x16*x26  - 0.516057*x16*x27 + 2.549553*x16*x28 + 6.980104*x16*x29  - 3.054648*x16*x30 + 7.477113*x17*x1  - 1.174578*x17*x2 + 3.563672*x17*x3 + 3.107107*x17*x4 + 1.678080*x17*x5 + 1.359806*x17*x6  - 1.032249*x17*x7  - 6.325128*x17*x8 + 1.695199*x17*x9  - 6.291573*x17*x10 + 0.367147*x17*x11  - 3.845604*x17*x12 + 0.653930*x17*x13  - 5.270659*x17*x14  - 4.885707*x17*x15 + 2.089016*x17*x16  - 1.469357*x17*x17  - 3.496728*x17*x18 + 4.546339*x17*x19  - 5.091915*x17*x20 + 9.244456*x17*x21 + 3.587693*x17*x22 + 3.471257*x17*x23 + 5.929682*x17*x24 + 0.305660*x17*x25  - 3.012320*x17*x26  - 1.812339*x17*x27 + 0.594277*x17*x28  - 1.448613*x17*x29  - 3.730400*x17*x30 + 6.141050*x18*x1  - 3.336110*x18*x2 + 4.316323*x18*x3 + 2.537200*x18*x4  - 3.248018*x18*x5  - 1.305200*x18*x6 + 4.579537*x18*x7 + 3.226907*x18*x8  - 4.716215*x18*x9  - 2.215914*x18*x10 + 8.938310*x18*x11  - 5.742139*x18*x12 + 3.746397*x18*x13 + 7.974039*x18*x14  - 3.142933*x18*x15 + 5.710099*x18*x16  - 3.496728*x18*x17  - 0.013216*x18*x18  - 3.335012*x18*x19  - 3.181159*x18*x20 + 0.558736*x18*x21 + 5.675262*x18*x22 + 5.332403*x18*x23 + 5.801138*x18*x24  - 3.205871*x18*x25 + 1.906368*x18*x26 + 2.746077*x18*x27  - 4.839584*x18*x28 + 5.086278*x18*x29  - 2.689500*x18*x30  - 2.707621*x19*x1 + 8.282615*x19*x2  - 2.441912*x19*x3  - 4.338806*x19*x4  - 2.891629*x19*x5 + 1.017548*x19*x6 + 0.676776*x19*x7  - 3.345329*x19*x8  - 4.464634*x19*x9  - 2.557168*x19*x10 + 0.682838*x19*x11 + 1.224206*x19*x12  - 6.592860*x19*x13 + 1.854917*x19*x14 + 7.354996*x19*x15  - 0.521718*x19*x16 + 4.546339*x19*x17  - 3.335012*x19*x18  - 2.160751*x19*x19 + 2.213619*x19*x20  - 0.158036*x19*x21  - 2.334068*x19*x22 + 3.021727*x19*x23  - 2.109793*x19*x24  - 0.342607*x19*x25 + 6.375086*x19*x26 + 0.605373*x19*x27  - 4.294008*x19*x28 + 2.210498*x19*x29  - 4.954878*x19*x30  - 6.098157*x20*x1  - 2.271912*x20*x2  - 4.134461*x20*x3 + 8.190001*x20*x4  - 1.185238*x20*x5  - 3.212195*x20*x6  - 4.360368*x20*x7 + 1.420761*x20*x8 + 2.765595*x20*x9 + 7.522763*x20*x10 + 1.694496*x20*x11 + 1.327603*x20*x12 + 0.841344*x20*x13  - 5.184879*x20*x14  - 0.003120*x20*x15  - 1.348415*x20*x16  - 5.091915*x20*x17  - 3.181159*x20*x18 + 2.213619*x20*x19  - 1.016522*x20*x20  - 3.349551*x20*x21  - 5.847487*x20*x22  - 5.662301*x20*x23  - 3.661280*x20*x24 + 5.389387*x20*x25  - 7.679276*x20*x26  - 2.044163*x20*x27  - 0.653990*x20*x28  - 0.086268*x20*x29 + 1.998021*x20*x30  - 4.136463*x21*x1  - 3.462934*x21*x2  - 1.746516*x21*x3 + 4.689821*x21*x4  - 2.604077*x21*x5 + 0.171424*x21*x6 + 1.469324*x21*x7  - 1.205008*x21*x8  - 5.293194*x21*x9 + 0.625264*x21*x10  - 2.905931*x21*x11  - 3.156634*x21*x12 + 0.112588*x21*x13 + 4.061172*x21*x14 + 2.562111*x21*x15 + 5.623115*x21*x16 + 9.244456*x21*x17 + 0.558736*x21*x18  - 0.158036*x21*x19  - 3.349551*x21*x20  - 3.000410*x21*x21  - 3.097749*x21*x22 + 2.185079*x21*x23 + 5.836022*x21*x24  - 2.786274*x21*x25  - 1.039295*x21*x26 + 1.801357*x21*x27  - 0.736494*x21*x28 + 5.354720*x21*x29 + 5.386764*x21*x30  - 3.165534*x22*x1  - 3.918588*x22*x2 + 2.981509*x22*x3 + 3.907462*x22*x4  - 5.241920*x22*x5  - 1.369102*x22*x6  - 3.210619*x22*x7 + 4.250862*x22*x8 + 5.062449*x22*x9 + 1.872377*x22*x10 + 5.211952*x22*x11  - 3.827153*x22*x12  - 0.349882*x22*x13 + 7.961619*x22*x14 + 3.089122*x22*x15  - 4.345456*x22*x16 + 3.587693*x22*x17 + 5.675262*x22*x18  - 2.334068*x22*x19  - 5.847487*x22*x20  - 3.097749*x22*x21  - 0.945657*x22*x22  - 1.001342*x22*x23  - 0.238905*x22*x24  - 1.906731*x22*x25  - 3.838518*x22*x26 + 1.837434*x22*x27  - 3.684381*x22*x28  - 0.055386*x22*x29 + 6.197453*x22*x30 + 5.193219*x23*x1 + 5.140853*x23*x2  - 1.614082*x23*x3 + 8.633542*x23*x4  - 8.009056*x23*x5 + 6.461842*x23*x6  - 1.112504*x23*x7 + 0.310339*x23*x8 + 0.805380*x23*x9 + 4.343851*x23*x10  - 0.188832*x23*x11  - 3.234591*x23*x12  - 0.857183*x23*x13  - 8.183272*x23*x14 + 1.534230*x23*x15 + 4.315611*x23*x16 + 3.471257*x23*x17 + 5.332403*x23*x18 + 3.021727*x23*x19  - 5.662301*x23*x20 + 2.185079*x23*x21  - 1.001342*x23*x22  - 0.806688*x23*x23  - 4.323422*x23*x24 + 5.277581*x23*x25  - 8.462348*x23*x26  - 3.294153*x23*x27  - 6.853852*x23*x28  - 6.682106*x23*x29 + 7.753640*x23*x30 + 2.539640*x24*x1  - 0.696331*x24*x2  - 6.270032*x24*x3  - 0.626177*x24*x4  - 4.742768*x24*x5  - 6.611793*x24*x6 + 3.485609*x24*x7 + 5.418596*x24*x8  - 3.631150*x24*x9  - 1.214369*x24*x10  - 6.067962*x24*x11 + 8.345888*x24*x12  - 2.843873*x24*x13  - 0.792178*x24*x14  - 2.486843*x24*x15 + 7.101082*x24*x16 + 5.929682*x24*x17 + 5.801138*x24*x18  - 2.109793*x24*x19  - 3.661280*x24*x20 + 5.836022*x24*x21  - 0.238905*x24*x22  - 4.323422*x24*x23  - 3.319598*x24*x24 + 3.962488*x24*x25  - 0.082365*x24*x26  - 4.430038*x24*x27 + 0.743955*x24*x28 + 1.361795*x24*x29 + 1.169402*x24*x30  - 6.123323*x25*x1 + 0.510961*x25*x2  - 5.823549*x25*x3  - 3.057437*x25*x4 + 0.615446*x25*x5  - 0.980496*x25*x6 + 3.079674*x25*x7 + 6.621461*x25*x8  - 8.156541*x25*x9 + 3.684041*x25*x10 + 5.705674*x25*x11 + 0.339204*x25*x12 + 2.019906*x25*x13  - 4.438238*x25*x14  - 6.947766*x25*x15 + 1.827899*x25*x16 + 0.305660*x25*x17  - 3.205871*x25*x18  - 0.342607*x25*x19 + 5.389387*x25*x20  - 2.786274*x25*x21  - 1.906731*x25*x22 + 5.277581*x25*x23 + 3.962488*x25*x24  - 2.522275*x25*x25 + 0.269726*x25*x26  - 0.708172*x25*x27 + 1.909065*x25*x28  - 6.521192*x25*x29  - 2.221593*x25*x30  - 0.479960*x26*x1 + 1.971587*x26*x2  - 6.286388*x26*x3 + 0.569997*x26*x4  - 1.344732*x26*x5 + 1.472328*x26*x6 + 2.029013*x26*x7 + 0.257031*x26*x8  - 0.491380*x26*x9 + 4.627699*x26*x10 + 1.041464*x26*x11  - 5.750322*x26*x12  - 0.629117*x26*x13  - 7.711178*x26*x14 + 0.674949*x26*x15  - 4.355422*x26*x16  - 3.012320*x26*x17 + 1.906368*x26*x18 + 6.375086*x26*x19  - 7.679276*x26*x20  - 1.039295*x26*x21  - 3.838518*x26*x22  - 8.462348*x26*x23  - 0.082365*x26*x24 + 0.269726*x26*x25  - 3.717581*x26*x26 + 0.595100*x26*x27  - 7.229675*x26*x28 + 5.526041*x26*x29 + 3.941774*x26*x30  - 1.879321*x27*x1 + 0.686730*x27*x2  - 2.114699*x27*x3  - 3.336528*x27*x4 + 6.257861*x27*x5  - 5.877145*x27*x6  - 4.793343*x27*x7  - 1.076847*x27*x8 + 0.382570*x27*x9  - 1.491065*x27*x10  - 0.880644*x27*x11 + 1.185309*x27*x12  - 0.536515*x27*x13 + 3.212207*x27*x14 + 5.456909*x27*x15  - 0.516057*x27*x16  - 1.812339*x27*x17 + 2.746077*x27*x18 + 0.605373*x27*x19  - 2.044163*x27*x20 + 1.801357*x27*x21 + 1.837434*x27*x22  - 3.294153*x27*x23  - 4.430038*x27*x24  - 0.708172*x27*x25 + 0.595100*x27*x26  - 1.747147*x27*x27  - 2.562914*x27*x28 + 3.878679*x27*x29 + 5.845000*x27*x30  - 3.300595*x28*x1  - 2.199567*x28*x2 + 4.063014*x28*x3 + 1.481851*x28*x4  - 0.748852*x28*x5 + 4.440694*x28*x6  - 7.473913*x28*x7 + 4.785183*x28*x8  - 1.322735*x28*x9 + 1.264578*x28*x10 + 0.130184*x28*x11  - 2.253229*x28*x12 + 1.212713*x28*x13  - 3.981052*x28*x14 + 6.563624*x28*x15 + 2.549553*x28*x16 + 0.594277*x28*x17  - 4.839584*x28*x18  - 4.294008*x28*x19  - 0.653990*x28*x20  - 0.736494*x28*x21  - 3.684381*x28*x22  - 6.853852*x28*x23 + 0.743955*x28*x24 + 1.909065*x28*x25  - 7.229675*x28*x26  - 2.562914*x28*x27  - 0.017550*x28*x28 + 6.284638*x28*x29 + 0.663334*x28*x30 + 4.153167*x29*x1 + 1.261931*x29*x2 + 1.710753*x29*x3  - 5.455639*x29*x4 + 6.221707*x29*x5  - 2.986721*x29*x6  - 0.252220*x29*x7  - 1.593910*x29*x8  - 0.572227*x29*x9  - 1.475175*x29*x10  - 1.648332*x29*x11 + 8.287022*x29*x12  - 2.956132*x29*x13  - 4.134552*x29*x14 + 2.465793*x29*x15 + 6.980104*x29*x16  - 1.448613*x29*x17 + 5.086278*x29*x18 + 2.210498*x29*x19  - 0.086268*x29*x20 + 5.354720*x29*x21  - 0.055386*x29*x22  - 6.682106*x29*x23 + 1.361795*x29*x24  - 6.521192*x29*x25 + 5.526041*x29*x26 + 3.878679*x29*x27 + 6.284638*x29*x28  - 1.903037*x29*x29 + 5.228029*x29*x30 + 1.100554*x30*x1  - 7.261209*x30*x2  - 0.540131*x30*x3 + 1.382337*x30*x4 + 0.837042*x30*x5  - 4.412142*x30*x6 + 2.516234*x30*x7  - 0.947664*x30*x8 + 4.196186*x30*x9  - 3.378842*x30*x10  - 3.049088*x30*x11 + 0.375606*x30*x12 + 4.662359*x30*x13 + 2.305973*x30*x14  - 3.746085*x30*x15  - 3.054648*x30*x16  - 3.730400*x30*x17  - 2.689500*x30*x18  - 4.954878*x30*x19 + 1.998021*x30*x20 + 5.386764*x30*x21 + 6.197453*x30*x22 + 7.753640*x30*x23 + 1.169402*x30*x24  - 2.221593*x30*x25 + 3.941774*x30*x26 + 5.845000*x30*x27 + 0.663334*x30*x28 + 5.228029*x30*x29  - 1.302253*x30*x30 ;
