OPTIONS {
 MaxTime: 10000;
 EpsR: 0.000001;
 }
 
VARIABLES	x1,x2,x3,x4,x5,x6,x7,x8,x9,x10,x11,x12,x13,x14,x15,x16,x17,x18,x19,x20,x21,x22,x23,x24,x25,x26,x27,x28,x29,x30;
LOWER_BOUNDS {
x1: 0.000000;
x2: 0.000000;
x3: 0.000000;
x4: 0.000000;
x5: 0.000000;
x6: 0.000000;
x7: 0.000000;
x8: 0.000000;
x9: 0.000000;
x10: 0.000000;
x11: 0.000000;
x12: 0.000000;
x13: 0.000000;
x14: 0.000000;
x15: 0.000000;
x16: 0.000000;
x17: 0.000000;
x18: 0.000000;
x19: 0.000000;
x20: 0.000000;
x21: 0.000000;
x22: 0.000000;
x23: 0.000000;
x24: 0.000000;
x25: 0.000000;
x26: 0.000000;
x27: 0.000000;
x28: 0.000000;
x29: 0.000000;
x30: 0.000000;
}

UPPER_BOUNDS {
x1: 1.000000;
x2: 1.000000;
x3: 1.000000;
x4: 1.000000;
x5: 1.000000;
x6: 1.000000;
x7: 1.000000;
x8: 1.000000;
x9: 1.000000;
x10: 1.000000;
x11: 1.000000;
x12: 1.000000;
x13: 1.000000;
x14: 1.000000;
x15: 1.000000;
x16: 1.000000;
x17: 1.000000;
x18: 1.000000;
x19: 1.000000;
x20: 1.000000;
x21: 1.000000;
x22: 1.000000;
x23: 1.000000;
x24: 1.000000;
x25: 1.000000;
x26: 1.000000;
x27: 1.000000;
x28: 1.000000;
x29: 1.000000;
x30: 1.000000;
}

EQUATIONS e1;

e1:  1.000000*x1  + 1.000000*x2  + 1.000000*x3  + 1.000000*x4  + 1.000000*x5  + 1.000000*x6  + 1.000000*x7  + 1.000000*x8  + 1.000000*x9  + 1.000000*x10  + 1.000000*x11  + 1.000000*x12  + 1.000000*x13  + 1.000000*x14  + 1.000000*x15  + 1.000000*x16  + 1.000000*x17  + 1.000000*x18  + 1.000000*x19  + 1.000000*x20  + 1.000000*x21  + 1.000000*x22  + 1.000000*x23  + 1.000000*x24  + 1.000000*x25  + 1.000000*x26  + 1.000000*x27  + 1.000000*x28  + 1.000000*x29  + 1.000000*x30  == 1.000000;

OBJ: minimize	 1.484883*x1*x1  - 4.683094*x1*x2  - 5.474402*x1*x3  - 5.428648*x1*x4  - 3.787413*x1*x5  - 8.271291*x1*x6  - 9.042175*x1*x7  - 5.230866*x1*x8  - 7.260829*x1*x9  - 3.844453*x1*x10  - 5.361261*x1*x11  - 5.148714*x1*x12  - 2.889430*x1*x13  - 3.777480*x1*x14  - 6.370913*x1*x15  - 6.863317*x1*x16  - 5.982519*x1*x17  - 4.180510*x1*x18  - 5.872909*x1*x19  - 7.122837*x1*x20  - 2.599093*x1*x21  - 5.655215*x1*x22  - 3.483909*x1*x23  - 6.004643*x1*x24  - 0.693742*x1*x25  - 5.198006*x1*x26  - 5.603000*x1*x27  - 8.740550*x1*x28  - 6.028332*x1*x29  - 4.544954*x1*x30  - 4.683094*x2*x1 + 3.013678*x2*x2  - 4.354020*x2*x3  - 6.855714*x2*x4  - 4.524985*x2*x5  - 2.603403*x2*x6  - 1.293232*x2*x7  - 8.579526*x2*x8  - 7.063240*x2*x9  - 6.116413*x2*x10  - 4.005778*x2*x11  - 7.193414*x2*x12  - 4.558098*x2*x13  - 7.179589*x2*x14  - 3.359995*x2*x15  - 4.380484*x2*x16  - 5.059554*x2*x17  - 8.827782*x2*x18  - 7.237528*x2*x19  - 4.813684*x2*x20  - 5.833237*x2*x21  - 5.276885*x2*x22  - 4.662620*x2*x23  - 3.480689*x2*x24  - 3.609690*x2*x25  - 2.761109*x2*x26  - 3.690422*x2*x27  - 1.895996*x2*x28  - 5.299700*x2*x29  - 5.057073*x2*x30  - 5.474402*x3*x1  - 4.354020*x3*x2 + 1.492956*x3*x3  - 2.640041*x3*x4  - 2.191032*x3*x5  - 2.826023*x3*x6  - 9.251980*x3*x7  - 1.467864*x3*x8  - 5.291165*x3*x9  - 8.424843*x3*x10  - 9.333630*x3*x11  - 4.028711*x3*x12  - 5.247909*x3*x13  - 4.211902*x3*x14  - 2.800463*x3*x15  - 7.172962*x3*x16  - 4.028361*x3*x17  - 7.488837*x3*x18  - 3.558493*x3*x19  - 3.144489*x3*x20  - 4.107367*x3*x21  - 3.989950*x3*x22  - 1.607044*x3*x23  - 3.547576*x3*x24  - 2.784835*x3*x25  - 6.424712*x3*x26  - 5.637214*x3*x27  - 4.525003*x3*x28  - 6.421278*x3*x29  - 4.595958*x3*x30  - 5.428648*x4*x1  - 6.855714*x4*x2  - 2.640041*x4*x3 + 3.748725*x4*x4  - 4.879646*x4*x5  - 0.965219*x4*x6  - 2.235802*x4*x7  - 7.834521*x4*x8  - 1.591810*x4*x9  - 5.151975*x4*x10  - 8.019113*x4*x11  - 8.458065*x4*x12  - 4.655589*x4*x13  - 2.948603*x4*x14  - 2.467271*x4*x15  - 3.581217*x4*x16  - 5.465289*x4*x17  - 2.583369*x4*x18  - 5.031949*x4*x19  - 4.216795*x4*x20  - 5.282014*x4*x21  - 2.788972*x4*x22  - 1.331545*x4*x23  - 3.952875*x4*x24  - 5.429746*x4*x25  - 1.858332*x4*x26  - 7.075571*x4*x27  - 9.388756*x4*x28  - 2.665653*x4*x29  - 4.809503*x4*x30  - 3.787413*x5*x1  - 4.524985*x5*x2  - 2.191032*x5*x3  - 4.879646*x5*x4 + 3.616660*x5*x5  - 6.317531*x5*x6  - 7.780717*x5*x7  - 1.156748*x5*x8  - 3.478913*x5*x9  - 5.803987*x5*x10  - 4.765808*x5*x11  - 8.082600*x5*x12  - 8.038479*x5*x13  - 3.482270*x5*x14  - 6.592971*x5*x15  - 6.668974*x5*x16  - 4.234477*x5*x17  - 4.206360*x5*x18  - 5.279216*x5*x19  - 7.882306*x5*x20  - 8.462551*x5*x21  - 7.024566*x5*x22  - 3.430735*x5*x23  - 3.503868*x5*x24  - 6.302975*x5*x25  - 3.971065*x5*x26  - 2.142480*x5*x27  - 7.603683*x5*x28  - 6.799964*x5*x29  - 1.987138*x5*x30  - 8.271291*x6*x1  - 2.603403*x6*x2  - 2.826023*x6*x3  - 0.965219*x6*x4  - 6.317531*x6*x5 + 1.647730*x6*x6  - 1.716391*x6*x7  - 4.850076*x6*x8  - 7.372126*x6*x9  - 0.642634*x6*x10  - 7.843444*x6*x11  - 2.227341*x6*x12  - 6.700065*x6*x13  - 4.382369*x6*x14  - 6.597278*x6*x15  - 5.757324*x6*x16  - 4.983260*x6*x17  - 4.601501*x6*x18  - 6.466666*x6*x19  - 8.462010*x6*x20  - 3.400319*x6*x21  - 4.376087*x6*x22  - 4.724764*x6*x23  - 3.117150*x6*x24  - 4.971292*x6*x25  - 3.559362*x6*x26  - 4.428255*x6*x27  - 2.314069*x6*x28  - 8.669411*x6*x29  - 9.451992*x6*x30  - 9.042175*x7*x1  - 1.293232*x7*x2  - 9.251980*x7*x3  - 2.235802*x7*x4  - 7.780717*x7*x5  - 1.716391*x7*x6 + 2.293265*x7*x7  - 7.452776*x7*x8  - 5.897676*x7*x9  - 6.676207*x7*x10  - 3.686193*x7*x11  - 8.952357*x7*x12  - 3.694324*x7*x13  - 4.937343*x7*x14  - 8.453105*x7*x15  - 1.010551*x7*x16  - 2.580761*x7*x17  - 2.341570*x7*x18  - 1.735781*x7*x19  - 4.587237*x7*x20  - 5.216872*x7*x21  - 3.484898*x7*x22  - 1.719082*x7*x23  - 3.396297*x7*x24  - 9.409934*x7*x25  - 6.236947*x7*x26  - 6.398277*x7*x27  - 4.733317*x7*x28  - 5.108620*x7*x29  - 7.390262*x7*x30  - 5.230866*x8*x1  - 8.579526*x8*x2  - 1.467864*x8*x3  - 7.834521*x8*x4  - 1.156748*x8*x5  - 4.850076*x8*x6  - 7.452776*x8*x7 + 1.864703*x8*x8  - 3.483705*x8*x9  - 7.686645*x8*x10  - 6.593920*x8*x11  - 2.715079*x8*x12  - 4.302606*x8*x13  - 7.444764*x8*x14  - 4.582387*x8*x15  - 1.958119*x8*x16  - 6.628036*x8*x17  - 7.534648*x8*x18  - 4.452361*x8*x19  - 2.824648*x8*x20  - 5.380389*x8*x21  - 5.382242*x8*x22  - 7.180956*x8*x23  - 1.790141*x8*x24  - 3.543615*x8*x25  - 5.142740*x8*x26  - 2.731462*x8*x27  - 4.734177*x8*x28  - 1.213056*x8*x29  - 2.130429*x8*x30  - 7.260829*x9*x1  - 7.063240*x9*x2  - 5.291165*x9*x3  - 1.591810*x9*x4  - 3.478913*x9*x5  - 7.372126*x9*x6  - 5.897676*x9*x7  - 3.483705*x9*x8 + 2.040752*x9*x9  - 4.775311*x9*x10  - 3.919370*x9*x11  - 5.250956*x9*x12  - 6.956166*x9*x13  - 3.286391*x9*x14  - 3.303834*x9*x15  - 9.413844*x9*x16  - 6.654094*x9*x17  - 5.291153*x9*x18  - 6.692035*x9*x19  - 6.099445*x9*x20  - 3.375178*x9*x21  - 7.291005*x9*x22  - 5.949711*x9*x23  - 7.385355*x9*x24  - 7.240008*x9*x25  - 5.375235*x9*x26  - 5.061513*x9*x27  - 5.907216*x9*x28  - 3.982391*x9*x29  - 5.373395*x9*x30  - 3.844453*x10*x1  - 6.116413*x10*x2  - 8.424843*x10*x3  - 5.151975*x10*x4  - 5.803987*x10*x5  - 0.642634*x10*x6  - 6.676207*x10*x7  - 7.686645*x10*x8  - 4.775311*x10*x9 + 2.667534*x10*x10  - 6.641971*x10*x11  - 2.930308*x10*x12  - 6.892368*x10*x13  - 2.675092*x10*x14  - 3.837406*x10*x15  - 7.486096*x10*x16  - 4.796760*x10*x17  - 7.430755*x10*x18  - 7.483157*x10*x19  - 2.247466*x10*x20  - 5.787564*x10*x21  - 3.004558*x10*x22  - 3.726155*x10*x23  - 5.754233*x10*x24  - 6.613488*x10*x25  - 2.523180*x10*x26  - 5.053347*x10*x27  - 4.981565*x10*x28  - 6.087912*x10*x29  - 5.527261*x10*x30  - 5.361261*x11*x1  - 4.005778*x11*x2  - 9.333630*x11*x3  - 8.019113*x11*x4  - 4.765808*x11*x5  - 7.843444*x11*x6  - 3.686193*x11*x7  - 6.593920*x11*x8  - 3.919370*x11*x9  - 6.641971*x11*x10 + 2.321160*x11*x11  - 3.066718*x11*x12  - 5.475038*x11*x13  - 7.575825*x11*x14  - 3.939217*x11*x15  - 5.615441*x11*x16  - 4.361728*x11*x17  - 1.299031*x11*x18  - 4.310895*x11*x19  - 2.480167*x11*x20  - 3.489082*x11*x21  - 5.860028*x11*x22  - 3.105445*x11*x23  - 4.488382*x11*x24  - 1.443555*x11*x25  - 5.210806*x11*x26  - 7.641750*x11*x27  - 9.306808*x11*x28  - 7.986380*x11*x29  - 3.371040*x11*x30  - 5.148714*x12*x1  - 7.193414*x12*x2  - 4.028711*x12*x3  - 8.458065*x12*x4  - 8.082600*x12*x5  - 2.227341*x12*x6  - 8.952357*x12*x7  - 2.715079*x12*x8  - 5.250956*x12*x9  - 2.930308*x12*x10  - 3.066718*x12*x11 + 1.663512*x12*x12  - 7.066922*x12*x13  - 2.982601*x12*x14  - 4.981845*x12*x15  - 6.202639*x12*x16  - 4.943097*x12*x17  - 5.135609*x12*x18  - 8.097223*x12*x19  - 5.223837*x12*x20  - 5.740442*x12*x21  - 6.410551*x12*x22  - 4.303400*x12*x23  - 3.042531*x12*x24  - 5.521533*x12*x25  - 5.888463*x12*x26  - 6.350495*x12*x27  - 4.617586*x12*x28  - 5.449971*x12*x29  - 6.735396*x12*x30  - 2.889430*x13*x1  - 4.558098*x13*x2  - 5.247909*x13*x3  - 4.655589*x13*x4  - 8.038479*x13*x5  - 6.700065*x13*x6  - 3.694324*x13*x7  - 4.302606*x13*x8  - 6.956166*x13*x9  - 6.892368*x13*x10  - 5.475038*x13*x11  - 7.066922*x13*x12 + 3.492932*x13*x13  - 7.901284*x13*x14  - 2.653414*x13*x15  - 5.844431*x13*x16  - 4.447035*x13*x17  - 4.243353*x13*x18  - 5.034405*x13*x19  - 3.576773*x13*x20  - 5.050420*x13*x21  - 3.164870*x13*x22  - 5.573058*x13*x23  - 5.972040*x13*x24  - 6.899104*x13*x25  - 6.774402*x13*x26  - 4.298124*x13*x27  - 5.438444*x13*x28  - 3.974860*x13*x29  - 7.328636*x13*x30  - 3.777480*x14*x1  - 7.179589*x14*x2  - 4.211902*x14*x3  - 2.948603*x14*x4  - 3.482270*x14*x5  - 4.382369*x14*x6  - 4.937343*x14*x7  - 7.444764*x14*x8  - 3.286391*x14*x9  - 2.675092*x14*x10  - 7.575825*x14*x11  - 2.982601*x14*x12  - 7.901284*x14*x13 + 3.510133*x14*x14  - 7.765386*x14*x15  - 3.836232*x14*x16  - 2.938859*x14*x17  - 6.193317*x14*x18  - 4.538885*x14*x19  - 3.209534*x14*x20  - 6.688860*x14*x21  - 8.287411*x14*x22  - 4.876000*x14*x23  - 3.845001*x14*x24  - 6.221152*x14*x25  - 7.991840*x14*x26  - 4.582282*x14*x27  - 6.672543*x14*x28  - 5.962252*x14*x29  - 6.461119*x14*x30  - 6.370913*x15*x1  - 3.359995*x15*x2  - 2.800463*x15*x3  - 2.467271*x15*x4  - 6.592971*x15*x5  - 6.597278*x15*x6  - 8.453105*x15*x7  - 4.582387*x15*x8  - 3.303834*x15*x9  - 3.837406*x15*x10  - 3.939217*x15*x11  - 4.981845*x15*x12  - 2.653414*x15*x13  - 7.765386*x15*x14 + 1.888743*x15*x15  - 4.722315*x15*x16  - 7.415176*x15*x17  - 5.867223*x15*x18  - 7.341404*x15*x19  - 4.669381*x15*x20  - 2.530052*x15*x21  - 0.112389*x15*x22  - 7.255791*x15*x23  - 4.532274*x15*x24  - 6.445391*x15*x25  - 6.451254*x15*x26  - 1.901727*x15*x27  - 5.308041*x15*x28  - 7.714857*x15*x29  - 2.983166*x15*x30  - 6.863317*x16*x1  - 4.380484*x16*x2  - 7.172962*x16*x3  - 3.581217*x16*x4  - 6.668974*x16*x5  - 5.757324*x16*x6  - 1.010551*x16*x7  - 1.958119*x16*x8  - 9.413844*x16*x9  - 7.486096*x16*x10  - 5.615441*x16*x11  - 6.202639*x16*x12  - 5.844431*x16*x13  - 3.836232*x16*x14  - 4.722315*x16*x15 + 3.992553*x16*x16  - 5.199885*x16*x17  - 5.447970*x16*x18  - 6.313996*x16*x19  - 1.219989*x16*x20  - 5.112587*x16*x21  - 7.323187*x16*x22  - 5.607364*x16*x23  - 5.566019*x16*x24  - 6.134128*x16*x25  - 3.946072*x16*x26  - 4.334460*x16*x27  - 4.176266*x16*x28  - 5.760117*x16*x29  - 4.038711*x16*x30  - 5.982519*x17*x1  - 5.059554*x17*x2  - 4.028361*x17*x3  - 5.465289*x17*x4  - 4.234477*x17*x5  - 4.983260*x17*x6  - 2.580761*x17*x7  - 6.628036*x17*x8  - 6.654094*x17*x9  - 4.796760*x17*x10  - 4.361728*x17*x11  - 4.943097*x17*x12  - 4.447035*x17*x13  - 2.938859*x17*x14  - 7.415176*x17*x15  - 5.199885*x17*x16 + 3.096152*x17*x17  - 4.348549*x17*x18  - 3.780159*x17*x19  - 3.880424*x17*x20  - 4.388772*x17*x21  - 2.873432*x17*x22  - 5.342329*x17*x23  - 6.948051*x17*x24  - 8.602787*x17*x25  - 5.620092*x17*x26  - 2.948001*x17*x27  - 6.877507*x17*x28  - 5.221954*x17*x29  - 3.821402*x17*x30  - 4.180510*x18*x1  - 8.827782*x18*x2  - 7.488837*x18*x3  - 2.583369*x18*x4  - 4.206360*x18*x5  - 4.601501*x18*x6  - 2.341570*x18*x7  - 7.534648*x18*x8  - 5.291153*x18*x9  - 7.430755*x18*x10  - 1.299031*x18*x11  - 5.135609*x18*x12  - 4.243353*x18*x13  - 6.193317*x18*x14  - 5.867223*x18*x15  - 5.447970*x18*x16  - 4.348549*x18*x17 + 2.083792*x18*x18  - 5.165571*x18*x19  - 4.902873*x18*x20  - 1.488323*x18*x21  - 3.685267*x18*x22  - 0.393041*x18*x23  - 0.918120*x18*x24  - 8.422675*x18*x25  - 8.519602*x18*x26  - 6.998714*x18*x27  - 5.671915*x18*x28  - 7.305139*x18*x29  - 4.256113*x18*x30  - 5.872909*x19*x1  - 7.237528*x19*x2  - 3.558493*x19*x3  - 5.031949*x19*x4  - 5.279216*x19*x5  - 6.466666*x19*x6  - 1.735781*x19*x7  - 4.452361*x19*x8  - 6.692035*x19*x9  - 7.483157*x19*x10  - 4.310895*x19*x11  - 8.097223*x19*x12  - 5.034405*x19*x13  - 4.538885*x19*x14  - 7.341404*x19*x15  - 6.313996*x19*x16  - 3.780159*x19*x17  - 5.165571*x19*x18 + 3.149498*x19*x19  - 3.266769*x19*x20  - 2.129862*x19*x21  - 4.978584*x19*x22  - 2.533698*x19*x23  - 6.818227*x19*x24  - 7.392364*x19*x25  - 4.255283*x19*x26  - 3.282895*x19*x27  - 3.309113*x19*x28  - 5.599053*x19*x29  - 5.782357*x19*x30  - 7.122837*x20*x1  - 4.813684*x20*x2  - 3.144489*x20*x3  - 4.216795*x20*x4  - 7.882306*x20*x5  - 8.462010*x20*x6  - 4.587237*x20*x7  - 2.824648*x20*x8  - 6.099445*x20*x9  - 2.247466*x20*x10  - 2.480167*x20*x11  - 5.223837*x20*x12  - 3.576773*x20*x13  - 3.209534*x20*x14  - 4.669381*x20*x15  - 1.219989*x20*x16  - 3.880424*x20*x17  - 4.902873*x20*x18  - 3.266769*x20*x19 + 4.085451*x20*x20  - 5.977587*x20*x21  - 6.233822*x20*x22  - 2.594874*x20*x23  - 3.007431*x20*x24  - 1.455022*x20*x25  - 0.868378*x20*x26  - 3.916328*x20*x27  - 1.496170*x20*x28  - 3.931901*x20*x29  - 5.760115*x20*x30  - 2.599093*x21*x1  - 5.833237*x21*x2  - 4.107367*x21*x3  - 5.282014*x21*x4  - 8.462551*x21*x5  - 3.400319*x21*x6  - 5.216872*x21*x7  - 5.380389*x21*x8  - 3.375178*x21*x9  - 5.787564*x21*x10  - 3.489082*x21*x11  - 5.740442*x21*x12  - 5.050420*x21*x13  - 6.688860*x21*x14  - 2.530052*x21*x15  - 5.112587*x21*x16  - 4.388772*x21*x17  - 1.488323*x21*x18  - 2.129862*x21*x19  - 5.977587*x21*x20 + 3.062430*x21*x21  - 3.548870*x21*x22  - 5.028422*x21*x23  - 4.298805*x21*x24  - 4.839091*x21*x25  - 5.463932*x21*x26  - 4.716020*x21*x27  - 8.306196*x21*x28  - 2.977419*x21*x29  - 8.630641*x21*x30  - 5.655215*x22*x1  - 5.276885*x22*x2  - 3.989950*x22*x3  - 2.788972*x22*x4  - 7.024566*x22*x5  - 4.376087*x22*x6  - 3.484898*x22*x7  - 5.382242*x22*x8  - 7.291005*x22*x9  - 3.004558*x22*x10  - 5.860028*x22*x11  - 6.410551*x22*x12  - 3.164870*x22*x13  - 8.287411*x22*x14  - 0.112389*x22*x15  - 7.323187*x22*x16  - 2.873432*x22*x17  - 3.685267*x22*x18  - 4.978584*x22*x19  - 6.233822*x22*x20  - 3.548870*x22*x21 + 1.130572*x22*x22  - 2.593939*x22*x23  - 6.245170*x22*x24  - 5.290284*x22*x25  - 2.959181*x22*x26  - 0.340139*x22*x27  - 3.713041*x22*x28  - 7.230860*x22*x29  - 7.559853*x22*x30  - 3.483909*x23*x1  - 4.662620*x23*x2  - 1.607044*x23*x3  - 1.331545*x23*x4  - 3.430735*x23*x5  - 4.724764*x23*x6  - 1.719082*x23*x7  - 7.180956*x23*x8  - 5.949711*x23*x9  - 3.726155*x23*x10  - 3.105445*x23*x11  - 4.303400*x23*x12  - 5.573058*x23*x13  - 4.876000*x23*x14  - 7.255791*x23*x15  - 5.607364*x23*x16  - 5.342329*x23*x17  - 0.393041*x23*x18  - 2.533698*x23*x19  - 2.594874*x23*x20  - 5.028422*x23*x21  - 2.593939*x23*x22 + 3.711990*x23*x23  - 6.412824*x23*x24  - 1.681828*x23*x25  - 2.577301*x23*x26  - 8.201296*x23*x27  - 5.719636*x23*x28  - 4.182438*x23*x29  - 6.649951*x23*x30  - 6.004643*x24*x1  - 3.480689*x24*x2  - 3.547576*x24*x3  - 3.952875*x24*x4  - 3.503868*x24*x5  - 3.117150*x24*x6  - 3.396297*x24*x7  - 1.790141*x24*x8  - 7.385355*x24*x9  - 5.754233*x24*x10  - 4.488382*x24*x11  - 3.042531*x24*x12  - 5.972040*x24*x13  - 3.845001*x24*x14  - 4.532274*x24*x15  - 5.566019*x24*x16  - 6.948051*x24*x17  - 0.918120*x24*x18  - 6.818227*x24*x19  - 3.007431*x24*x20  - 4.298805*x24*x21  - 6.245170*x24*x22  - 6.412824*x24*x23 + 3.921683*x24*x24  - 5.430548*x24*x25  - 7.582475*x24*x26  - 2.686745*x24*x27  - 8.823508*x24*x28  - 5.163223*x24*x29  - 4.614528*x24*x30  - 0.693742*x25*x1  - 3.609690*x25*x2  - 2.784835*x25*x3  - 5.429746*x25*x4  - 6.302975*x25*x5  - 4.971292*x25*x6  - 9.409934*x25*x7  - 3.543615*x25*x8  - 7.240008*x25*x9  - 6.613488*x25*x10  - 1.443555*x25*x11  - 5.521533*x25*x12  - 6.899104*x25*x13  - 6.221152*x25*x14  - 6.445391*x25*x15  - 6.134128*x25*x16  - 8.602787*x25*x17  - 8.422675*x25*x18  - 7.392364*x25*x19  - 1.455022*x25*x20  - 4.839091*x25*x21  - 5.290284*x25*x22  - 1.681828*x25*x23  - 5.430548*x25*x24 + 0.710629*x25*x25  - 7.586892*x25*x26  - 3.090612*x25*x27  - 3.633030*x25*x28  - 3.697260*x25*x29  - 6.032016*x25*x30  - 5.198006*x26*x1  - 2.761109*x26*x2  - 6.424712*x26*x3  - 1.858332*x26*x4  - 3.971065*x26*x5  - 3.559362*x26*x6  - 6.236947*x26*x7  - 5.142740*x26*x8  - 5.375235*x26*x9  - 2.523180*x26*x10  - 5.210806*x26*x11  - 5.888463*x26*x12  - 6.774402*x26*x13  - 7.991840*x26*x14  - 6.451254*x26*x15  - 3.946072*x26*x16  - 5.620092*x26*x17  - 8.519602*x26*x18  - 4.255283*x26*x19  - 0.868378*x26*x20  - 5.463932*x26*x21  - 2.959181*x26*x22  - 2.577301*x26*x23  - 7.582475*x26*x24  - 7.586892*x26*x25 + 2.079033*x26*x26  - 3.328265*x26*x27  - 3.909130*x26*x28  - 8.385116*x26*x29  - 6.507714*x26*x30  - 5.603000*x27*x1  - 3.690422*x27*x2  - 5.637214*x27*x3  - 7.075571*x27*x4  - 2.142480*x27*x5  - 4.428255*x27*x6  - 6.398277*x27*x7  - 2.731462*x27*x8  - 5.061513*x27*x9  - 5.053347*x27*x10  - 7.641750*x27*x11  - 6.350495*x27*x12  - 4.298124*x27*x13  - 4.582282*x27*x14  - 1.901727*x27*x15  - 4.334460*x27*x16  - 2.948001*x27*x17  - 6.998714*x27*x18  - 3.282895*x27*x19  - 3.916328*x27*x20  - 4.716020*x27*x21  - 0.340139*x27*x22  - 8.201296*x27*x23  - 2.686745*x27*x24  - 3.090612*x27*x25  - 3.328265*x27*x26 + 1.817908*x27*x27  - 6.113573*x27*x28  - 6.315200*x27*x29  - 2.863436*x27*x30  - 8.740550*x28*x1  - 1.895996*x28*x2  - 4.525003*x28*x3  - 9.388756*x28*x4  - 7.603683*x28*x5  - 2.314069*x28*x6  - 4.733317*x28*x7  - 4.734177*x28*x8  - 5.907216*x28*x9  - 4.981565*x28*x10  - 9.306808*x28*x11  - 4.617586*x28*x12  - 5.438444*x28*x13  - 6.672543*x28*x14  - 5.308041*x28*x15  - 4.176266*x28*x16  - 6.877507*x28*x17  - 5.671915*x28*x18  - 3.309113*x28*x19  - 1.496170*x28*x20  - 8.306196*x28*x21  - 3.713041*x28*x22  - 5.719636*x28*x23  - 8.823508*x28*x24  - 3.633030*x28*x25  - 3.909130*x28*x26  - 6.113573*x28*x27 + 0.676027*x28*x28  - 4.269192*x28*x29  - 6.116246*x28*x30  - 6.028332*x29*x1  - 5.299700*x29*x2  - 6.421278*x29*x3  - 2.665653*x29*x4  - 6.799964*x29*x5  - 8.669411*x29*x6  - 5.108620*x29*x7  - 1.213056*x29*x8  - 3.982391*x29*x9  - 6.087912*x29*x10  - 7.986380*x29*x11  - 5.449971*x29*x12  - 3.974860*x29*x13  - 5.962252*x29*x14  - 7.714857*x29*x15  - 5.760117*x29*x16  - 5.221954*x29*x17  - 7.305139*x29*x18  - 5.599053*x29*x19  - 3.931901*x29*x20  - 2.977419*x29*x21  - 7.230860*x29*x22  - 4.182438*x29*x23  - 5.163223*x29*x24  - 3.697260*x29*x25  - 8.385116*x29*x26  - 6.315200*x29*x27  - 4.269192*x29*x28 + 3.582631*x29*x29  - 3.930603*x29*x30  - 4.544954*x30*x1  - 5.057073*x30*x2  - 4.595958*x30*x3  - 4.809503*x30*x4  - 1.987138*x30*x5  - 9.451992*x30*x6  - 7.390262*x30*x7  - 2.130429*x30*x8  - 5.373395*x30*x9  - 5.527261*x30*x10  - 3.371040*x30*x11  - 6.735396*x30*x12  - 7.328636*x30*x13  - 6.461119*x30*x14  - 2.983166*x30*x15  - 4.038711*x30*x16  - 3.821402*x30*x17  - 4.256113*x30*x18  - 5.782357*x30*x19  - 5.760115*x30*x20  - 8.630641*x30*x21  - 7.559853*x30*x22  - 6.649951*x30*x23  - 4.614528*x30*x24  - 6.032016*x30*x25  - 6.507714*x30*x26  - 2.863436*x30*x27  - 6.116246*x30*x28  - 3.930603*x30*x29 + 3.929413*x30*x30 ;
