OPTIONS {
 MaxTime: 10000;
 EpsR: 0.000001;
 }
 
VARIABLES	x1,x2,x3,x4,x5,x6,x7,x8,x9,x10,x11,x12,x13,x14,x15,x16,x17,x18,x19,x20,x21,x22,x23,x24,x25,x26,x27,x28,x29,x30;
LOWER_BOUNDS {
x1: 0.000000;
x2: 0.000000;
x3: 0.000000;
x4: 0.000000;
x5: 0.000000;
x6: 0.000000;
x7: 0.000000;
x8: 0.000000;
x9: 0.000000;
x10: 0.000000;
x11: 0.000000;
x12: 0.000000;
x13: 0.000000;
x14: 0.000000;
x15: 0.000000;
x16: 0.000000;
x17: 0.000000;
x18: 0.000000;
x19: 0.000000;
x20: 0.000000;
x21: 0.000000;
x22: 0.000000;
x23: 0.000000;
x24: 0.000000;
x25: 0.000000;
x26: 0.000000;
x27: 0.000000;
x28: 0.000000;
x29: 0.000000;
x30: 0.000000;
}

UPPER_BOUNDS {
x1: 1.000000;
x2: 1.000000;
x3: 1.000000;
x4: 1.000000;
x5: 1.000000;
x6: 1.000000;
x7: 1.000000;
x8: 1.000000;
x9: 1.000000;
x10: 1.000000;
x11: 1.000000;
x12: 1.000000;
x13: 1.000000;
x14: 1.000000;
x15: 1.000000;
x16: 1.000000;
x17: 1.000000;
x18: 1.000000;
x19: 1.000000;
x20: 1.000000;
x21: 1.000000;
x22: 1.000000;
x23: 1.000000;
x24: 1.000000;
x25: 1.000000;
x26: 1.000000;
x27: 1.000000;
x28: 1.000000;
x29: 1.000000;
x30: 1.000000;
}

EQUATIONS e1;

e1:  1.000000*x1  + 1.000000*x2  + 1.000000*x3  + 1.000000*x4  + 1.000000*x5  + 1.000000*x6  + 1.000000*x7  + 1.000000*x8  + 1.000000*x9  + 1.000000*x10  + 1.000000*x11  + 1.000000*x12  + 1.000000*x13  + 1.000000*x14  + 1.000000*x15  + 1.000000*x16  + 1.000000*x17  + 1.000000*x18  + 1.000000*x19  + 1.000000*x20  + 1.000000*x21  + 1.000000*x22  + 1.000000*x23  + 1.000000*x24  + 1.000000*x25  + 1.000000*x26  + 1.000000*x27  + 1.000000*x28  + 1.000000*x29  + 1.000000*x30  == 1.000000;

OBJ: minimize	 - 0.694373*x1*x1  - 1.491569*x1*x2 + 4.723198*x1*x3  - 2.409548*x1*x4 + 0.934912*x1*x5 + 4.713838*x1*x6 + 1.930375*x1*x7 + 2.849096*x1*x8  - 6.675207*x1*x9  - 5.687864*x1*x10 + 2.894019*x1*x11  - 3.383219*x1*x12  - 5.187586*x1*x13  - 4.272530*x1*x14 + 1.052338*x1*x15 + 8.414450*x1*x16  - 3.518583*x1*x17  - 8.048795*x1*x18  - 3.594556*x1*x19  - 0.433729*x1*x20 + 3.857009*x1*x21 + 0.621598*x1*x22  - 5.769177*x1*x23  - 5.956564*x1*x24 + 8.690620*x1*x25  - 1.409983*x1*x26 + 2.831908*x1*x27  - 4.828220*x1*x28 + 2.085581*x1*x29  - 6.835902*x1*x30  - 1.491569*x2*x1  - 0.531505*x2*x2  - 5.858616*x2*x3  - 4.074964*x2*x4  - 8.167915*x2*x5  - 2.545518*x2*x6  - 1.082035*x2*x7  - 2.127454*x2*x8  - 5.599664*x2*x9 + 2.764605*x2*x10  - 7.426872*x2*x11 + 1.564855*x2*x12  - 7.500580*x2*x13  - 6.673300*x2*x14 + 5.258980*x2*x15 + 1.034677*x2*x16  - 4.835497*x2*x17 + 2.011197*x2*x18 + 5.117896*x2*x19  - 5.716383*x2*x20  - 7.701484*x2*x21 + 2.064523*x2*x22  - 3.927288*x2*x23 + 2.448258*x2*x24 + 1.843807*x2*x25  - 2.709941*x2*x26 + 5.501021*x2*x27 + 1.633156*x2*x28 + 7.890311*x2*x29  - 6.503224*x2*x30 + 4.723198*x3*x1  - 5.858616*x3*x2  - 1.810894*x3*x3  - 5.633847*x3*x4  - 0.036377*x3*x5 + 2.899645*x3*x6 + 1.014476*x3*x7  - 4.835077*x3*x8  - 5.239385*x3*x9  - 4.077011*x3*x10 + 0.809166*x3*x11  - 7.326191*x3*x12 + 0.796133*x3*x13  - 6.631890*x3*x14 + 5.423320*x3*x15 + 4.219451*x3*x16 + 8.949895*x3*x17 + 1.513648*x3*x18 + 2.403244*x3*x19  - 8.573428*x3*x20  - 8.176639*x3*x21 + 6.640004*x3*x22 + 6.539640*x3*x23 + 2.760452*x3*x24  - 3.179713*x3*x25  - 9.316396*x3*x26  - 1.928081*x3*x27 + 1.504579*x3*x28  - 6.217352*x3*x29  - 0.037186*x3*x30  - 2.409548*x4*x1  - 4.074964*x4*x2  - 5.633847*x4*x3  - 2.647744*x4*x4  - 5.135915*x4*x5  - 3.104134*x4*x6  - 0.947238*x4*x7  - 7.382125*x4*x8 + 3.466940*x4*x9  - 2.810903*x4*x10  - 4.885975*x4*x11  - 0.894565*x4*x12 + 4.461478*x4*x13 + 1.720819*x4*x14 + 5.684735*x4*x15 + 0.151567*x4*x16  - 2.628087*x4*x17  - 4.008787*x4*x18 + 2.171989*x4*x19  - 1.240449*x4*x20  - 0.941901*x4*x21 + 3.703183*x4*x22 + 0.838221*x4*x23  - 7.252351*x4*x24  - 6.242434*x4*x25 + 4.025742*x4*x26 + 7.386990*x4*x27  - 0.126447*x4*x28 + 2.752722*x4*x29 + 7.252021*x4*x30 + 0.934912*x5*x1  - 8.167915*x5*x2  - 0.036377*x5*x3  - 5.135915*x5*x4  - 1.524125*x5*x5  - 7.114172*x5*x6 + 3.026485*x5*x7  - 6.113440*x5*x8  - 5.741520*x5*x9 + 1.235069*x5*x10 + 2.033036*x5*x11 + 2.474268*x5*x12  - 0.594029*x5*x13 + 4.952977*x5*x14  - 4.752433*x5*x15  - 9.109023*x5*x16 + 2.283723*x5*x17 + 1.128199*x5*x18  - 2.219768*x5*x19  - 1.844306*x5*x20  - 3.142312*x5*x21 + 6.589665*x5*x22 + 3.378107*x5*x23  - 8.101650*x5*x24  - 3.558629*x5*x25  - 4.937031*x5*x26  - 0.753304*x5*x27  - 3.238637*x5*x28 + 0.244513*x5*x29  - 2.377031*x5*x30 + 4.713838*x6*x1  - 2.545518*x6*x2 + 2.899645*x6*x3  - 3.104134*x6*x4  - 7.114172*x6*x5  - 2.141045*x6*x6 + 5.960507*x6*x7  - 5.758053*x6*x8  - 1.268256*x6*x9 + 1.527394*x6*x10  - 0.933820*x6*x11  - 4.872973*x6*x12 + 0.226666*x6*x13 + 2.490428*x6*x14  - 3.693555*x6*x15  - 3.030386*x6*x16  - 7.933301*x6*x17 + 5.248368*x6*x18 + 8.186088*x6*x19  - 2.734770*x6*x20  - 6.342270*x6*x21  - 7.266025*x6*x22  - 5.865510*x6*x23  - 1.257337*x6*x24 + 2.034089*x6*x25 + 8.534677*x6*x26  - 0.569005*x6*x27  - 9.439164*x6*x28  - 2.508271*x6*x29 + 1.652695*x6*x30 + 1.930375*x7*x1  - 1.082035*x7*x2 + 1.014476*x7*x3  - 0.947238*x7*x4 + 3.026485*x7*x5 + 5.960507*x7*x6  - 3.481228*x7*x7 + 3.153368*x7*x8 + 2.472327*x7*x9  - 7.384344*x7*x10  - 2.811977*x7*x11 + 4.632430*x7*x12  - 2.185580*x7*x13  - 0.680736*x7*x14 + 7.645876*x7*x15  - 0.956620*x7*x16  - 3.410980*x7*x17 + 2.627120*x7*x18 + 5.160644*x7*x19  - 1.836253*x7*x20 + 6.731443*x7*x21  - 7.259682*x7*x22  - 7.166906*x7*x23  - 5.701991*x7*x24  - 0.477781*x7*x25 + 3.062405*x7*x26  - 3.251723*x7*x27  - 3.423248*x7*x28  - 2.808100*x7*x29  - 9.258185*x7*x30 + 2.849096*x8*x1  - 2.127454*x8*x2  - 4.835077*x8*x3  - 7.382125*x8*x4  - 6.113440*x8*x5  - 5.758053*x8*x6 + 3.153368*x8*x7  - 2.595239*x8*x8  - 7.168685*x8*x9 + 3.878089*x8*x10 + 2.416348*x8*x11 + 5.352128*x8*x12  - 2.572377*x8*x13  - 3.864883*x8*x14 + 5.177373*x8*x15 + 4.180708*x8*x16 + 0.413701*x8*x17  - 2.099224*x8*x18  - 1.306666*x8*x19  - 3.044913*x8*x20 + 7.355197*x8*x21 + 1.909123*x8*x22 + 0.963930*x8*x23 + 1.895773*x8*x24 + 4.700891*x8*x25  - 6.826970*x8*x26  - 1.463062*x8*x27  - 0.754422*x8*x28 + 3.674507*x8*x29  - 4.736880*x8*x30  - 6.675207*x9*x1  - 5.599664*x9*x2  - 5.239385*x9*x3 + 3.466940*x9*x4  - 5.741520*x9*x5  - 1.268256*x9*x6 + 2.472327*x9*x7  - 7.168685*x9*x8  - 0.919756*x9*x9  - 3.045317*x9*x10  - 0.069392*x9*x11  - 0.129143*x9*x12  - 6.021879*x9*x13  - 3.543241*x9*x14  - 4.562397*x9*x15  - 3.569873*x9*x16 + 6.413651*x9*x17 + 1.608856*x9*x18  - 5.973943*x9*x19 + 8.853647*x9*x20 + 1.727109*x9*x21  - 2.988139*x9*x22  - 6.313007*x9*x23  - 3.985186*x9*x24  - 2.898262*x9*x25 + 3.121444*x9*x26  - 5.890370*x9*x27 + 3.926910*x9*x28  - 7.433218*x9*x29 + 2.910295*x9*x30  - 5.687864*x10*x1 + 2.764605*x10*x2  - 4.077011*x10*x3  - 2.810903*x10*x4 + 1.235069*x10*x5 + 1.527394*x10*x6  - 7.384344*x10*x7 + 3.878089*x10*x8  - 3.045317*x10*x9  - 0.539946*x10*x10 + 1.983996*x10*x11  - 7.299500*x10*x12  - 3.650777*x10*x13  - 2.674808*x10*x14 + 1.172317*x10*x15 + 4.297379*x10*x16  - 7.853494*x10*x17  - 8.373747*x10*x18 + 4.033970*x10*x19  - 0.490100*x10*x20 + 7.155366*x10*x21  - 9.333165*x10*x22 + 0.516710*x10*x23 + 1.471440*x10*x24  - 5.310776*x10*x25  - 1.570184*x10*x26  - 1.438570*x10*x27  - 6.848106*x10*x28  - 4.359811*x10*x29  - 5.096922*x10*x30 + 2.894019*x11*x1  - 7.426872*x11*x2 + 0.809166*x11*x3  - 4.885975*x11*x4 + 2.033036*x11*x5  - 0.933820*x11*x6  - 2.811977*x11*x7 + 2.416348*x11*x8  - 0.069392*x11*x9 + 1.983996*x11*x10  - 1.018333*x11*x11  - 0.074158*x11*x12 + 4.763610*x11*x13  - 2.133555*x11*x14  - 1.296957*x11*x15  - 7.926782*x11*x16  - 5.524950*x11*x17 + 8.385271*x11*x18 + 5.896423*x11*x19 + 5.551269*x11*x20  - 3.520808*x11*x21 + 5.604135*x11*x22 + 3.100731*x11*x23 + 5.436765*x11*x24  - 3.499306*x11*x25  - 3.960881*x11*x26 + 4.693859*x11*x27  - 4.712847*x11*x28 + 0.976742*x11*x29  - 7.062923*x11*x30  - 3.383219*x12*x1 + 1.564855*x12*x2  - 7.326191*x12*x3  - 0.894565*x12*x4 + 2.474268*x12*x5  - 4.872973*x12*x6 + 4.632430*x12*x7 + 5.352128*x12*x8  - 0.129143*x12*x9  - 7.299500*x12*x10  - 0.074158*x12*x11  - 3.613604*x12*x12 + 2.948075*x12*x13 + 5.539550*x12*x14  - 6.756455*x12*x15 + 0.659331*x12*x16 + 6.160026*x12*x17 + 4.758465*x12*x18  - 8.135617*x12*x19  - 5.433802*x12*x20  - 0.871194*x12*x21 + 4.867830*x12*x22 + 5.236208*x12*x23 + 1.233396*x12*x24  - 1.581235*x12*x25 + 3.551397*x12*x26  - 7.347668*x12*x27  - 3.163675*x12*x28  - 2.745194*x12*x29 + 3.307198*x12*x30  - 5.187586*x13*x1  - 7.500580*x13*x2 + 0.796133*x13*x3 + 4.461478*x13*x4  - 0.594029*x13*x5 + 0.226666*x13*x6  - 2.185580*x13*x7  - 2.572377*x13*x8  - 6.021879*x13*x9  - 3.650777*x13*x10 + 4.763610*x13*x11 + 2.948075*x13*x12  - 2.115833*x13*x13  - 2.250277*x13*x14  - 1.620567*x13*x15  - 5.334334*x13*x16 + 7.343857*x13*x17 + 1.248235*x13*x18 + 2.950454*x13*x19 + 1.079572*x13*x20 + 0.125921*x13*x21  - 3.209196*x13*x22  - 1.345249*x13*x23  - 1.822953*x13*x24  - 3.224964*x13*x25 + 2.324371*x13*x26  - 0.665650*x13*x27 + 8.518226*x13*x28  - 7.262760*x13*x29  - 5.035211*x13*x30  - 4.272530*x14*x1  - 6.673300*x14*x2  - 6.631890*x14*x3 + 1.720819*x14*x4 + 4.952977*x14*x5 + 2.490428*x14*x6  - 0.680736*x14*x7  - 3.864883*x14*x8  - 3.543241*x14*x9  - 2.674808*x14*x10  - 2.133555*x14*x11 + 5.539550*x14*x12  - 2.250277*x14*x13  - 1.767853*x14*x14 + 0.164028*x14*x15  - 4.565319*x14*x16 + 4.721864*x14*x17  - 3.520250*x14*x18  - 0.313844*x14*x19  - 3.422526*x14*x20  - 3.993498*x14*x21 + 8.610463*x14*x22 + 3.624753*x14*x23  - 6.453705*x14*x24  - 4.364909*x14*x25  - 5.384001*x14*x26  - 3.892098*x14*x27 + 1.002769*x14*x28  - 7.945514*x14*x29  - 4.104654*x14*x30 + 1.052338*x15*x1 + 5.258980*x15*x2 + 5.423320*x15*x3 + 5.684735*x15*x4  - 4.752433*x15*x5  - 3.693555*x15*x6 + 7.645876*x15*x7 + 5.177373*x15*x8  - 4.562397*x15*x9 + 1.172317*x15*x10  - 1.296957*x15*x11  - 6.756455*x15*x12  - 1.620567*x15*x13 + 0.164028*x15*x14  - 2.102238*x15*x15  - 5.805242*x15*x16  - 2.632951*x15*x17  - 2.827597*x15*x18  - 5.625681*x15*x19  - 3.925141*x15*x20  - 4.704270*x15*x21  - 1.506229*x15*x22  - 1.237124*x15*x23 + 0.219817*x15*x24  - 1.985176*x15*x25  - 6.972577*x15*x26  - 0.425151*x15*x27 + 4.709463*x15*x28 + 0.819834*x15*x29  - 0.353369*x15*x30 + 8.414450*x16*x1 + 1.034677*x16*x2 + 4.219451*x16*x3 + 0.151567*x16*x4  - 9.109023*x16*x5  - 3.030386*x16*x6  - 0.956620*x16*x7 + 4.180708*x16*x8  - 3.569873*x16*x9 + 4.297379*x16*x10  - 7.926782*x16*x11 + 0.659331*x16*x12  - 5.334334*x16*x13  - 4.565319*x16*x14  - 5.805242*x16*x15  - 2.389386*x16*x16  - 3.122465*x16*x17  - 3.690946*x16*x18  - 0.359171*x16*x19  - 4.825846*x16*x20  - 2.041274*x16*x21  - 4.490837*x16*x22  - 6.075074*x16*x23  - 7.085448*x16*x24  - 3.314381*x16*x25 + 1.021117*x16*x26  - 1.199341*x16*x27 + 0.120861*x16*x28  - 0.804190*x16*x29  - 1.766139*x16*x30  - 3.518583*x17*x1  - 4.835497*x17*x2 + 8.949895*x17*x3  - 2.628087*x17*x4 + 2.283723*x17*x5  - 7.933301*x17*x6  - 3.410980*x17*x7 + 0.413701*x17*x8 + 6.413651*x17*x9  - 7.853494*x17*x10  - 5.524950*x17*x11 + 6.160026*x17*x12 + 7.343857*x17*x13 + 4.721864*x17*x14  - 2.632951*x17*x15  - 3.122465*x17*x16  - 1.576569*x17*x17  - 7.402345*x17*x18  - 4.670849*x17*x19  - 8.691469*x17*x20  - 5.866893*x17*x21  - 8.848721*x17*x22  - 1.123921*x17*x23  - 5.463843*x17*x24 + 0.001547*x17*x25  - 2.017265*x17*x26  - 0.418623*x17*x27  - 3.832263*x17*x28  - 4.305067*x17*x29  - 1.137447*x17*x30  - 8.048795*x18*x1 + 2.011197*x18*x2 + 1.513648*x18*x3  - 4.008787*x18*x4 + 1.128199*x18*x5 + 5.248368*x18*x6 + 2.627120*x18*x7  - 2.099224*x18*x8 + 1.608856*x18*x9  - 8.373747*x18*x10 + 8.385271*x18*x11 + 4.758465*x18*x12 + 1.248235*x18*x13  - 3.520250*x18*x14  - 2.827597*x18*x15  - 3.690946*x18*x16  - 7.402345*x18*x17  - 1.054205*x18*x18 + 2.332943*x18*x19  - 9.115748*x18*x20 + 7.734698*x18*x21 + 2.624951*x18*x22  - 2.253776*x18*x23 + 4.452020*x18*x24 + 2.428931*x18*x25  - 3.811448*x18*x26  - 0.714885*x18*x27  - 4.424860*x18*x28 + 3.648405*x18*x29 + 6.752491*x18*x30  - 3.594556*x19*x1 + 5.117896*x19*x2 + 2.403244*x19*x3 + 2.171989*x19*x4  - 2.219768*x19*x5 + 8.186088*x19*x6 + 5.160644*x19*x7  - 1.306666*x19*x8  - 5.973943*x19*x9 + 4.033970*x19*x10 + 5.896423*x19*x11  - 8.135617*x19*x12 + 2.950454*x19*x13  - 0.313844*x19*x14  - 5.625681*x19*x15  - 0.359171*x19*x16  - 4.670849*x19*x17 + 2.332943*x19*x18  - 3.844306*x19*x19 + 8.368002*x19*x20 + 2.917731*x19*x21  - 4.207636*x19*x22  - 5.140256*x19*x23  - 6.703560*x19*x24 + 6.362881*x19*x25  - 5.956993*x19*x26  - 0.653075*x19*x27 + 3.418722*x19*x28  - 2.996566*x19*x29  - 1.365925*x19*x30  - 0.433729*x20*x1  - 5.716383*x20*x2  - 8.573428*x20*x3  - 1.240449*x20*x4  - 1.844306*x20*x5  - 2.734770*x20*x6  - 1.836253*x20*x7  - 3.044913*x20*x8 + 8.853647*x20*x9  - 0.490100*x20*x10 + 5.551269*x20*x11  - 5.433802*x20*x12 + 1.079572*x20*x13  - 3.422526*x20*x14  - 3.925141*x20*x15  - 4.825846*x20*x16  - 8.691469*x20*x17  - 9.115748*x20*x18 + 8.368002*x20*x19  - 4.036897*x20*x20 + 3.308416*x20*x21  - 7.050670*x20*x22 + 1.541299*x20*x23  - 2.659145*x20*x24 + 0.461505*x20*x25  - 4.964796*x20*x26 + 4.928067*x20*x27  - 2.510911*x20*x28  - 0.033755*x20*x29 + 7.253577*x20*x30 + 3.857009*x21*x1  - 7.701484*x21*x2  - 8.176639*x21*x3  - 0.941901*x21*x4  - 3.142312*x21*x5  - 6.342270*x21*x6 + 6.731443*x21*x7 + 7.355197*x21*x8 + 1.727109*x21*x9 + 7.155366*x21*x10  - 3.520808*x21*x11  - 0.871194*x21*x12 + 0.125921*x21*x13  - 3.993498*x21*x14  - 4.704270*x21*x15  - 2.041274*x21*x16  - 5.866893*x21*x17 + 7.734698*x21*x18 + 2.917731*x21*x19 + 3.308416*x21*x20  - 2.188072*x21*x21  - 0.252324*x21*x22  - 4.457112*x21*x23  - 2.674654*x21*x24 + 2.879006*x21*x25  - 1.065325*x21*x26  - 1.966006*x21*x27  - 5.874149*x21*x28 + 5.545047*x21*x29  - 5.143493*x21*x30 + 0.621598*x22*x1 + 2.064523*x22*x2 + 6.640004*x22*x3 + 3.703183*x22*x4 + 6.589665*x22*x5  - 7.266025*x22*x6  - 7.259682*x22*x7 + 1.909123*x22*x8  - 2.988139*x22*x9  - 9.333165*x22*x10 + 5.604135*x22*x11 + 4.867830*x22*x12  - 3.209196*x22*x13 + 8.610463*x22*x14  - 1.506229*x22*x15  - 4.490837*x22*x16  - 8.848721*x22*x17 + 2.624951*x22*x18  - 4.207636*x22*x19  - 7.050670*x22*x20  - 0.252324*x22*x21  - 2.487790*x22*x22  - 2.793367*x22*x23 + 3.526492*x22*x24  - 1.219719*x22*x25  - 1.039780*x22*x26 + 1.661949*x22*x27 + 4.966378*x22*x28 + 1.869185*x22*x29 + 3.279917*x22*x30  - 5.769177*x23*x1  - 3.927288*x23*x2 + 6.539640*x23*x3 + 0.838221*x23*x4 + 3.378107*x23*x5  - 5.865510*x23*x6  - 7.166906*x23*x7 + 0.963930*x23*x8  - 6.313007*x23*x9 + 0.516710*x23*x10 + 3.100731*x23*x11 + 5.236208*x23*x12  - 1.345249*x23*x13 + 3.624753*x23*x14  - 1.237124*x23*x15  - 6.075074*x23*x16  - 1.123921*x23*x17  - 2.253776*x23*x18  - 5.140256*x23*x19 + 1.541299*x23*x20  - 4.457112*x23*x21  - 2.793367*x23*x22  - 0.640422*x23*x23  - 5.914179*x23*x24  - 5.064447*x23*x25 + 1.374162*x23*x26  - 2.923538*x23*x27  - 4.981731*x23*x28 + 1.621808*x23*x29  - 7.271339*x23*x30  - 5.956564*x24*x1 + 2.448258*x24*x2 + 2.760452*x24*x3  - 7.252351*x24*x4  - 8.101650*x24*x5  - 1.257337*x24*x6  - 5.701991*x24*x7 + 1.895773*x24*x8  - 3.985186*x24*x9 + 1.471440*x24*x10 + 5.436765*x24*x11 + 1.233396*x24*x12  - 1.822953*x24*x13  - 6.453705*x24*x14 + 0.219817*x24*x15  - 7.085448*x24*x16  - 5.463843*x24*x17 + 4.452020*x24*x18  - 6.703560*x24*x19  - 2.659145*x24*x20  - 2.674654*x24*x21 + 3.526492*x24*x22  - 5.914179*x24*x23  - 1.602251*x24*x24 + 1.025737*x24*x25 + 4.191545*x24*x26  - 5.984736*x24*x27  - 1.662389*x24*x28  - 4.946499*x24*x29  - 1.445896*x24*x30 + 8.690620*x25*x1 + 1.843807*x25*x2  - 3.179713*x25*x3  - 6.242434*x25*x4  - 3.558629*x25*x5 + 2.034089*x25*x6  - 0.477781*x25*x7 + 4.700891*x25*x8  - 2.898262*x25*x9  - 5.310776*x25*x10  - 3.499306*x25*x11  - 1.581235*x25*x12  - 3.224964*x25*x13  - 4.364909*x25*x14  - 1.985176*x25*x15  - 3.314381*x25*x16 + 0.001547*x25*x17 + 2.428931*x25*x18 + 6.362881*x25*x19 + 0.461505*x25*x20 + 2.879006*x25*x21  - 1.219719*x25*x22  - 5.064447*x25*x23 + 1.025737*x25*x24  - 0.625950*x25*x25  - 7.214026*x25*x26  - 1.495634*x25*x27 + 0.753215*x25*x28 + 3.701576*x25*x29 + 1.296499*x25*x30  - 1.409983*x26*x1  - 2.709941*x26*x2  - 9.316396*x26*x3 + 4.025742*x26*x4  - 4.937031*x26*x5 + 8.534677*x26*x6 + 3.062405*x26*x7  - 6.826970*x26*x8 + 3.121444*x26*x9  - 1.570184*x26*x10  - 3.960881*x26*x11 + 3.551397*x26*x12 + 2.324371*x26*x13  - 5.384001*x26*x14  - 6.972577*x26*x15 + 1.021117*x26*x16  - 2.017265*x26*x17  - 3.811448*x26*x18  - 5.956993*x26*x19  - 4.964796*x26*x20  - 1.065325*x26*x21  - 1.039780*x26*x22 + 1.374162*x26*x23 + 4.191545*x26*x24  - 7.214026*x26*x25  - 2.130640*x26*x26  - 0.733302*x26*x27  - 4.192770*x26*x28 + 4.286627*x26*x29  - 4.941596*x26*x30 + 2.831908*x27*x1 + 5.501021*x27*x2  - 1.928081*x27*x3 + 7.386990*x27*x4  - 0.753304*x27*x5  - 0.569005*x27*x6  - 3.251723*x27*x7  - 1.463062*x27*x8  - 5.890370*x27*x9  - 1.438570*x27*x10 + 4.693859*x27*x11  - 7.347668*x27*x12  - 0.665650*x27*x13  - 3.892098*x27*x14  - 0.425151*x27*x15  - 1.199341*x27*x16  - 0.418623*x27*x17  - 0.714885*x27*x18  - 0.653075*x27*x19 + 4.928067*x27*x20  - 1.966006*x27*x21 + 1.661949*x27*x22  - 2.923538*x27*x23  - 5.984736*x27*x24  - 1.495634*x27*x25  - 0.733302*x27*x26  - 0.613705*x27*x27 + 5.168808*x27*x28  - 5.741957*x27*x29 + 1.810233*x27*x30  - 4.828220*x28*x1 + 1.633156*x28*x2 + 1.504579*x28*x3  - 0.126447*x28*x4  - 3.238637*x28*x5  - 9.439164*x28*x6  - 3.423248*x28*x7  - 0.754422*x28*x8 + 3.926910*x28*x9  - 6.848106*x28*x10  - 4.712847*x28*x11  - 3.163675*x28*x12 + 8.518226*x28*x13 + 1.002769*x28*x14 + 4.709463*x28*x15 + 0.120861*x28*x16  - 3.832263*x28*x17  - 4.424860*x28*x18 + 3.418722*x28*x19  - 2.510911*x28*x20  - 5.874149*x28*x21 + 4.966378*x28*x22  - 4.981731*x28*x23  - 1.662389*x28*x24 + 0.753215*x28*x25  - 4.192770*x28*x26 + 5.168808*x28*x27  - 1.798628*x28*x28  - 5.841981*x28*x29  - 5.661629*x28*x30 + 2.085581*x29*x1 + 7.890311*x29*x2  - 6.217352*x29*x3 + 2.752722*x29*x4 + 0.244513*x29*x5  - 2.508271*x29*x6  - 2.808100*x29*x7 + 3.674507*x29*x8  - 7.433218*x29*x9  - 4.359811*x29*x10 + 0.976742*x29*x11  - 2.745194*x29*x12  - 7.262760*x29*x13  - 7.945514*x29*x14 + 0.819834*x29*x15  - 0.804190*x29*x16  - 4.305067*x29*x17 + 3.648405*x29*x18  - 2.996566*x29*x19  - 0.033755*x29*x20 + 5.545047*x29*x21 + 1.869185*x29*x22 + 1.621808*x29*x23  - 4.946499*x29*x24 + 3.701576*x29*x25 + 4.286627*x29*x26  - 5.741957*x29*x27  - 5.841981*x29*x28  - 2.465960*x29*x29  - 4.478424*x29*x30  - 6.835902*x30*x1  - 6.503224*x30*x2  - 0.037186*x30*x3 + 7.252021*x30*x4  - 2.377031*x30*x5 + 1.652695*x30*x6  - 9.258185*x30*x7  - 4.736880*x30*x8 + 2.910295*x30*x9  - 5.096922*x30*x10  - 7.062923*x30*x11 + 3.307198*x30*x12  - 5.035211*x30*x13  - 4.104654*x30*x14  - 0.353369*x30*x15  - 1.766139*x30*x16  - 1.137447*x30*x17 + 6.752491*x30*x18  - 1.365925*x30*x19 + 7.253577*x30*x20  - 5.143493*x30*x21 + 3.279917*x30*x22  - 7.271339*x30*x23  - 1.445896*x30*x24 + 1.296499*x30*x25  - 4.941596*x30*x26 + 1.810233*x30*x27  - 5.661629*x30*x28  - 4.478424*x30*x29  - 0.722549*x30*x30 ;
