OPTIONS {
 MaxTime: 10000;
 EpsR: 0.000001;
 }
 
VARIABLES	x1,x2,x3,x4,x5,x6,x7,x8,x9,x10,x11,x12,x13,x14,x15,x16,x17,x18,x19,x20,x21,x22,x23,x24,x25,x26,x27,x28,x29,x30;
LOWER_BOUNDS {
x1: 0.000000;
x2: 0.000000;
x3: 0.000000;
x4: 0.000000;
x5: 0.000000;
x6: 0.000000;
x7: 0.000000;
x8: 0.000000;
x9: 0.000000;
x10: 0.000000;
x11: 0.000000;
x12: 0.000000;
x13: 0.000000;
x14: 0.000000;
x15: 0.000000;
x16: 0.000000;
x17: 0.000000;
x18: 0.000000;
x19: 0.000000;
x20: 0.000000;
x21: 0.000000;
x22: 0.000000;
x23: 0.000000;
x24: 0.000000;
x25: 0.000000;
x26: 0.000000;
x27: 0.000000;
x28: 0.000000;
x29: 0.000000;
x30: 0.000000;
}

UPPER_BOUNDS {
x1: 1.000000;
x2: 1.000000;
x3: 1.000000;
x4: 1.000000;
x5: 1.000000;
x6: 1.000000;
x7: 1.000000;
x8: 1.000000;
x9: 1.000000;
x10: 1.000000;
x11: 1.000000;
x12: 1.000000;
x13: 1.000000;
x14: 1.000000;
x15: 1.000000;
x16: 1.000000;
x17: 1.000000;
x18: 1.000000;
x19: 1.000000;
x20: 1.000000;
x21: 1.000000;
x22: 1.000000;
x23: 1.000000;
x24: 1.000000;
x25: 1.000000;
x26: 1.000000;
x27: 1.000000;
x28: 1.000000;
x29: 1.000000;
x30: 1.000000;
}

EQUATIONS e1;

e1:  1.000000*x1  + 1.000000*x2  + 1.000000*x3  + 1.000000*x4  + 1.000000*x5  + 1.000000*x6  + 1.000000*x7  + 1.000000*x8  + 1.000000*x9  + 1.000000*x10  + 1.000000*x11  + 1.000000*x12  + 1.000000*x13  + 1.000000*x14  + 1.000000*x15  + 1.000000*x16  + 1.000000*x17  + 1.000000*x18  + 1.000000*x19  + 1.000000*x20  + 1.000000*x21  + 1.000000*x22  + 1.000000*x23  + 1.000000*x24  + 1.000000*x25  + 1.000000*x26  + 1.000000*x27  + 1.000000*x28  + 1.000000*x29  + 1.000000*x30  == 1.000000;

OBJ: minimize	 - 0.198128*x1*x1  - 6.698596*x1*x2  - 4.148689*x1*x3 + 3.611373*x1*x4 + 1.493426*x1*x5 + 1.426707*x1*x6  - 7.056873*x1*x7  - 3.128428*x1*x8  - 6.784503*x1*x9  - 8.342674*x1*x10  - 1.893155*x1*x11 + 6.847635*x1*x12  - 5.320110*x1*x13 + 2.819038*x1*x14 + 2.761513*x1*x15 + 2.504501*x1*x16 + 1.190654*x1*x17 + 0.117940*x1*x18 + 5.805151*x1*x19  - 3.908035*x1*x20 + 3.571221*x1*x21 + 3.535197*x1*x22  - 0.265576*x1*x23 + 5.363695*x1*x24 + 3.287198*x1*x25 + 7.046904*x1*x26  - 0.845086*x1*x27 + 8.345142*x1*x28 + 4.639352*x1*x29 + 0.427742*x1*x30  - 6.698596*x2*x1 + 2.245284*x2*x2 + 4.821622*x2*x3  - 0.843774*x2*x4  - 0.013027*x2*x5  - 1.722567*x2*x6  - 4.345194*x2*x7 + 3.584610*x2*x8  - 1.233003*x2*x9 + 7.551388*x2*x10  - 2.092274*x2*x11 + 1.724734*x2*x12 + 5.659684*x2*x13 + 6.861716*x2*x14 + 2.684222*x2*x15 + 4.500640*x2*x16  - 0.259356*x2*x17 + 4.361847*x2*x18  - 3.114054*x2*x19 + 1.533430*x2*x20 + 5.490674*x2*x21 + 2.858095*x2*x22 + 4.376262*x2*x23 + 1.368217*x2*x24 + 6.400297*x2*x25  - 6.342922*x2*x26  - 0.080505*x2*x27  - 2.029412*x2*x28  - 3.402340*x2*x29 + 1.923821*x2*x30  - 4.148689*x3*x1 + 4.821622*x3*x2 + 2.865127*x3*x3  - 8.832229*x3*x4 + 5.569734*x3*x5  - 1.951035*x3*x6  - 1.110911*x3*x7 + 4.601439*x3*x8  - 0.445402*x3*x9  - 0.862794*x3*x10  - 4.974224*x3*x11 + 1.813381*x3*x12 + 8.957774*x3*x13 + 6.042810*x3*x14 + 1.696272*x3*x15 + 1.049254*x3*x16 + 3.858605*x3*x17 + 3.313929*x3*x18  - 7.505092*x3*x19  - 3.998375*x3*x20  - 8.150677*x3*x21  - 2.472278*x3*x22 + 0.474425*x3*x23 + 7.664762*x3*x24  - 3.141911*x3*x25  - 3.074881*x3*x26  - 1.574989*x3*x27 + 0.112632*x3*x28  - 0.403865*x3*x29 + 4.175832*x3*x30 + 3.611373*x4*x1  - 0.843774*x4*x2  - 8.832229*x4*x3 + 1.783123*x4*x4 + 2.841095*x4*x5  - 5.082886*x4*x6 + 3.156544*x4*x7  - 3.444815*x4*x8  - 1.366333*x4*x9 + 3.448742*x4*x10 + 3.427062*x4*x11 + 0.643853*x4*x12 + 5.916182*x4*x13 + 7.437702*x4*x14 + 7.596649*x4*x15 + 3.327679*x4*x16 + 1.881729*x4*x17  - 0.148131*x4*x18 + 1.004464*x4*x19  - 2.390497*x4*x20  - 2.280886*x4*x21 + 4.953652*x4*x22  - 0.905655*x4*x23 + 2.448638*x4*x24 + 2.858982*x4*x25 + 2.945707*x4*x26 + 4.270990*x4*x27 + 3.184922*x4*x28 + 6.749878*x4*x29  - 0.770543*x4*x30 + 1.493426*x5*x1  - 0.013027*x5*x2 + 5.569734*x5*x3 + 2.841095*x5*x4  - 1.726095*x5*x5 + 8.859581*x5*x6 + 5.989949*x5*x7  - 3.534433*x5*x8 + 4.410529*x5*x9 + 5.255308*x5*x10  - 6.617887*x5*x11  - 2.685373*x5*x12  - 2.296750*x5*x13  - 4.280608*x5*x14 + 1.703292*x5*x15 + 7.790861*x5*x16  - 7.088633*x5*x17 + 6.170703*x5*x18  - 0.479337*x5*x19  - 7.402834*x5*x20  - 0.295123*x5*x21 + 3.255423*x5*x22 + 6.492368*x5*x23 + 5.509734*x5*x24  - 1.499626*x5*x25 + 0.077059*x5*x26 + 3.788368*x5*x27  - 3.536635*x5*x28  - 0.959965*x5*x29 + 6.181290*x5*x30 + 1.426707*x6*x1  - 1.722567*x6*x2  - 1.951035*x6*x3  - 5.082886*x6*x4 + 8.859581*x6*x5 + 0.886329*x6*x6 + 1.646410*x6*x7 + 6.651662*x6*x8 + 2.655899*x6*x9  - 2.376001*x6*x10 + 3.993305*x6*x11 + 4.375460*x6*x12 + 7.421876*x6*x13 + 3.964139*x6*x14 + 2.572555*x6*x15 + 3.004350*x6*x16 + 6.935608*x6*x17  - 0.221088*x6*x18 + 2.543544*x6*x19  - 3.449785*x6*x20  - 3.206173*x6*x21 + 4.865311*x6*x22 + 8.846035*x6*x23 + 3.158078*x6*x24 + 0.458028*x6*x25  - 0.684015*x6*x26 + 4.684264*x6*x27 + 0.474645*x6*x28  - 8.298353*x6*x29 + 5.719144*x6*x30  - 7.056873*x7*x1  - 4.345194*x7*x2  - 1.110911*x7*x3 + 3.156544*x7*x4 + 5.989949*x7*x5 + 1.646410*x7*x6 + 0.641316*x7*x7  - 0.115259*x7*x8  - 7.728561*x7*x9 + 7.750416*x7*x10  - 3.970345*x7*x11 + 3.799950*x7*x12 + 2.543384*x7*x13 + 6.167077*x7*x14  - 1.381873*x7*x15 + 3.099580*x7*x16  - 1.545217*x7*x17  - 0.744938*x7*x18  - 2.951760*x7*x19  - 5.210218*x7*x20 + 3.914038*x7*x21 + 3.022577*x7*x22 + 4.923502*x7*x23  - 6.813549*x7*x24  - 3.129835*x7*x25  - 2.455231*x7*x26  - 1.393533*x7*x27 + 2.177967*x7*x28  - 3.329673*x7*x29  - 2.356289*x7*x30  - 3.128428*x8*x1 + 3.584610*x8*x2 + 4.601439*x8*x3  - 3.444815*x8*x4  - 3.534433*x8*x5 + 6.651662*x8*x6  - 0.115259*x8*x7 + 1.438636*x8*x8 + 0.268837*x8*x9  - 4.833018*x8*x10  - 4.620435*x8*x11  - 1.301328*x8*x12 + 3.485217*x8*x13  - 6.891082*x8*x14 + 5.317266*x8*x15  - 7.529095*x8*x16  - 2.742050*x8*x17 + 1.348878*x8*x18  - 4.534380*x8*x19  - 3.063040*x8*x20  - 4.391617*x8*x21 + 2.109173*x8*x22 + 2.793099*x8*x23 + 5.870234*x8*x24 + 4.746275*x8*x25  - 2.302524*x8*x26  - 3.924021*x8*x27 + 3.197843*x8*x28  - 3.976498*x8*x29 + 3.785461*x8*x30  - 6.784503*x9*x1  - 1.233003*x9*x2  - 0.445402*x9*x3  - 1.366333*x9*x4 + 4.410529*x9*x5 + 2.655899*x9*x6  - 7.728561*x9*x7 + 0.268837*x9*x8 + 0.447909*x9*x9 + 4.557579*x9*x10 + 5.840402*x9*x11  - 2.457773*x9*x12  - 5.949002*x9*x13 + 1.552683*x9*x14 + 1.797748*x9*x15 + 8.821995*x9*x16  - 4.371889*x9*x17  - 1.942869*x9*x18  - 0.238361*x9*x19  - 3.591868*x9*x20  - 3.776707*x9*x21  - 5.969150*x9*x22 + 8.053765*x9*x23 + 0.354354*x9*x24 + 5.508880*x9*x25 + 3.823512*x9*x26 + 3.826120*x9*x27 + 0.098348*x9*x28 + 0.731267*x9*x29  - 6.575637*x9*x30  - 8.342674*x10*x1 + 7.551388*x10*x2  - 0.862794*x10*x3 + 3.448742*x10*x4 + 5.255308*x10*x5  - 2.376001*x10*x6 + 7.750416*x10*x7  - 4.833018*x10*x8 + 4.557579*x10*x9 + 1.186809*x10*x10  - 1.564535*x10*x11 + 1.735735*x10*x12  - 4.197413*x10*x13 + 3.389589*x10*x14  - 4.122166*x10*x15 + 4.071395*x10*x16  - 3.068613*x10*x17 + 3.906472*x10*x18 + 1.800020*x10*x19 + 1.358038*x10*x20  - 4.065257*x10*x21 + 5.562310*x10*x22  - 4.489338*x10*x23 + 2.440247*x10*x24 + 0.244828*x10*x25 + 3.373804*x10*x26 + 2.172233*x10*x27 + 2.654686*x10*x28  - 4.967108*x10*x29  - 5.407455*x10*x30  - 1.893155*x11*x1  - 2.092274*x11*x2  - 4.974224*x11*x3 + 3.427062*x11*x4  - 6.617887*x11*x5 + 3.993305*x11*x6  - 3.970345*x11*x7  - 4.620435*x11*x8 + 5.840402*x11*x9  - 1.564535*x11*x10  - 3.855497*x11*x11 + 7.417353*x11*x12 + 1.626757*x11*x13  - 3.311091*x11*x14  - 3.478923*x11*x15  - 1.555566*x11*x16  - 2.553369*x11*x17 + 4.394078*x11*x18 + 5.068984*x11*x19 + 1.126681*x11*x20  - 5.406686*x11*x21 + 3.770716*x11*x22 + 3.380141*x11*x23 + 5.774824*x11*x24 + 6.685400*x11*x25  - 5.377664*x11*x26  - 1.095507*x11*x27 + 2.992677*x11*x28  - 0.385480*x11*x29  - 0.231561*x11*x30 + 6.847635*x12*x1 + 1.724734*x12*x2 + 1.813381*x12*x3 + 0.643853*x12*x4  - 2.685373*x12*x5 + 4.375460*x12*x6 + 3.799950*x12*x7  - 1.301328*x12*x8  - 2.457773*x12*x9 + 1.735735*x12*x10 + 7.417353*x12*x11  - 3.354660*x12*x12 + 1.441608*x12*x13  - 5.106769*x12*x14 + 2.054112*x12*x15 + 5.673935*x12*x16  - 3.441349*x12*x17  - 7.336255*x12*x18 + 2.086193*x12*x19 + 6.599226*x12*x20 + 2.381092*x12*x21 + 2.339181*x12*x22 + 3.345479*x12*x23  - 1.470321*x12*x24 + 4.718371*x12*x25  - 2.033312*x12*x26 + 1.239658*x12*x27 + 7.665285*x12*x28 + 6.902445*x12*x29 + 0.373917*x12*x30  - 5.320110*x13*x1 + 5.659684*x13*x2 + 8.957774*x13*x3 + 5.916182*x13*x4  - 2.296750*x13*x5 + 7.421876*x13*x6 + 2.543384*x13*x7 + 3.485217*x13*x8  - 5.949002*x13*x9  - 4.197413*x13*x10 + 1.626757*x13*x11 + 1.441608*x13*x12 + 1.205951*x13*x13 + 1.173507*x13*x14  - 4.573891*x13*x15  - 0.856714*x13*x16 + 4.501031*x13*x17 + 2.399070*x13*x18 + 0.394451*x13*x19 + 3.106754*x13*x20 + 2.986684*x13*x21  - 7.359144*x13*x22 + 5.876039*x13*x23 + 7.784334*x13*x24 + 2.929887*x13*x25  - 5.300417*x13*x26 + 2.110324*x13*x27  - 3.523397*x13*x28 + 0.702361*x13*x29 + 0.119357*x13*x30 + 2.819038*x14*x1 + 6.861716*x14*x2 + 6.042810*x14*x3 + 7.437702*x14*x4  - 4.280608*x14*x5 + 3.964139*x14*x6 + 6.167077*x14*x7  - 6.891082*x14*x8 + 1.552683*x14*x9 + 3.389589*x14*x10  - 3.311091*x14*x11  - 5.106769*x14*x12 + 1.173507*x14*x13 + 2.651103*x14*x14  - 4.946855*x14*x15  - 8.633330*x14*x16 + 4.493977*x14*x17 + 1.996866*x14*x18 + 0.786428*x14*x19  - 1.663793*x14*x20  - 1.060582*x14*x21  - 1.596205*x14*x22  - 0.451740*x14*x23 + 2.709288*x14*x24  - 3.627273*x14*x25 + 5.193460*x14*x26  - 4.912847*x14*x27  - 0.549175*x14*x28  - 1.025366*x14*x29  - 1.980048*x14*x30 + 2.761513*x15*x1 + 2.684222*x15*x2 + 1.696272*x15*x3 + 7.596649*x15*x4 + 1.703292*x15*x5 + 2.572555*x15*x6  - 1.381873*x15*x7 + 5.317266*x15*x8 + 1.797748*x15*x9  - 4.122166*x15*x10  - 3.478923*x15*x11 + 2.054112*x15*x12  - 4.573891*x15*x13  - 4.946855*x15*x14  - 1.754646*x15*x15  - 6.711960*x15*x16 + 9.799972*x15*x17 + 8.366154*x15*x18 + 2.375075*x15*x19 + 3.278288*x15*x20 + 4.440410*x15*x21 + 6.704366*x15*x22 + 1.871255*x15*x23 + 2.786022*x15*x24  - 1.463517*x15*x25  - 5.434993*x15*x26 + 3.143812*x15*x27  - 2.786646*x15*x28 + 6.363230*x15*x29 + 1.536703*x15*x30 + 2.504501*x16*x1 + 4.500640*x16*x2 + 1.049254*x16*x3 + 3.327679*x16*x4 + 7.790861*x16*x5 + 3.004350*x16*x6 + 3.099580*x16*x7  - 7.529095*x16*x8 + 8.821995*x16*x9 + 4.071395*x16*x10  - 1.555566*x16*x11 + 5.673935*x16*x12  - 0.856714*x16*x13  - 8.633330*x16*x14  - 6.711960*x16*x15 + 4.003943*x16*x16  - 1.608832*x16*x17 + 2.279355*x16*x18 + 0.514357*x16*x19 + 7.095494*x16*x20 + 2.979111*x16*x21  - 2.939156*x16*x22 + 3.500078*x16*x23 + 1.630547*x16*x24 + 0.518287*x16*x25 + 0.932137*x16*x26 + 4.479425*x16*x27  - 3.267014*x16*x28  - 5.637935*x16*x29 + 3.312819*x16*x30 + 1.190654*x17*x1  - 0.259356*x17*x2 + 3.858605*x17*x3 + 1.881729*x17*x4  - 7.088633*x17*x5 + 6.935608*x17*x6  - 1.545217*x17*x7  - 2.742050*x17*x8  - 4.371889*x17*x9  - 3.068613*x17*x10  - 2.553369*x17*x11  - 3.441349*x17*x12 + 4.501031*x17*x13 + 4.493977*x17*x14 + 9.799972*x17*x15  - 1.608832*x17*x16 + 3.315778*x17*x17  - 1.116552*x17*x18 + 4.543555*x17*x19 + 6.112003*x17*x20  - 0.691534*x17*x21 + 3.321905*x17*x22 + 3.957991*x17*x23  - 0.470361*x17*x24 + 5.122251*x17*x25 + 6.904923*x17*x26 + 4.057276*x17*x27 + 5.370595*x17*x28  - 3.469196*x17*x29 + 7.613902*x17*x30 + 0.117940*x18*x1 + 4.361847*x18*x2 + 3.313929*x18*x3  - 0.148131*x18*x4 + 6.170703*x18*x5  - 0.221088*x18*x6  - 0.744938*x18*x7 + 1.348878*x18*x8  - 1.942869*x18*x9 + 3.906472*x18*x10 + 4.394078*x18*x11  - 7.336255*x18*x12 + 2.399070*x18*x13 + 1.996866*x18*x14 + 8.366154*x18*x15 + 2.279355*x18*x16  - 1.116552*x18*x17 + 1.515130*x18*x18  - 6.072264*x18*x19 + 2.871364*x18*x20 + 2.927027*x18*x21  - 2.469578*x18*x22 + 5.190424*x18*x23 + 2.250256*x18*x24 + 4.657903*x18*x25  - 1.624533*x18*x26 + 9.080457*x18*x27 + 6.717681*x18*x28 + 7.225562*x18*x29 + 2.384385*x18*x30 + 5.805151*x19*x1  - 3.114054*x19*x2  - 7.505092*x19*x3 + 1.004464*x19*x4  - 0.479337*x19*x5 + 2.543544*x19*x6  - 2.951760*x19*x7  - 4.534380*x19*x8  - 0.238361*x19*x9 + 1.800020*x19*x10 + 5.068984*x19*x11 + 2.086193*x19*x12 + 0.394451*x19*x13 + 0.786428*x19*x14 + 2.375075*x19*x15 + 0.514357*x19*x16 + 4.543555*x19*x17  - 6.072264*x19*x18 + 2.135111*x19*x19 + 1.291355*x19*x20 + 0.600537*x19*x21 + 4.413458*x19*x22 + 4.456949*x19*x23  - 2.657234*x19*x24  - 3.582789*x19*x25 + 5.406917*x19*x26  - 0.966150*x19*x27 + 5.886195*x19*x28 + 1.927060*x19*x29  - 1.733078*x19*x30  - 3.908035*x20*x1 + 1.533430*x20*x2  - 3.998375*x20*x3  - 2.390497*x20*x4  - 7.402834*x20*x5  - 3.449785*x20*x6  - 5.210218*x20*x7  - 3.063040*x20*x8  - 3.591868*x20*x9 + 1.358038*x20*x10 + 1.126681*x20*x11 + 6.599226*x20*x12 + 3.106754*x20*x13  - 1.663793*x20*x14 + 3.278288*x20*x15 + 7.095494*x20*x16 + 6.112003*x20*x17 + 2.871364*x20*x18 + 1.291355*x20*x19 + 1.697692*x20*x20 + 1.765696*x20*x21 + 7.490970*x20*x22  - 4.905352*x20*x23  - 1.113912*x20*x24  - 2.849519*x20*x25  - 7.707576*x20*x26 + 1.389481*x20*x27 + 4.591657*x20*x28 + 3.885271*x20*x29 + 8.876752*x20*x30 + 3.571221*x21*x1 + 5.490674*x21*x2  - 8.150677*x21*x3  - 2.280886*x21*x4  - 0.295123*x21*x5  - 3.206173*x21*x6 + 3.914038*x21*x7  - 4.391617*x21*x8  - 3.776707*x21*x9  - 4.065257*x21*x10  - 5.406686*x21*x11 + 2.381092*x21*x12 + 2.986684*x21*x13  - 1.060582*x21*x14 + 4.440410*x21*x15 + 2.979111*x21*x16  - 0.691534*x21*x17 + 2.927027*x21*x18 + 0.600537*x21*x19 + 1.765696*x21*x20 + 3.540738*x21*x21  - 8.880518*x21*x22 + 4.238588*x21*x23  - 1.117136*x21*x24 + 3.632971*x21*x25  - 1.316605*x21*x26 + 4.623814*x21*x27 + 2.183008*x21*x28 + 4.026878*x21*x29  - 0.877528*x21*x30 + 3.535197*x22*x1 + 2.858095*x22*x2  - 2.472278*x22*x3 + 4.953652*x22*x4 + 3.255423*x22*x5 + 4.865311*x22*x6 + 3.022577*x22*x7 + 2.109173*x22*x8  - 5.969150*x22*x9 + 5.562310*x22*x10 + 3.770716*x22*x11 + 2.339181*x22*x12  - 7.359144*x22*x13  - 1.596205*x22*x14 + 6.704366*x22*x15  - 2.939156*x22*x16 + 3.321905*x22*x17  - 2.469578*x22*x18 + 4.413458*x22*x19 + 7.490970*x22*x20  - 8.880518*x22*x21 + 2.561855*x22*x22  - 2.758672*x22*x23  - 2.349129*x22*x24  - 2.363868*x22*x25 + 5.986146*x22*x26 + 3.093998*x22*x27 + 2.009694*x22*x28  - 5.066446*x22*x29 + 5.890557*x22*x30  - 0.265576*x23*x1 + 4.376262*x23*x2 + 0.474425*x23*x3  - 0.905655*x23*x4 + 6.492368*x23*x5 + 8.846035*x23*x6 + 4.923502*x23*x7 + 2.793099*x23*x8 + 8.053765*x23*x9  - 4.489338*x23*x10 + 3.380141*x23*x11 + 3.345479*x23*x12 + 5.876039*x23*x13  - 0.451740*x23*x14 + 1.871255*x23*x15 + 3.500078*x23*x16 + 3.957991*x23*x17 + 5.190424*x23*x18 + 4.456949*x23*x19  - 4.905352*x23*x20 + 4.238588*x23*x21  - 2.758672*x23*x22 + 1.130540*x23*x23  - 4.365708*x23*x24  - 5.477276*x23*x25 + 4.041153*x23*x26  - 1.263494*x23*x27 + 3.733015*x23*x28 + 2.866902*x23*x29 + 1.373862*x23*x30 + 5.363695*x24*x1 + 1.368217*x24*x2 + 7.664762*x24*x3 + 2.448638*x24*x4 + 5.509734*x24*x5 + 3.158078*x24*x6  - 6.813549*x24*x7 + 5.870234*x24*x8 + 0.354354*x24*x9 + 2.440247*x24*x10 + 5.774824*x24*x11  - 1.470321*x24*x12 + 7.784334*x24*x13 + 2.709288*x24*x14 + 2.786022*x24*x15 + 1.630547*x24*x16  - 0.470361*x24*x17 + 2.250256*x24*x18  - 2.657234*x24*x19  - 1.113912*x24*x20  - 1.117136*x24*x21  - 2.349129*x24*x22  - 4.365708*x24*x23  - 2.675839*x24*x24 + 1.981664*x24*x25 + 6.516761*x24*x26  - 1.287403*x24*x27  - 0.895167*x24*x28 + 5.334222*x24*x29 + 1.024535*x24*x30 + 3.287198*x25*x1 + 6.400297*x25*x2  - 3.141911*x25*x3 + 2.858982*x25*x4  - 1.499626*x25*x5 + 0.458028*x25*x6  - 3.129835*x25*x7 + 4.746275*x25*x8 + 5.508880*x25*x9 + 0.244828*x25*x10 + 6.685400*x25*x11 + 4.718371*x25*x12 + 2.929887*x25*x13  - 3.627273*x25*x14  - 1.463517*x25*x15 + 0.518287*x25*x16 + 5.122251*x25*x17 + 4.657903*x25*x18  - 3.582789*x25*x19  - 2.849519*x25*x20 + 3.632971*x25*x21  - 2.363868*x25*x22  - 5.477276*x25*x23 + 1.981664*x25*x24 + 1.878006*x25*x25 + 3.197030*x25*x26 + 2.247899*x25*x27 + 6.318835*x25*x28  - 1.370300*x25*x29 + 3.380235*x25*x30 + 7.046904*x26*x1  - 6.342922*x26*x2  - 3.074881*x26*x3 + 2.945707*x26*x4 + 0.077059*x26*x5  - 0.684015*x26*x6  - 2.455231*x26*x7  - 2.302524*x26*x8 + 3.823512*x26*x9 + 3.373804*x26*x10  - 5.377664*x26*x11  - 2.033312*x26*x12  - 5.300417*x26*x13 + 5.193460*x26*x14  - 5.434993*x26*x15 + 0.932137*x26*x16 + 6.904923*x26*x17  - 1.624533*x26*x18 + 5.406917*x26*x19  - 7.707576*x26*x20  - 1.316605*x26*x21 + 5.986146*x26*x22 + 4.041153*x26*x23 + 6.516761*x26*x24 + 3.197030*x26*x25  - 4.334886*x26*x26 + 0.330836*x26*x27 + 2.547353*x26*x28 + 2.749214*x26*x29 + 7.644752*x26*x30  - 0.845086*x27*x1  - 0.080505*x27*x2  - 1.574989*x27*x3 + 4.270990*x27*x4 + 3.788368*x27*x5 + 4.684264*x27*x6  - 1.393533*x27*x7  - 3.924021*x27*x8 + 3.826120*x27*x9 + 2.172233*x27*x10  - 1.095507*x27*x11 + 1.239658*x27*x12 + 2.110324*x27*x13  - 4.912847*x27*x14 + 3.143812*x27*x15 + 4.479425*x27*x16 + 4.057276*x27*x17 + 9.080457*x27*x18  - 0.966150*x27*x19 + 1.389481*x27*x20 + 4.623814*x27*x21 + 3.093998*x27*x22  - 1.263494*x27*x23  - 1.287403*x27*x24 + 2.247899*x27*x25 + 0.330836*x27*x26  - 0.117556*x27*x27 + 5.104160*x27*x28 + 2.335876*x27*x29 + 0.035158*x27*x30 + 8.345142*x28*x1  - 2.029412*x28*x2 + 0.112632*x28*x3 + 3.184922*x28*x4  - 3.536635*x28*x5 + 0.474645*x28*x6 + 2.177967*x28*x7 + 3.197843*x28*x8 + 0.098348*x28*x9 + 2.654686*x28*x10 + 2.992677*x28*x11 + 7.665285*x28*x12  - 3.523397*x28*x13  - 0.549175*x28*x14  - 2.786646*x28*x15  - 3.267014*x28*x16 + 5.370595*x28*x17 + 6.717681*x28*x18 + 5.886195*x28*x19 + 4.591657*x28*x20 + 2.183008*x28*x21 + 2.009694*x28*x22 + 3.733015*x28*x23  - 0.895167*x28*x24 + 6.318835*x28*x25 + 2.547353*x28*x26 + 5.104160*x28*x27 + 2.959147*x28*x28  - 0.316982*x28*x29 + 0.807468*x28*x30 + 4.639352*x29*x1  - 3.402340*x29*x2  - 0.403865*x29*x3 + 6.749878*x29*x4  - 0.959965*x29*x5  - 8.298353*x29*x6  - 3.329673*x29*x7  - 3.976498*x29*x8 + 0.731267*x29*x9  - 4.967108*x29*x10  - 0.385480*x29*x11 + 6.902445*x29*x12 + 0.702361*x29*x13  - 1.025366*x29*x14 + 6.363230*x29*x15  - 5.637935*x29*x16  - 3.469196*x29*x17 + 7.225562*x29*x18 + 1.927060*x29*x19 + 3.885271*x29*x20 + 4.026878*x29*x21  - 5.066446*x29*x22 + 2.866902*x29*x23 + 5.334222*x29*x24  - 1.370300*x29*x25 + 2.749214*x29*x26 + 2.335876*x29*x27  - 0.316982*x29*x28  - 1.107238*x29*x29 + 2.113402*x29*x30 + 0.427742*x30*x1 + 1.923821*x30*x2 + 4.175832*x30*x3  - 0.770543*x30*x4 + 6.181290*x30*x5 + 5.719144*x30*x6  - 2.356289*x30*x7 + 3.785461*x30*x8  - 6.575637*x30*x9  - 5.407455*x30*x10  - 0.231561*x30*x11 + 0.373917*x30*x12 + 0.119357*x30*x13  - 1.980048*x30*x14 + 1.536703*x30*x15 + 3.312819*x30*x16 + 7.613902*x30*x17 + 2.384385*x30*x18  - 1.733078*x30*x19 + 8.876752*x30*x20  - 0.877528*x30*x21 + 5.890557*x30*x22 + 1.373862*x30*x23 + 1.024535*x30*x24 + 3.380235*x30*x25 + 7.644752*x30*x26 + 0.035158*x30*x27 + 0.807468*x30*x28 + 2.113402*x30*x29 + 2.630149*x30*x30 ;
