OPTIONS {
 MaxTime: 10000;
 EpsR: 0.000001;
 }
 
VARIABLES	x1,x2,x3,x4,x5,x6,x7,x8,x9,x10,x11,x12,x13,x14,x15,x16,x17,x18,x19,x20,x21,x22,x23,x24,x25,x26,x27,x28,x29,x30;
LOWER_BOUNDS {
x1: 0.000000;
x2: 0.000000;
x3: 0.000000;
x4: 0.000000;
x5: 0.000000;
x6: 0.000000;
x7: 0.000000;
x8: 0.000000;
x9: 0.000000;
x10: 0.000000;
x11: 0.000000;
x12: 0.000000;
x13: 0.000000;
x14: 0.000000;
x15: 0.000000;
x16: 0.000000;
x17: 0.000000;
x18: 0.000000;
x19: 0.000000;
x20: 0.000000;
x21: 0.000000;
x22: 0.000000;
x23: 0.000000;
x24: 0.000000;
x25: 0.000000;
x26: 0.000000;
x27: 0.000000;
x28: 0.000000;
x29: 0.000000;
x30: 0.000000;
}

UPPER_BOUNDS {
x1: 1.000000;
x2: 1.000000;
x3: 1.000000;
x4: 1.000000;
x5: 1.000000;
x6: 1.000000;
x7: 1.000000;
x8: 1.000000;
x9: 1.000000;
x10: 1.000000;
x11: 1.000000;
x12: 1.000000;
x13: 1.000000;
x14: 1.000000;
x15: 1.000000;
x16: 1.000000;
x17: 1.000000;
x18: 1.000000;
x19: 1.000000;
x20: 1.000000;
x21: 1.000000;
x22: 1.000000;
x23: 1.000000;
x24: 1.000000;
x25: 1.000000;
x26: 1.000000;
x27: 1.000000;
x28: 1.000000;
x29: 1.000000;
x30: 1.000000;
}

EQUATIONS e1;

e1:  1.000000*x1  + 1.000000*x2  + 1.000000*x3  + 1.000000*x4  + 1.000000*x5  + 1.000000*x6  + 1.000000*x7  + 1.000000*x8  + 1.000000*x9  + 1.000000*x10  + 1.000000*x11  + 1.000000*x12  + 1.000000*x13  + 1.000000*x14  + 1.000000*x15  + 1.000000*x16  + 1.000000*x17  + 1.000000*x18  + 1.000000*x19  + 1.000000*x20  + 1.000000*x21  + 1.000000*x22  + 1.000000*x23  + 1.000000*x24  + 1.000000*x25  + 1.000000*x26  + 1.000000*x27  + 1.000000*x28  + 1.000000*x29  + 1.000000*x30  == 1.000000;

OBJ: minimize	 - 0.472579*x1*x1 + 3.795223*x1*x2 + 4.252082*x1*x3 + 8.343918*x1*x4 + 7.794629*x1*x5 + 4.772496*x1*x6 + 8.122254*x1*x7 + 7.885130*x1*x8 + 4.643969*x1*x9 + 4.439801*x1*x10 + 5.223400*x1*x11 + 5.693870*x1*x12 + 5.654460*x1*x13 + 5.317912*x1*x14 + 5.741747*x1*x15 + 1.929199*x1*x16 + 4.055533*x1*x17 + 5.399404*x1*x18 + 3.775411*x1*x19 + 3.139371*x1*x20 + 6.033558*x1*x21 + 2.606530*x1*x22 + 8.370954*x1*x23 + 7.281051*x1*x24 + 4.746592*x1*x25 + 6.062017*x1*x26 + 4.109777*x1*x27 + 6.152957*x1*x28 + 5.688192*x1*x29 + 4.226435*x1*x30 + 3.795223*x2*x1  - 4.444170*x2*x2 + 2.876510*x2*x3 + 6.826913*x2*x4 + 3.914046*x2*x5 + 4.583353*x2*x6 + 9.024816*x2*x7 + 8.231407*x2*x8 + 6.995015*x2*x9 + 1.915551*x2*x10 + 9.713190*x2*x11 + 3.273388*x2*x12 + 9.527861*x2*x13 + 5.946646*x2*x14 + 5.248978*x2*x15 + 4.659104*x2*x16 + 7.289934*x2*x17 + 7.749743*x2*x18 + 2.232581*x2*x19 + 6.158147*x2*x20 + 5.327113*x2*x21 + 2.409101*x2*x22 + 6.132972*x2*x23 + 1.162581*x2*x24 + 5.025469*x2*x25 + 9.227263*x2*x26 + 7.004538*x2*x27 + 4.198495*x2*x28 + 6.736010*x2*x29 + 5.257927*x2*x30 + 4.252082*x3*x1 + 2.876510*x3*x2  - 3.324427*x3*x3 + 5.639371*x3*x4 + 2.782433*x3*x5 + 2.278040*x3*x6 + 7.601541*x3*x7 + 7.223591*x3*x8 + 7.858117*x3*x9 + 4.462472*x3*x10 + 3.158809*x3*x11 + 4.268557*x3*x12 + 6.867504*x3*x13 + 1.699031*x3*x14 + 3.975155*x3*x15 + 4.827943*x3*x16 + 3.685116*x3*x17 + 7.874415*x3*x18 + 8.678940*x3*x19 + 6.317414*x3*x20 + 5.163494*x3*x21 + 4.144445*x3*x22 + 8.255104*x3*x23 + 4.902190*x3*x24 + 2.983041*x3*x25 + 6.046224*x3*x26 + 3.919691*x3*x27 + 2.820063*x3*x28 + 4.633828*x3*x29 + 6.657566*x3*x30 + 8.343918*x4*x1 + 6.826913*x4*x2 + 5.639371*x4*x3  - 1.637150*x4*x4 + 3.345657*x4*x5 + 6.295648*x4*x6 + 5.789372*x4*x7 + 4.982650*x4*x8 + 4.193951*x4*x9 + 4.358785*x4*x10 + 1.881207*x4*x11 + 8.435917*x4*x12 + 1.272804*x4*x13 + 5.394182*x4*x14 + 3.912729*x4*x15 + 6.153555*x4*x16 + 3.865660*x4*x17 + 8.569777*x4*x18 + 3.598859*x4*x19 + 8.614346*x4*x20 + 1.928140*x4*x21 + 7.313592*x4*x22 + 3.032015*x4*x23 + 4.099218*x4*x24 + 2.997652*x4*x25 + 2.196217*x4*x26 + 4.459811*x4*x27 + 1.972292*x4*x28 + 8.454455*x4*x29 + 2.243495*x4*x30 + 7.794629*x5*x1 + 3.914046*x5*x2 + 2.782433*x5*x3 + 3.345657*x5*x4  - 2.190910*x5*x5 + 3.284546*x5*x6 + 3.919057*x5*x7 + 4.773590*x5*x8 + 5.976779*x5*x9 + 5.170613*x5*x10 + 5.081263*x5*x11 + 7.052988*x5*x12 + 0.581185*x5*x13 + 5.944284*x5*x14 + 3.552565*x5*x15 + 6.823167*x5*x16 + 1.301492*x5*x17 + 2.613439*x5*x18 + 4.830688*x5*x19 + 5.796010*x5*x20 + 7.044628*x5*x21 + 1.077857*x5*x22 + 6.765435*x5*x23 + 8.159925*x5*x24 + 5.422417*x5*x25 + 5.261996*x5*x26 + 4.809821*x5*x27 + 4.474548*x5*x28 + 6.131442*x5*x29 + 2.744718*x5*x30 + 4.772496*x6*x1 + 4.583353*x6*x2 + 2.278040*x6*x3 + 6.295648*x6*x4 + 3.284546*x6*x5  - 4.074329*x6*x6 + 6.109803*x6*x7 + 5.589568*x6*x8 + 2.801905*x6*x9 + 1.664530*x6*x10 + 4.988006*x6*x11 + 4.177409*x6*x12 + 2.549433*x6*x13 + 5.561547*x6*x14 + 5.572025*x6*x15 + 5.545658*x6*x16 + 6.446797*x6*x17 + 2.098512*x6*x18 + 4.924489*x6*x19 + 2.095591*x6*x20 + 6.461671*x6*x21 + 5.998361*x6*x22 + 5.757480*x6*x23 + 1.949436*x6*x24 + 3.726019*x6*x25 + 5.710060*x6*x26 + 3.329351*x6*x27 + 6.548723*x6*x28 + 4.040605*x6*x29 + 2.334819*x6*x30 + 8.122254*x7*x1 + 9.024816*x7*x2 + 7.601541*x7*x3 + 5.789372*x7*x4 + 3.919057*x7*x5 + 6.109803*x7*x6  - 1.951264*x7*x7 + 5.717251*x7*x8 + 4.683339*x7*x9 + 2.537819*x7*x10 + 7.340349*x7*x11 + 2.905766*x7*x12 + 3.821824*x7*x13 + 0.358837*x7*x14 + 6.677895*x7*x15 + 5.436358*x7*x16 + 3.688419*x7*x17 + 6.092996*x7*x18 + 4.652385*x7*x19 + 2.809835*x7*x20 + 4.953914*x7*x21 + 3.254709*x7*x22 + 4.284882*x7*x23 + 6.210421*x7*x24 + 1.590493*x7*x25 + 6.348109*x7*x26 + 1.943050*x7*x27 + 6.489238*x7*x28 + 1.838082*x7*x29 + 6.159859*x7*x30 + 7.885130*x8*x1 + 8.231407*x8*x2 + 7.223591*x8*x3 + 4.982650*x8*x4 + 4.773590*x8*x5 + 5.589568*x8*x6 + 5.717251*x8*x7  - 1.774304*x8*x8 + 2.901991*x8*x9 + 7.317483*x8*x10 + 5.190657*x8*x11 + 7.831272*x8*x12 + 6.991405*x8*x13 + 6.844894*x8*x14 + 6.383316*x8*x15 + 4.521180*x8*x16 + 4.513632*x8*x17 + 6.427886*x8*x18 + 5.017437*x8*x19 + 6.667799*x8*x20 + 4.127416*x8*x21 + 6.597109*x8*x22 + 4.345979*x8*x23 + 7.177005*x8*x24 + 7.733594*x8*x25 + 5.695953*x8*x26 + 8.187578*x8*x27 + 2.658632*x8*x28 + 1.698272*x8*x29 + 6.354065*x8*x30 + 4.643969*x9*x1 + 6.995015*x9*x2 + 7.858117*x9*x3 + 4.193951*x9*x4 + 5.976779*x9*x5 + 2.801905*x9*x6 + 4.683339*x9*x7 + 2.901991*x9*x8  - 2.683170*x9*x9 + 2.381702*x9*x10 + 8.357300*x9*x11 + 4.916115*x9*x12 + 6.695974*x9*x13 + 4.864452*x9*x14 + 4.788639*x9*x15 + 5.860218*x9*x16 + 5.628142*x9*x17 + 6.520995*x9*x18 + 6.269217*x9*x19 + 4.915368*x9*x20 + 1.531601*x9*x21 + 4.344108*x9*x22 + 6.838097*x9*x23 + 1.817915*x9*x24 + 4.948147*x9*x25 + 1.452944*x9*x26 + 3.760157*x9*x27 + 6.827500*x9*x28 + 7.061651*x9*x29 + 8.439187*x9*x30 + 4.439801*x10*x1 + 1.915551*x10*x2 + 4.462472*x10*x3 + 4.358785*x10*x4 + 5.170613*x10*x5 + 1.664530*x10*x6 + 2.537819*x10*x7 + 7.317483*x10*x8 + 2.381702*x10*x9  - 2.021845*x10*x10 + 5.946104*x10*x11 + 2.295164*x10*x12 + 3.342909*x10*x13 + 3.605631*x10*x14 + 6.958588*x10*x15 + 6.865645*x10*x16 + 5.289725*x10*x17 + 5.129011*x10*x18 + 3.473627*x10*x19 + 3.872415*x10*x20 + 7.786391*x10*x21 + 5.789165*x10*x22 + 6.124232*x10*x23 + 6.484626*x10*x24 + 7.406609*x10*x25 + 3.503250*x10*x26 + 9.200565*x10*x27 + 3.246655*x10*x28 + 3.748325*x10*x29 + 1.596559*x10*x30 + 5.223400*x11*x1 + 9.713190*x11*x2 + 3.158809*x11*x3 + 1.881207*x11*x4 + 5.081263*x11*x5 + 4.988006*x11*x6 + 7.340349*x11*x7 + 5.190657*x11*x8 + 8.357300*x11*x9 + 5.946104*x11*x10  - 2.176059*x11*x11 + 2.274271*x11*x12 + 2.554036*x11*x13 + 6.268470*x11*x14 + 2.340168*x11*x15 + 7.619223*x11*x16 + 3.897126*x11*x17 + 3.301774*x11*x18 + 5.697600*x11*x19 + 5.665932*x11*x20 + 7.289896*x11*x21 + 1.646706*x11*x22 + 7.844500*x11*x23 + 5.618864*x11*x24 + 9.207212*x11*x25 + 1.612746*x11*x26 + 6.242817*x11*x27 + 7.571567*x11*x28 + 4.695636*x11*x29 + 5.269963*x11*x30 + 5.693870*x12*x1 + 3.273388*x12*x2 + 4.268557*x12*x3 + 8.435917*x12*x4 + 7.052988*x12*x5 + 4.177409*x12*x6 + 2.905766*x12*x7 + 7.831272*x12*x8 + 4.916115*x12*x9 + 2.295164*x12*x10 + 2.274271*x12*x11  - 1.214369*x12*x12 + 2.754039*x12*x13 + 8.830774*x12*x14 + 9.002998*x12*x15 + 7.086868*x12*x16 + 8.310778*x12*x17 + 7.936099*x12*x18 + 3.082028*x12*x19 + 6.722503*x12*x20 + 3.268643*x12*x21 + 8.161444*x12*x22 + 3.508661*x12*x23 + 6.168534*x12*x24 + 6.456310*x12*x25 + 3.154566*x12*x26 + 5.199168*x12*x27 + 2.023963*x12*x28 + 7.808101*x12*x29 + 4.253498*x12*x30 + 5.654460*x13*x1 + 9.527861*x13*x2 + 6.867504*x13*x3 + 1.272804*x13*x4 + 0.581185*x13*x5 + 2.549433*x13*x6 + 3.821824*x13*x7 + 6.991405*x13*x8 + 6.695974*x13*x9 + 3.342909*x13*x10 + 2.554036*x13*x11 + 2.754039*x13*x12  - 4.095517*x13*x13 + 3.577492*x13*x14 + 1.759422*x13*x15 + 3.833627*x13*x16 + 2.344426*x13*x17 + 6.088727*x13*x18 + 3.988316*x13*x19 + 8.059670*x13*x20 + 2.158468*x13*x21 + 7.342850*x13*x22 + 4.086039*x13*x23 + 0.518274*x13*x24 + 4.380093*x13*x25 + 6.270405*x13*x26 + 6.794778*x13*x27 + 2.472347*x13*x28 + 2.140474*x13*x29 + 7.119911*x13*x30 + 5.317912*x14*x1 + 5.946646*x14*x2 + 1.699031*x14*x3 + 5.394182*x14*x4 + 5.944284*x14*x5 + 5.561547*x14*x6 + 0.358837*x14*x7 + 6.844894*x14*x8 + 4.864452*x14*x9 + 3.605631*x14*x10 + 6.268470*x14*x11 + 8.830774*x14*x12 + 3.577492*x14*x13  - 2.488432*x14*x14 + 1.762766*x14*x15 + 4.118696*x14*x16 + 4.163827*x14*x17 + 4.153977*x14*x18 + 2.101293*x14*x19 + 3.726837*x14*x20 + 7.106474*x14*x21 + 8.977771*x14*x22 + 7.061762*x14*x23 + 9.058947*x14*x24 + 9.070177*x14*x25 + 4.192353*x14*x26 + 8.911972*x14*x27 + 6.199704*x14*x28 + 8.052820*x14*x29 + 2.561449*x14*x30 + 5.741747*x15*x1 + 5.248978*x15*x2 + 3.975155*x15*x3 + 3.912729*x15*x4 + 3.552565*x15*x5 + 5.572025*x15*x6 + 6.677895*x15*x7 + 6.383316*x15*x8 + 4.788639*x15*x9 + 6.958588*x15*x10 + 2.340168*x15*x11 + 9.002998*x15*x12 + 1.759422*x15*x13 + 1.762766*x15*x14  - 2.336884*x15*x15 + 6.343584*x15*x16 + 6.118161*x15*x17 + 5.697485*x15*x18 + 4.048208*x15*x19 + 8.947526*x15*x20 + 6.328062*x15*x21 + 3.974333*x15*x22 + 6.754711*x15*x23 + 2.801843*x15*x24 + 6.479490*x15*x25 + 8.509622*x15*x26 + 2.868652*x15*x27 + 5.581244*x15*x28 + 3.960605*x15*x29 + 3.781802*x15*x30 + 1.929199*x16*x1 + 4.659104*x16*x2 + 4.827943*x16*x3 + 6.153555*x16*x4 + 6.823167*x16*x5 + 5.545658*x16*x6 + 5.436358*x16*x7 + 4.521180*x16*x8 + 5.860218*x16*x9 + 6.865645*x16*x10 + 7.619223*x16*x11 + 7.086868*x16*x12 + 3.833627*x16*x13 + 4.118696*x16*x14 + 6.343584*x16*x15  - 0.932994*x16*x16 + 2.607390*x16*x17 + 4.670135*x16*x18 + 4.681633*x16*x19 + 6.607244*x16*x20 + 5.602947*x16*x21 + 2.286065*x16*x22 + 5.657911*x16*x23 + 7.536755*x16*x24 + 5.112817*x16*x25 + 4.899586*x16*x26 + 6.886214*x16*x27 + 6.407195*x16*x28 + 5.262998*x16*x29 + 1.762572*x16*x30 + 4.055533*x17*x1 + 7.289934*x17*x2 + 3.685116*x17*x3 + 3.865660*x17*x4 + 1.301492*x17*x5 + 6.446797*x17*x6 + 3.688419*x17*x7 + 4.513632*x17*x8 + 5.628142*x17*x9 + 5.289725*x17*x10 + 3.897126*x17*x11 + 8.310778*x17*x12 + 2.344426*x17*x13 + 4.163827*x17*x14 + 6.118161*x17*x15 + 2.607390*x17*x16  - 2.405895*x17*x17 + 5.469385*x17*x18 + 5.518401*x17*x19 + 3.609028*x17*x20 + 6.703972*x17*x21 + 3.047471*x17*x22 + 7.729074*x17*x23 + 6.587109*x17*x24 + 2.460742*x17*x25 + 9.446465*x17*x26 + 4.296736*x17*x27 + 6.990995*x17*x28 + 4.669239*x17*x29 + 6.984189*x17*x30 + 5.399404*x18*x1 + 7.749743*x18*x2 + 7.874415*x18*x3 + 8.569777*x18*x4 + 2.613439*x18*x5 + 2.098512*x18*x6 + 6.092996*x18*x7 + 6.427886*x18*x8 + 6.520995*x18*x9 + 5.129011*x18*x10 + 3.301774*x18*x11 + 7.936099*x18*x12 + 6.088727*x18*x13 + 4.153977*x18*x14 + 5.697485*x18*x15 + 4.670135*x18*x16 + 5.469385*x18*x17  - 2.729362*x18*x18 + 1.121863*x18*x19 + 5.237797*x18*x20 + 7.023469*x18*x21 + 4.328678*x18*x22 + 5.142863*x18*x23 + 5.777631*x18*x24 + 6.649147*x18*x25 + 5.058908*x18*x26 + 5.163995*x18*x27 + 8.459013*x18*x28 + 6.188820*x18*x29 + 5.616415*x18*x30 + 3.775411*x19*x1 + 2.232581*x19*x2 + 8.678940*x19*x3 + 3.598859*x19*x4 + 4.830688*x19*x5 + 4.924489*x19*x6 + 4.652385*x19*x7 + 5.017437*x19*x8 + 6.269217*x19*x9 + 3.473627*x19*x10 + 5.697600*x19*x11 + 3.082028*x19*x12 + 3.988316*x19*x13 + 2.101293*x19*x14 + 4.048208*x19*x15 + 4.681633*x19*x16 + 5.518401*x19*x17 + 1.121863*x19*x18  - 4.059093*x19*x19 + 1.952984*x19*x20 + 1.762646*x19*x21 + 7.492953*x19*x22 + 2.087401*x19*x23 + 6.139092*x19*x24 + 6.951855*x19*x25 + 4.794575*x19*x26 + 4.734971*x19*x27 + 2.478446*x19*x28 + 8.487429*x19*x29 + 5.219780*x19*x30 + 3.139371*x20*x1 + 6.158147*x20*x2 + 6.317414*x20*x3 + 8.614346*x20*x4 + 5.796010*x20*x5 + 2.095591*x20*x6 + 2.809835*x20*x7 + 6.667799*x20*x8 + 4.915368*x20*x9 + 3.872415*x20*x10 + 5.665932*x20*x11 + 6.722503*x20*x12 + 8.059670*x20*x13 + 3.726837*x20*x14 + 8.947526*x20*x15 + 6.607244*x20*x16 + 3.609028*x20*x17 + 5.237797*x20*x18 + 1.952984*x20*x19  - 0.875844*x20*x20 + 1.233673*x20*x21 + 4.621846*x20*x22 + 1.815974*x20*x23 + 4.530679*x20*x24 + 2.059961*x20*x25 + 7.565209*x20*x26 + 8.065745*x20*x27 + 4.058255*x20*x28 + 4.997398*x20*x29 + 1.638643*x20*x30 + 6.033558*x21*x1 + 5.327113*x21*x2 + 5.163494*x21*x3 + 1.928140*x21*x4 + 7.044628*x21*x5 + 6.461671*x21*x6 + 4.953914*x21*x7 + 4.127416*x21*x8 + 1.531601*x21*x9 + 7.786391*x21*x10 + 7.289896*x21*x11 + 3.268643*x21*x12 + 2.158468*x21*x13 + 7.106474*x21*x14 + 6.328062*x21*x15 + 5.602947*x21*x16 + 6.703972*x21*x17 + 7.023469*x21*x18 + 1.762646*x21*x19 + 1.233673*x21*x20  - 1.507636*x21*x21 + 3.917967*x21*x22 + 5.544919*x21*x23 + 5.867361*x21*x24 + 6.196941*x21*x25 + 6.247940*x21*x26 + 1.687938*x21*x27 + 3.919443*x21*x28 + 7.010024*x21*x29 + 4.552738*x21*x30 + 2.606530*x22*x1 + 2.409101*x22*x2 + 4.144445*x22*x3 + 7.313592*x22*x4 + 1.077857*x22*x5 + 5.998361*x22*x6 + 3.254709*x22*x7 + 6.597109*x22*x8 + 4.344108*x22*x9 + 5.789165*x22*x10 + 1.646706*x22*x11 + 8.161444*x22*x12 + 7.342850*x22*x13 + 8.977771*x22*x14 + 3.974333*x22*x15 + 2.286065*x22*x16 + 3.047471*x22*x17 + 4.328678*x22*x18 + 7.492953*x22*x19 + 4.621846*x22*x20 + 3.917967*x22*x21  - 3.872521*x22*x22 + 3.451276*x22*x23 + 6.354576*x22*x24 + 3.999934*x22*x25 + 4.236496*x22*x26 + 6.977410*x22*x27 + 6.391721*x22*x28 + 7.154507*x22*x29 + 4.478747*x22*x30 + 8.370954*x23*x1 + 6.132972*x23*x2 + 8.255104*x23*x3 + 3.032015*x23*x4 + 6.765435*x23*x5 + 5.757480*x23*x6 + 4.284882*x23*x7 + 4.345979*x23*x8 + 6.838097*x23*x9 + 6.124232*x23*x10 + 7.844500*x23*x11 + 3.508661*x23*x12 + 4.086039*x23*x13 + 7.061762*x23*x14 + 6.754711*x23*x15 + 5.657911*x23*x16 + 7.729074*x23*x17 + 5.142863*x23*x18 + 2.087401*x23*x19 + 1.815974*x23*x20 + 5.544919*x23*x21 + 3.451276*x23*x22  - 3.742535*x23*x23 + 2.865557*x23*x24 + 7.591301*x23*x25 + 6.934254*x23*x26 + 4.810469*x23*x27 + 5.258651*x23*x28 + 4.846271*x23*x29 + 4.117296*x23*x30 + 7.281051*x24*x1 + 1.162581*x24*x2 + 4.902190*x24*x3 + 4.099218*x24*x4 + 8.159925*x24*x5 + 1.949436*x24*x6 + 6.210421*x24*x7 + 7.177005*x24*x8 + 1.817915*x24*x9 + 6.484626*x24*x10 + 5.618864*x24*x11 + 6.168534*x24*x12 + 0.518274*x24*x13 + 9.058947*x24*x14 + 2.801843*x24*x15 + 7.536755*x24*x16 + 6.587109*x24*x17 + 5.777631*x24*x18 + 6.139092*x24*x19 + 4.530679*x24*x20 + 5.867361*x24*x21 + 6.354576*x24*x22 + 2.865557*x24*x23  - 1.394817*x24*x24 + 5.735040*x24*x25 + 6.277049*x24*x26 + 5.497149*x24*x27 + 5.110403*x24*x28 + 3.766258*x24*x29 + 1.933632*x24*x30 + 4.746592*x25*x1 + 5.025469*x25*x2 + 2.983041*x25*x3 + 2.997652*x25*x4 + 5.422417*x25*x5 + 3.726019*x25*x6 + 1.590493*x25*x7 + 7.733594*x25*x8 + 4.948147*x25*x9 + 7.406609*x25*x10 + 9.207212*x25*x11 + 6.456310*x25*x12 + 4.380093*x25*x13 + 9.070177*x25*x14 + 6.479490*x25*x15 + 5.112817*x25*x16 + 2.460742*x25*x17 + 6.649147*x25*x18 + 6.951855*x25*x19 + 2.059961*x25*x20 + 6.196941*x25*x21 + 3.999934*x25*x22 + 7.591301*x25*x23 + 5.735040*x25*x24  - 2.251419*x25*x25 + 6.033818*x25*x26 + 6.123288*x25*x27 + 5.099811*x25*x28 + 5.139703*x25*x29 + 2.350292*x25*x30 + 6.062017*x26*x1 + 9.227263*x26*x2 + 6.046224*x26*x3 + 2.196217*x26*x4 + 5.261996*x26*x5 + 5.710060*x26*x6 + 6.348109*x26*x7 + 5.695953*x26*x8 + 1.452944*x26*x9 + 3.503250*x26*x10 + 1.612746*x26*x11 + 3.154566*x26*x12 + 6.270405*x26*x13 + 4.192353*x26*x14 + 8.509622*x26*x15 + 4.899586*x26*x16 + 9.446465*x26*x17 + 5.058908*x26*x18 + 4.794575*x26*x19 + 7.565209*x26*x20 + 6.247940*x26*x21 + 4.236496*x26*x22 + 6.934254*x26*x23 + 6.277049*x26*x24 + 6.033818*x26*x25  - 3.135524*x26*x26 + 3.657479*x26*x27 + 5.153472*x26*x28 + 3.628653*x26*x29 + 5.108005*x26*x30 + 4.109777*x27*x1 + 7.004538*x27*x2 + 3.919691*x27*x3 + 4.459811*x27*x4 + 4.809821*x27*x5 + 3.329351*x27*x6 + 1.943050*x27*x7 + 8.187578*x27*x8 + 3.760157*x27*x9 + 9.200565*x27*x10 + 6.242817*x27*x11 + 5.199168*x27*x12 + 6.794778*x27*x13 + 8.911972*x27*x14 + 2.868652*x27*x15 + 6.886214*x27*x16 + 4.296736*x27*x17 + 5.163995*x27*x18 + 4.734971*x27*x19 + 8.065745*x27*x20 + 1.687938*x27*x21 + 6.977410*x27*x22 + 4.810469*x27*x23 + 5.497149*x27*x24 + 6.123288*x27*x25 + 3.657479*x27*x26  - 2.015352*x27*x27 + 3.740033*x27*x28 + 3.310504*x27*x29 + 8.323264*x27*x30 + 6.152957*x28*x1 + 4.198495*x28*x2 + 2.820063*x28*x3 + 1.972292*x28*x4 + 4.474548*x28*x5 + 6.548723*x28*x6 + 6.489238*x28*x7 + 2.658632*x28*x8 + 6.827500*x28*x9 + 3.246655*x28*x10 + 7.571567*x28*x11 + 2.023963*x28*x12 + 2.472347*x28*x13 + 6.199704*x28*x14 + 5.581244*x28*x15 + 6.407195*x28*x16 + 6.990995*x28*x17 + 8.459013*x28*x18 + 2.478446*x28*x19 + 4.058255*x28*x20 + 3.919443*x28*x21 + 6.391721*x28*x22 + 5.258651*x28*x23 + 5.110403*x28*x24 + 5.099811*x28*x25 + 5.153472*x28*x26 + 3.740033*x28*x27  - 2.774612*x28*x28 + 3.470996*x28*x29 + 2.730448*x28*x30 + 5.688192*x29*x1 + 6.736010*x29*x2 + 4.633828*x29*x3 + 8.454455*x29*x4 + 6.131442*x29*x5 + 4.040605*x29*x6 + 1.838082*x29*x7 + 1.698272*x29*x8 + 7.061651*x29*x9 + 3.748325*x29*x10 + 4.695636*x29*x11 + 7.808101*x29*x12 + 2.140474*x29*x13 + 8.052820*x29*x14 + 3.960605*x29*x15 + 5.262998*x29*x16 + 4.669239*x29*x17 + 6.188820*x29*x18 + 8.487429*x29*x19 + 4.997398*x29*x20 + 7.010024*x29*x21 + 7.154507*x29*x22 + 4.846271*x29*x23 + 3.766258*x29*x24 + 5.139703*x29*x25 + 3.628653*x29*x26 + 3.310504*x29*x27 + 3.470996*x29*x28  - 4.088848*x29*x29 + 5.716414*x29*x30 + 4.226435*x30*x1 + 5.257927*x30*x2 + 6.657566*x30*x3 + 2.243495*x30*x4 + 2.744718*x30*x5 + 2.334819*x30*x6 + 6.159859*x30*x7 + 6.354065*x30*x8 + 8.439187*x30*x9 + 1.596559*x30*x10 + 5.269963*x30*x11 + 4.253498*x30*x12 + 7.119911*x30*x13 + 2.561449*x30*x14 + 3.781802*x30*x15 + 1.762572*x30*x16 + 6.984189*x30*x17 + 5.616415*x30*x18 + 5.219780*x30*x19 + 1.638643*x30*x20 + 4.552738*x30*x21 + 4.478747*x30*x22 + 4.117296*x30*x23 + 1.933632*x30*x24 + 2.350292*x30*x25 + 5.108005*x30*x26 + 8.323264*x30*x27 + 2.730448*x30*x28 + 5.716414*x30*x29  - 2.946814*x30*x30 ;
