OPTIONS {
 MaxTime: 10000;
 EpsR: 0.000001;
 }
 
VARIABLES	x1,x2,x3,x4,x5,x6,x7,x8,x9,x10,x11,x12,x13,x14,x15,x16,x17,x18,x19,x20,x21,x22,x23,x24,x25,x26,x27,x28,x29,x30;
LOWER_BOUNDS {
x1: 0.000000;
x2: 0.000000;
x3: 0.000000;
x4: 0.000000;
x5: 0.000000;
x6: 0.000000;
x7: 0.000000;
x8: 0.000000;
x9: 0.000000;
x10: 0.000000;
x11: 0.000000;
x12: 0.000000;
x13: 0.000000;
x14: 0.000000;
x15: 0.000000;
x16: 0.000000;
x17: 0.000000;
x18: 0.000000;
x19: 0.000000;
x20: 0.000000;
x21: 0.000000;
x22: 0.000000;
x23: 0.000000;
x24: 0.000000;
x25: 0.000000;
x26: 0.000000;
x27: 0.000000;
x28: 0.000000;
x29: 0.000000;
x30: 0.000000;
}

UPPER_BOUNDS {
x1: 1.000000;
x2: 1.000000;
x3: 1.000000;
x4: 1.000000;
x5: 1.000000;
x6: 1.000000;
x7: 1.000000;
x8: 1.000000;
x9: 1.000000;
x10: 1.000000;
x11: 1.000000;
x12: 1.000000;
x13: 1.000000;
x14: 1.000000;
x15: 1.000000;
x16: 1.000000;
x17: 1.000000;
x18: 1.000000;
x19: 1.000000;
x20: 1.000000;
x21: 1.000000;
x22: 1.000000;
x23: 1.000000;
x24: 1.000000;
x25: 1.000000;
x26: 1.000000;
x27: 1.000000;
x28: 1.000000;
x29: 1.000000;
x30: 1.000000;
}

EQUATIONS e1;

e1:  1.000000*x1  + 1.000000*x2  + 1.000000*x3  + 1.000000*x4  + 1.000000*x5  + 1.000000*x6  + 1.000000*x7  + 1.000000*x8  + 1.000000*x9  + 1.000000*x10  + 1.000000*x11  + 1.000000*x12  + 1.000000*x13  + 1.000000*x14  + 1.000000*x15  + 1.000000*x16  + 1.000000*x17  + 1.000000*x18  + 1.000000*x19  + 1.000000*x20  + 1.000000*x21  + 1.000000*x22  + 1.000000*x23  + 1.000000*x24  + 1.000000*x25  + 1.000000*x26  + 1.000000*x27  + 1.000000*x28  + 1.000000*x29  + 1.000000*x30  == 1.000000;

OBJ: minimize	 3.705165*x1*x1 + 5.879595*x1*x2 + 6.801012*x1*x3 + 3.948762*x1*x4 + 4.091290*x1*x5 + 6.473069*x1*x6 + 5.135412*x1*x7 + 7.859998*x1*x8 + 0.598325*x1*x9 + 5.334939*x1*x10 + 3.699235*x1*x11 + 5.175061*x1*x12 + 3.113637*x1*x13 + 3.161732*x1*x14 + 7.530265*x1*x15 + 6.487996*x1*x16 + 6.831918*x1*x17 + 8.410918*x1*x18 + 2.993824*x1*x19 + 3.817671*x1*x20 + 5.932004*x1*x21 + 3.749850*x1*x22 + 7.577740*x1*x23 + 5.035539*x1*x24 + 6.807987*x1*x25 + 5.719543*x1*x26 + 5.884878*x1*x27 + 6.294844*x1*x28 + 5.918660*x1*x29 + 1.903714*x1*x30 + 5.879595*x2*x1 + 2.472971*x2*x2 + 6.076240*x2*x3 + 4.298700*x2*x4 + 6.493126*x2*x5 + 7.974416*x2*x6 + 6.824084*x2*x7 + 4.703602*x2*x8 + 6.381408*x2*x9 + 1.910531*x2*x10 + 6.544070*x2*x11 + 6.475846*x2*x12 + 8.307017*x2*x13 + 5.562623*x2*x14 + 3.315440*x2*x15 + 6.833248*x2*x16 + 7.596977*x2*x17 + 4.721201*x2*x18 + 4.452420*x2*x19 + 1.035556*x2*x20 + 1.381272*x2*x21 + 4.721367*x2*x22 + 7.396378*x2*x23 + 2.079358*x2*x24 + 7.143100*x2*x25 + 5.463730*x2*x26 + 5.436376*x2*x27 + 3.243656*x2*x28 + 5.564995*x2*x29 + 8.611923*x2*x30 + 6.801012*x3*x1 + 6.076240*x3*x2 + 0.269631*x3*x3 + 6.146733*x3*x4 + 6.109665*x3*x5 + 4.884710*x3*x6 + 3.352354*x3*x7 + 7.746912*x3*x8 + 4.745759*x3*x9 + 6.935679*x3*x10 + 9.713198*x3*x11 + 5.563073*x3*x12 + 7.926840*x3*x13 + 3.296584*x3*x14 + 6.887990*x3*x15 + 3.726668*x3*x16 + 5.629659*x3*x17 + 6.061481*x3*x18 + 6.851254*x3*x19 + 5.499105*x3*x20 + 3.258454*x3*x21 + 3.076917*x3*x22 + 0.433414*x3*x23 + 3.918621*x3*x24 + 8.373562*x3*x25 + 6.868761*x3*x26 + 5.193583*x3*x27 + 7.300817*x3*x28 + 6.353072*x3*x29 + 3.306599*x3*x30 + 3.948762*x4*x1 + 4.298700*x4*x2 + 6.146733*x4*x3 + 2.101888*x4*x4 + 4.726352*x4*x5 + 6.411560*x4*x6 + 6.122297*x4*x7 + 8.940658*x4*x8 + 7.357188*x4*x9 + 7.181698*x4*x10 + 3.222235*x4*x11 + 3.579875*x4*x12 + 8.823589*x4*x13 + 4.829324*x4*x14 + 2.298123*x4*x15 + 6.656277*x4*x16 + 5.924890*x4*x17 + 5.550575*x4*x18 + 4.680781*x4*x19 + 6.199913*x4*x20 + 5.911826*x4*x21 + 3.756495*x4*x22 + 8.252333*x4*x23 + 6.003264*x4*x24 + 6.914875*x4*x25 + 8.323696*x4*x26 + 5.032066*x4*x27 + 4.398883*x4*x28 + 3.308017*x4*x29 + 4.035777*x4*x30 + 4.091290*x5*x1 + 6.493126*x5*x2 + 6.109665*x5*x3 + 4.726352*x5*x4 + 1.374404*x5*x5 + 2.415704*x5*x6 + 8.174612*x5*x7 + 9.319475*x5*x8 + 5.762047*x5*x9 + 8.051019*x5*x10 + 3.591031*x5*x11 + 7.404163*x5*x12 + 7.932068*x5*x13 + 5.081323*x5*x14 + 5.464591*x5*x15 + 4.192606*x5*x16 + 8.286740*x5*x17 + 7.049518*x5*x18 + 7.826594*x5*x19 + 0.801403*x5*x20 + 7.368925*x5*x21 + 1.381695*x5*x22 + 7.570435*x5*x23 + 6.907467*x5*x24 + 9.221710*x5*x25 + 8.701303*x5*x26 + 1.546495*x5*x27 + 6.749798*x5*x28 + 6.484768*x5*x29 + 4.736366*x5*x30 + 6.473069*x6*x1 + 7.974416*x6*x2 + 4.884710*x6*x3 + 6.411560*x6*x4 + 2.415704*x6*x5 + 1.540960*x6*x6 + 4.881951*x6*x7 + 5.958158*x6*x8 + 5.718704*x6*x9 + 4.059816*x6*x10 + 6.318616*x6*x11 + 6.764801*x6*x12 + 5.745146*x6*x13 + 5.212459*x6*x14 + 8.136656*x6*x15 + 5.948904*x6*x16 + 3.578333*x6*x17 + 3.547800*x6*x18 + 6.220242*x6*x19 + 5.912472*x6*x20 + 4.120189*x6*x21 + 2.561105*x6*x22 + 3.188302*x6*x23 + 7.504033*x6*x24 + 5.783264*x6*x25 + 5.792554*x6*x26 + 0.344146*x6*x27 + 4.168942*x6*x28 + 4.132813*x6*x29 + 5.268451*x6*x30 + 5.135412*x7*x1 + 6.824084*x7*x2 + 3.352354*x7*x3 + 6.122297*x7*x4 + 8.174612*x7*x5 + 4.881951*x7*x6 + 1.357314*x7*x7 + 5.728115*x7*x8 + 6.405065*x7*x9 + 2.600476*x7*x10 + 5.307333*x7*x11 + 4.845076*x7*x12 + 8.256785*x7*x13 + 4.239722*x7*x14 + 2.233997*x7*x15 + 3.884857*x7*x16 + 7.523486*x7*x17 + 6.358468*x7*x18 + 6.183874*x7*x19 + 8.496071*x7*x20 + 8.950826*x7*x21 + 4.687667*x7*x22 + 4.846048*x7*x23 + 4.484898*x7*x24 + 8.678615*x7*x25 + 2.761164*x7*x26 + 4.773864*x7*x27 + 7.457675*x7*x28 + 3.858630*x7*x29 + 7.785828*x7*x30 + 7.859998*x8*x1 + 4.703602*x8*x2 + 7.746912*x8*x3 + 8.940658*x8*x4 + 9.319475*x8*x5 + 5.958158*x8*x6 + 5.728115*x8*x7 + 2.974977*x8*x8 + 3.950454*x8*x9 + 6.439205*x8*x10 + 7.164535*x8*x11 + 5.963828*x8*x12 + 6.526852*x8*x13 + 6.969829*x8*x14 + 5.499434*x8*x15 + 5.337121*x8*x16 + 2.202423*x8*x17 + 2.016759*x8*x18 + 5.113971*x8*x19 + 3.628941*x8*x20 + 3.055569*x8*x21 + 2.838042*x8*x22 + 7.339096*x8*x23 + 4.970502*x8*x24 + 6.844345*x8*x25 + 5.240127*x8*x26 + 4.984950*x8*x27 + 5.207850*x8*x28 + 4.796444*x8*x29 + 5.538503*x8*x30 + 0.598325*x9*x1 + 6.381408*x9*x2 + 4.745759*x9*x3 + 7.357188*x9*x4 + 5.762047*x9*x5 + 5.718704*x9*x6 + 6.405065*x9*x7 + 3.950454*x9*x8 + 0.700982*x9*x9 + 5.839844*x9*x10 + 9.084572*x9*x11 + 3.760467*x9*x12 + 7.631787*x9*x13 + 7.070868*x9*x14 + 9.476404*x9*x15 + 4.558892*x9*x16 + 6.756240*x9*x17 + 1.876572*x9*x18 + 6.568422*x9*x19 + 3.190386*x9*x20 + 6.799747*x9*x21 + 5.932194*x9*x22 + 4.526682*x9*x23 + 1.764820*x9*x24 + 4.663880*x9*x25 + 4.023043*x9*x26 + 8.097051*x9*x27 + 5.732129*x9*x28 + 5.280119*x9*x29 + 8.047964*x9*x30 + 5.334939*x10*x1 + 1.910531*x10*x2 + 6.935679*x10*x3 + 7.181698*x10*x4 + 8.051019*x10*x5 + 4.059816*x10*x6 + 2.600476*x10*x7 + 6.439205*x10*x8 + 5.839844*x10*x9 + 0.628914*x10*x10 + 7.239428*x10*x11 + 0.926777*x10*x12 + 8.715753*x10*x13 + 4.742794*x10*x14 + 7.055613*x10*x15 + 9.169923*x10*x16 + 4.722254*x10*x17 + 7.730251*x10*x18 + 3.941746*x10*x19 + 1.911322*x10*x20 + 7.427887*x10*x21 + 5.110449*x10*x22 + 5.680312*x10*x23 + 2.184546*x10*x24 + 6.940840*x10*x25 + 3.152143*x10*x26 + 7.197587*x10*x27 + 4.289512*x10*x28 + 1.554871*x10*x29 + 5.250112*x10*x30 + 3.699235*x11*x1 + 6.544070*x11*x2 + 9.713198*x11*x3 + 3.222235*x11*x4 + 3.591031*x11*x5 + 6.318616*x11*x6 + 5.307333*x11*x7 + 7.164535*x11*x8 + 9.084572*x11*x9 + 7.239428*x11*x10 + 3.464640*x11*x11 + 3.279359*x11*x12 + 6.107039*x11*x13 + 3.605903*x11*x14 + 5.730786*x11*x15 + 8.134543*x11*x16 + 3.545572*x11*x17 + 5.013954*x11*x18 + 2.758601*x11*x19 + 5.300288*x11*x20 + 6.503289*x11*x21 + 3.807628*x11*x22 + 2.302476*x11*x23 + 1.775931*x11*x24 + 8.250010*x11*x25 + 3.520322*x11*x26 + 2.493754*x11*x27 + 5.279254*x11*x28 + 5.425855*x11*x29 + 3.840980*x11*x30 + 5.175061*x12*x1 + 6.475846*x12*x2 + 5.563073*x12*x3 + 3.579875*x12*x4 + 7.404163*x12*x5 + 6.764801*x12*x6 + 4.845076*x12*x7 + 5.963828*x12*x8 + 3.760467*x12*x9 + 0.926777*x12*x10 + 3.279359*x12*x11 + 3.373288*x12*x12 + 4.416429*x12*x13 + 5.314645*x12*x14 + 1.651482*x12*x15 + 3.433208*x12*x16 + 5.378025*x12*x17 + 8.981715*x12*x18 + 1.910287*x12*x19 + 5.446240*x12*x20 + 8.664486*x12*x21 + 5.365395*x12*x22 + 5.814789*x12*x23 + 4.659140*x12*x24 + 0.730339*x12*x25 + 4.727342*x12*x26 + 5.758614*x12*x27 + 6.911502*x12*x28 + 1.892245*x12*x29 + 8.697780*x12*x30 + 3.113637*x13*x1 + 8.307017*x13*x2 + 7.926840*x13*x3 + 8.823589*x13*x4 + 7.932068*x13*x5 + 5.745146*x13*x6 + 8.256785*x13*x7 + 6.526852*x13*x8 + 7.631787*x13*x9 + 8.715753*x13*x10 + 6.107039*x13*x11 + 4.416429*x13*x12 + 1.953038*x13*x13 + 2.499759*x13*x14 + 7.214879*x13*x15 + 4.610046*x13*x16 + 9.281514*x13*x17 + 8.292662*x13*x18 + 4.400939*x13*x19 + 5.722692*x13*x20 + 4.893255*x13*x21 + 4.969403*x13*x22 + 7.985994*x13*x23 + 3.212822*x13*x24 + 9.149265*x13*x25 + 4.596236*x13*x26 + 5.203216*x13*x27 + 6.227130*x13*x28 + 6.401282*x13*x29 + 9.255755*x13*x30 + 3.161732*x14*x1 + 5.562623*x14*x2 + 3.296584*x14*x3 + 4.829324*x14*x4 + 5.081323*x14*x5 + 5.212459*x14*x6 + 4.239722*x14*x7 + 6.969829*x14*x8 + 7.070868*x14*x9 + 4.742794*x14*x10 + 3.605903*x14*x11 + 5.314645*x14*x12 + 2.499759*x14*x13 + 2.426240*x14*x14 + 8.438912*x14*x15 + 7.781524*x14*x16 + 6.440905*x14*x17 + 4.127204*x14*x18 + 6.127642*x14*x19 + 5.023590*x14*x20 + 3.208070*x14*x21 + 7.458800*x14*x22 + 3.382192*x14*x23 + 8.420114*x14*x24 + 6.119605*x14*x25 + 2.323876*x14*x26 + 0.970798*x14*x27 + 4.551950*x14*x28 + 5.033345*x14*x29 + 4.824357*x14*x30 + 7.530265*x15*x1 + 3.315440*x15*x2 + 6.887990*x15*x3 + 2.298123*x15*x4 + 5.464591*x15*x5 + 8.136656*x15*x6 + 2.233997*x15*x7 + 5.499434*x15*x8 + 9.476404*x15*x9 + 7.055613*x15*x10 + 5.730786*x15*x11 + 1.651482*x15*x12 + 7.214879*x15*x13 + 8.438912*x15*x14 + 2.702609*x15*x15 + 6.112005*x15*x16 + 7.828110*x15*x17 + 6.738483*x15*x18 + 7.114185*x15*x19 + 5.947466*x15*x20 + 3.935475*x15*x21 + 4.957640*x15*x22 + 5.727997*x15*x23 + 7.252169*x15*x24 + 3.467187*x15*x25 + 5.864327*x15*x26 + 3.889771*x15*x27 + 4.805966*x15*x28 + 8.615243*x15*x29 + 6.884990*x15*x30 + 6.487996*x16*x1 + 6.833248*x16*x2 + 3.726668*x16*x3 + 6.656277*x16*x4 + 4.192606*x16*x5 + 5.948904*x16*x6 + 3.884857*x16*x7 + 5.337121*x16*x8 + 4.558892*x16*x9 + 9.169923*x16*x10 + 8.134543*x16*x11 + 3.433208*x16*x12 + 4.610046*x16*x13 + 7.781524*x16*x14 + 6.112005*x16*x15 + 2.293876*x16*x16 + 7.519605*x16*x17 + 4.830117*x16*x18 + 5.011793*x16*x19 + 4.843158*x16*x20 + 5.616534*x16*x21 + 5.078430*x16*x22 + 5.358691*x16*x23 + 3.132795*x16*x24 + 6.775291*x16*x25 + 3.901154*x16*x26 + 3.290592*x16*x27 + 3.402877*x16*x28 + 2.035358*x16*x29 + 2.037159*x16*x30 + 6.831918*x17*x1 + 7.596977*x17*x2 + 5.629659*x17*x3 + 5.924890*x17*x4 + 8.286740*x17*x5 + 3.578333*x17*x6 + 7.523486*x17*x7 + 2.202423*x17*x8 + 6.756240*x17*x9 + 4.722254*x17*x10 + 3.545572*x17*x11 + 5.378025*x17*x12 + 9.281514*x17*x13 + 6.440905*x17*x14 + 7.828110*x17*x15 + 7.519605*x17*x16 + 3.942056*x17*x17 + 2.732011*x17*x18 + 6.685504*x17*x19 + 6.624628*x17*x20 + 7.821054*x17*x21 + 4.225704*x17*x22 + 4.270657*x17*x23 + 4.841362*x17*x24 + 3.382404*x17*x25 + 5.310781*x17*x26 + 7.628910*x17*x27 + 1.300696*x17*x28 + 5.944579*x17*x29 + 5.105527*x17*x30 + 8.410918*x18*x1 + 4.721201*x18*x2 + 6.061481*x18*x3 + 5.550575*x18*x4 + 7.049518*x18*x5 + 3.547800*x18*x6 + 6.358468*x18*x7 + 2.016759*x18*x8 + 1.876572*x18*x9 + 7.730251*x18*x10 + 5.013954*x18*x11 + 8.981715*x18*x12 + 8.292662*x18*x13 + 4.127204*x18*x14 + 6.738483*x18*x15 + 4.830117*x18*x16 + 2.732011*x18*x17 + 2.825765*x18*x18 + 3.712036*x18*x19 + 1.542747*x18*x20 + 7.237882*x18*x21 + 4.274187*x18*x22 + 7.732498*x18*x23 + 6.289089*x18*x24 + 1.739271*x18*x25 + 0.318707*x18*x26 + 2.782769*x18*x27 + 4.453623*x18*x28 + 5.272887*x18*x29 + 4.375484*x18*x30 + 2.993824*x19*x1 + 4.452420*x19*x2 + 6.851254*x19*x3 + 4.680781*x19*x4 + 7.826594*x19*x5 + 6.220242*x19*x6 + 6.183874*x19*x7 + 5.113971*x19*x8 + 6.568422*x19*x9 + 3.941746*x19*x10 + 2.758601*x19*x11 + 1.910287*x19*x12 + 4.400939*x19*x13 + 6.127642*x19*x14 + 7.114185*x19*x15 + 5.011793*x19*x16 + 6.685504*x19*x17 + 3.712036*x19*x18 + 4.234692*x19*x19 + 1.455779*x19*x20 + 7.967308*x19*x21 + 2.313725*x19*x22 + 8.564291*x19*x23 + 4.217152*x19*x24 + 7.972696*x19*x25 + 6.949177*x19*x26 + 6.869208*x19*x27 + 7.065174*x19*x28 + 6.282955*x19*x29 + 6.951733*x19*x30 + 3.817671*x20*x1 + 1.035556*x20*x2 + 5.499105*x20*x3 + 6.199913*x20*x4 + 0.801403*x20*x5 + 5.912472*x20*x6 + 8.496071*x20*x7 + 3.628941*x20*x8 + 3.190386*x20*x9 + 1.911322*x20*x10 + 5.300288*x20*x11 + 5.446240*x20*x12 + 5.722692*x20*x13 + 5.023590*x20*x14 + 5.947466*x20*x15 + 4.843158*x20*x16 + 6.624628*x20*x17 + 1.542747*x20*x18 + 1.455779*x20*x19 + 2.122108*x20*x20 + 3.892769*x20*x21 + 3.619779*x20*x22 + 5.181595*x20*x23 + 9.305612*x20*x24 + 7.722206*x20*x25 + 2.386243*x20*x26 + 8.322160*x20*x27 + 4.181441*x20*x28 + 6.579124*x20*x29 + 5.072691*x20*x30 + 5.932004*x21*x1 + 1.381272*x21*x2 + 3.258454*x21*x3 + 5.911826*x21*x4 + 7.368925*x21*x5 + 4.120189*x21*x6 + 8.950826*x21*x7 + 3.055569*x21*x8 + 6.799747*x21*x9 + 7.427887*x21*x10 + 6.503289*x21*x11 + 8.664486*x21*x12 + 4.893255*x21*x13 + 3.208070*x21*x14 + 3.935475*x21*x15 + 5.616534*x21*x16 + 7.821054*x21*x17 + 7.237882*x21*x18 + 7.967308*x21*x19 + 3.892769*x21*x20 + 3.698463*x21*x21 + 6.971160*x21*x22 + 7.388189*x21*x23 + 5.271661*x21*x24 + 2.655058*x21*x25 + 2.835413*x21*x26 + 5.056901*x21*x27 + 5.125286*x21*x28 + 4.886612*x21*x29 + 5.802209*x21*x30 + 3.749850*x22*x1 + 4.721367*x22*x2 + 3.076917*x22*x3 + 3.756495*x22*x4 + 1.381695*x22*x5 + 2.561105*x22*x6 + 4.687667*x22*x7 + 2.838042*x22*x8 + 5.932194*x22*x9 + 5.110449*x22*x10 + 3.807628*x22*x11 + 5.365395*x22*x12 + 4.969403*x22*x13 + 7.458800*x22*x14 + 4.957640*x22*x15 + 5.078430*x22*x16 + 4.225704*x22*x17 + 4.274187*x22*x18 + 2.313725*x22*x19 + 3.619779*x22*x20 + 6.971160*x22*x21 + 2.786661*x22*x22 + 5.210805*x22*x23 + 6.161041*x22*x24 + 6.944094*x22*x25 + 4.309842*x22*x26 + 6.467219*x22*x27 + 5.707585*x22*x28 + 7.978584*x22*x29 + 4.203210*x22*x30 + 7.577740*x23*x1 + 7.396378*x23*x2 + 0.433414*x23*x3 + 8.252333*x23*x4 + 7.570435*x23*x5 + 3.188302*x23*x6 + 4.846048*x23*x7 + 7.339096*x23*x8 + 4.526682*x23*x9 + 5.680312*x23*x10 + 2.302476*x23*x11 + 5.814789*x23*x12 + 7.985994*x23*x13 + 3.382192*x23*x14 + 5.727997*x23*x15 + 5.358691*x23*x16 + 4.270657*x23*x17 + 7.732498*x23*x18 + 8.564291*x23*x19 + 5.181595*x23*x20 + 7.388189*x23*x21 + 5.210805*x23*x22 + 3.813777*x23*x23 + 2.663361*x23*x24 + 3.996022*x23*x25 + 1.818973*x23*x26 + 4.792329*x23*x27 + 1.059240*x23*x28 + 2.986715*x23*x29 + 2.362288*x23*x30 + 5.035539*x24*x1 + 2.079358*x24*x2 + 3.918621*x24*x3 + 6.003264*x24*x4 + 6.907467*x24*x5 + 7.504033*x24*x6 + 4.484898*x24*x7 + 4.970502*x24*x8 + 1.764820*x24*x9 + 2.184546*x24*x10 + 1.775931*x24*x11 + 4.659140*x24*x12 + 3.212822*x24*x13 + 8.420114*x24*x14 + 7.252169*x24*x15 + 3.132795*x24*x16 + 4.841362*x24*x17 + 6.289089*x24*x18 + 4.217152*x24*x19 + 9.305612*x24*x20 + 5.271661*x24*x21 + 6.161041*x24*x22 + 2.663361*x24*x23 + 2.976214*x24*x24 + 1.378650*x24*x25 + 3.280606*x24*x26 + 2.190744*x24*x27 + 0.825545*x24*x28 + 5.725848*x24*x29 + 3.073249*x24*x30 + 6.807987*x25*x1 + 7.143100*x25*x2 + 8.373562*x25*x3 + 6.914875*x25*x4 + 9.221710*x25*x5 + 5.783264*x25*x6 + 8.678615*x25*x7 + 6.844345*x25*x8 + 4.663880*x25*x9 + 6.940840*x25*x10 + 8.250010*x25*x11 + 0.730339*x25*x12 + 9.149265*x25*x13 + 6.119605*x25*x14 + 3.467187*x25*x15 + 6.775291*x25*x16 + 3.382404*x25*x17 + 1.739271*x25*x18 + 7.972696*x25*x19 + 7.722206*x25*x20 + 2.655058*x25*x21 + 6.944094*x25*x22 + 3.996022*x25*x23 + 1.378650*x25*x24 + 3.433681*x25*x25 + 2.800217*x25*x26 + 6.158980*x25*x27 + 4.184959*x25*x28 + 7.099559*x25*x29 + 6.898994*x25*x30 + 5.719543*x26*x1 + 5.463730*x26*x2 + 6.868761*x26*x3 + 8.323696*x26*x4 + 8.701303*x26*x5 + 5.792554*x26*x6 + 2.761164*x26*x7 + 5.240127*x26*x8 + 4.023043*x26*x9 + 3.152143*x26*x10 + 3.520322*x26*x11 + 4.727342*x26*x12 + 4.596236*x26*x13 + 2.323876*x26*x14 + 5.864327*x26*x15 + 3.901154*x26*x16 + 5.310781*x26*x17 + 0.318707*x26*x18 + 6.949177*x26*x19 + 2.386243*x26*x20 + 2.835413*x26*x21 + 4.309842*x26*x22 + 1.818973*x26*x23 + 3.280606*x26*x24 + 2.800217*x26*x25 + 0.743947*x26*x26 + 2.661377*x26*x27 + 4.732491*x26*x28 + 4.055103*x26*x29 + 3.204789*x26*x30 + 5.884878*x27*x1 + 5.436376*x27*x2 + 5.193583*x27*x3 + 5.032066*x27*x4 + 1.546495*x27*x5 + 0.344146*x27*x6 + 4.773864*x27*x7 + 4.984950*x27*x8 + 8.097051*x27*x9 + 7.197587*x27*x10 + 2.493754*x27*x11 + 5.758614*x27*x12 + 5.203216*x27*x13 + 0.970798*x27*x14 + 3.889771*x27*x15 + 3.290592*x27*x16 + 7.628910*x27*x17 + 2.782769*x27*x18 + 6.869208*x27*x19 + 8.322160*x27*x20 + 5.056901*x27*x21 + 6.467219*x27*x22 + 4.792329*x27*x23 + 2.190744*x27*x24 + 6.158980*x27*x25 + 2.661377*x27*x26 + 2.204553*x27*x27 + 5.910263*x27*x28 + 6.725938*x27*x29 + 5.114844*x27*x30 + 6.294844*x28*x1 + 3.243656*x28*x2 + 7.300817*x28*x3 + 4.398883*x28*x4 + 6.749798*x28*x5 + 4.168942*x28*x6 + 7.457675*x28*x7 + 5.207850*x28*x8 + 5.732129*x28*x9 + 4.289512*x28*x10 + 5.279254*x28*x11 + 6.911502*x28*x12 + 6.227130*x28*x13 + 4.551950*x28*x14 + 4.805966*x28*x15 + 3.402877*x28*x16 + 1.300696*x28*x17 + 4.453623*x28*x18 + 7.065174*x28*x19 + 4.181441*x28*x20 + 5.125286*x28*x21 + 5.707585*x28*x22 + 1.059240*x28*x23 + 0.825545*x28*x24 + 4.184959*x28*x25 + 4.732491*x28*x26 + 5.910263*x28*x27 + 1.492460*x28*x28 + 7.596637*x28*x29 + 6.644837*x28*x30 + 5.918660*x29*x1 + 5.564995*x29*x2 + 6.353072*x29*x3 + 3.308017*x29*x4 + 6.484768*x29*x5 + 4.132813*x29*x6 + 3.858630*x29*x7 + 4.796444*x29*x8 + 5.280119*x29*x9 + 1.554871*x29*x10 + 5.425855*x29*x11 + 1.892245*x29*x12 + 6.401282*x29*x13 + 5.033345*x29*x14 + 8.615243*x29*x15 + 2.035358*x29*x16 + 5.944579*x29*x17 + 5.272887*x29*x18 + 6.282955*x29*x19 + 6.579124*x29*x20 + 4.886612*x29*x21 + 7.978584*x29*x22 + 2.986715*x29*x23 + 5.725848*x29*x24 + 7.099559*x29*x25 + 4.055103*x29*x26 + 6.725938*x29*x27 + 7.596637*x29*x28 + 1.392495*x29*x29 + 8.161875*x29*x30 + 1.903714*x30*x1 + 8.611923*x30*x2 + 3.306599*x30*x3 + 4.035777*x30*x4 + 4.736366*x30*x5 + 5.268451*x30*x6 + 7.785828*x30*x7 + 5.538503*x30*x8 + 8.047964*x30*x9 + 5.250112*x30*x10 + 3.840980*x30*x11 + 8.697780*x30*x12 + 9.255755*x30*x13 + 4.824357*x30*x14 + 6.884990*x30*x15 + 2.037159*x30*x16 + 5.105527*x30*x17 + 4.375484*x30*x18 + 6.951733*x30*x19 + 5.072691*x30*x20 + 5.802209*x30*x21 + 4.203210*x30*x22 + 2.362288*x30*x23 + 3.073249*x30*x24 + 6.898994*x30*x25 + 3.204789*x30*x26 + 5.114844*x30*x27 + 6.644837*x30*x28 + 8.161875*x30*x29 + 1.671621*x30*x30 ;
