OPTIONS {
 MaxTime: 10000;
 EpsR: 0.000001;
 }
 
VARIABLES	x1,x2,x3,x4,x5,x6,x7,x8,x9,x10,x11,x12,x13,x14,x15,x16,x17,x18,x19,x20,x21,x22,x23,x24,x25,x26,x27,x28,x29,x30;
LOWER_BOUNDS {
x1: 0.000000;
x2: 0.000000;
x3: 0.000000;
x4: 0.000000;
x5: 0.000000;
x6: 0.000000;
x7: 0.000000;
x8: 0.000000;
x9: 0.000000;
x10: 0.000000;
x11: 0.000000;
x12: 0.000000;
x13: 0.000000;
x14: 0.000000;
x15: 0.000000;
x16: 0.000000;
x17: 0.000000;
x18: 0.000000;
x19: 0.000000;
x20: 0.000000;
x21: 0.000000;
x22: 0.000000;
x23: 0.000000;
x24: 0.000000;
x25: 0.000000;
x26: 0.000000;
x27: 0.000000;
x28: 0.000000;
x29: 0.000000;
x30: 0.000000;
}

UPPER_BOUNDS {
x1: 1.000000;
x2: 1.000000;
x3: 1.000000;
x4: 1.000000;
x5: 1.000000;
x6: 1.000000;
x7: 1.000000;
x8: 1.000000;
x9: 1.000000;
x10: 1.000000;
x11: 1.000000;
x12: 1.000000;
x13: 1.000000;
x14: 1.000000;
x15: 1.000000;
x16: 1.000000;
x17: 1.000000;
x18: 1.000000;
x19: 1.000000;
x20: 1.000000;
x21: 1.000000;
x22: 1.000000;
x23: 1.000000;
x24: 1.000000;
x25: 1.000000;
x26: 1.000000;
x27: 1.000000;
x28: 1.000000;
x29: 1.000000;
x30: 1.000000;
}

EQUATIONS e1;

e1:  1.000000*x1  + 1.000000*x2  + 1.000000*x3  + 1.000000*x4  + 1.000000*x5  + 1.000000*x6  + 1.000000*x7  + 1.000000*x8  + 1.000000*x9  + 1.000000*x10  + 1.000000*x11  + 1.000000*x12  + 1.000000*x13  + 1.000000*x14  + 1.000000*x15  + 1.000000*x16  + 1.000000*x17  + 1.000000*x18  + 1.000000*x19  + 1.000000*x20  + 1.000000*x21  + 1.000000*x22  + 1.000000*x23  + 1.000000*x24  + 1.000000*x25  + 1.000000*x26  + 1.000000*x27  + 1.000000*x28  + 1.000000*x29  + 1.000000*x30  == 1.000000;

OBJ: minimize	 1.436010*x1*x1 + 6.327050*x1*x2 + 7.685120*x1*x3 + 4.803525*x1*x4 + 8.878500*x1*x5 + 5.553111*x1*x6 + 5.202492*x1*x7 + 6.041281*x1*x8 + 2.485924*x1*x9 + 7.284274*x1*x10 + 1.572195*x1*x11 + 6.292168*x1*x12 + 3.257949*x1*x13 + 7.870021*x1*x14 + 7.159123*x1*x15 + 4.007512*x1*x16 + 2.764230*x1*x17 + 4.015103*x1*x18 + 5.779635*x1*x19 + 6.731401*x1*x20 + 2.011533*x1*x21 + 6.296984*x1*x22 + 5.902665*x1*x23 + 5.923665*x1*x24 + 8.075499*x1*x25 + 5.786156*x1*x26 + 9.043014*x1*x27 + 8.982701*x1*x28 + 5.703256*x1*x29 + 5.376886*x1*x30 + 6.327050*x2*x1 + 3.344200*x2*x2 + 6.901746*x2*x3 + 3.918631*x2*x4 + 1.973469*x2*x5 + 7.531622*x2*x6 + 4.578413*x2*x7 + 1.786917*x2*x8 + 7.724841*x2*x9 + 4.742173*x2*x10 + 9.573146*x2*x11 + 9.644032*x2*x12 + 4.730209*x2*x13 + 5.695958*x2*x14 + 4.704993*x2*x15 + 8.133594*x2*x16 + 5.916922*x2*x17 + 4.797585*x2*x18 + 6.181099*x2*x19 + 6.311364*x2*x20 + 4.293376*x2*x21 + 5.340521*x2*x22 + 1.004590*x2*x23 + 4.550663*x2*x24 + 6.345184*x2*x25 + 7.687167*x2*x26 + 2.077496*x2*x27 + 1.279718*x2*x28 + 5.482882*x2*x29 + 7.729925*x2*x30 + 7.685120*x3*x1 + 6.901746*x3*x2 + 3.256535*x3*x3 + 6.290103*x3*x4 + 5.163642*x3*x5 + 6.523865*x3*x6 + 5.761510*x3*x7 + 3.343073*x3*x8 + 2.631906*x3*x9 + 5.635986*x3*x10 + 3.461867*x3*x11 + 5.947225*x3*x12 + 5.071103*x3*x13 + 2.886527*x3*x14 + 1.656204*x3*x15 + 8.607888*x3*x16 + 4.998048*x3*x17 + 3.656841*x3*x18 + 2.845373*x3*x19 + 3.213053*x3*x20 + 6.714553*x3*x21 + 5.135641*x3*x22 + 5.793370*x3*x23 + 8.403975*x3*x24 + 3.519864*x3*x25 + 5.453219*x3*x26 + 2.533626*x3*x27 + 7.898955*x3*x28 + 1.762637*x3*x29 + 5.885177*x3*x30 + 4.803525*x4*x1 + 3.918631*x4*x2 + 6.290103*x4*x3 + 3.359289*x4*x4 + 5.610389*x4*x5 + 1.669685*x4*x6 + 6.000263*x4*x7 + 6.410032*x4*x8 + 5.255673*x4*x9 + 4.671339*x4*x10 + 7.900085*x4*x11 + 4.668638*x4*x12 + 4.670317*x4*x13 + 5.260717*x4*x14 + 4.535595*x4*x15 + 1.236132*x4*x16 + 7.068714*x4*x17 + 6.677088*x4*x18 + 4.094389*x4*x19 + 4.212812*x4*x20 + 2.260674*x4*x21 + 3.518167*x4*x22 + 4.689472*x4*x23 + 2.876745*x4*x24 + 6.741170*x4*x25 + 4.102287*x4*x26 + 0.928532*x4*x27 + 3.166818*x4*x28 + 7.465028*x4*x29 + 4.299774*x4*x30 + 8.878500*x5*x1 + 1.973469*x5*x2 + 5.163642*x5*x3 + 5.610389*x5*x4 + 2.347047*x5*x5 + 6.179101*x5*x6 + 4.021594*x5*x7 + 9.164975*x5*x8 + 5.310482*x5*x9 + 4.163860*x5*x10 + 5.673512*x5*x11 + 3.288212*x5*x12 + 4.427500*x5*x13 + 5.866595*x5*x14 + 0.933175*x5*x15 + 5.709146*x5*x16 + 4.695296*x5*x17 + 5.297931*x5*x18 + 5.001770*x5*x19 + 5.516608*x5*x20 + 2.360564*x5*x21 + 5.423374*x5*x22 + 3.998558*x5*x23 + 6.284281*x5*x24 + 4.055116*x5*x25 + 6.402701*x5*x26 + 5.720794*x5*x27 + 1.754695*x5*x28 + 2.779768*x5*x29 + 3.027957*x5*x30 + 5.553111*x6*x1 + 7.531622*x6*x2 + 6.523865*x6*x3 + 1.669685*x6*x4 + 6.179101*x6*x5 + 2.138718*x6*x6 + 5.266657*x6*x7 + 4.987460*x6*x8 + 5.632126*x6*x9 + 4.324420*x6*x10 + 4.848815*x6*x11 + 7.213836*x6*x12 + 1.861717*x6*x13 + 1.835880*x6*x14 + 3.949423*x6*x15 + 2.666608*x6*x16 + 7.275646*x6*x17 + 7.577752*x6*x18 + 6.343888*x6*x19 + 6.818437*x6*x20 + 7.798876*x6*x21 + 4.318300*x6*x22 + 4.030150*x6*x23 + 7.082540*x6*x24 + 4.834954*x6*x25 + 8.782741*x6*x26 + 0.271185*x6*x27 + 5.238115*x6*x28 + 5.365846*x6*x29 + 7.499302*x6*x30 + 5.202492*x7*x1 + 4.578413*x7*x2 + 5.761510*x7*x3 + 6.000263*x7*x4 + 4.021594*x7*x5 + 5.266657*x7*x6 + 1.681791*x7*x7 + 6.415317*x7*x8 + 5.459495*x7*x9 + 5.902368*x7*x10 + 6.328314*x7*x11 + 5.815329*x7*x12 + 5.206496*x7*x13 + 5.744053*x7*x14 + 4.556575*x7*x15 + 2.325817*x7*x16 + 6.482566*x7*x17 + 3.189978*x7*x18 + 5.427479*x7*x19 + 0.957182*x7*x20 + 1.271604*x7*x21 + 7.480082*x7*x22 + 2.037977*x7*x23 + 4.608676*x7*x24 + 4.270177*x7*x25 + 1.597389*x7*x26 + 2.657218*x7*x27 + 1.504588*x7*x28 + 4.095627*x7*x29 + 4.321476*x7*x30 + 6.041281*x8*x1 + 1.786917*x8*x2 + 3.343073*x8*x3 + 6.410032*x8*x4 + 9.164975*x8*x5 + 4.987460*x8*x6 + 6.415317*x8*x7 + 2.415728*x8*x8 + 5.648338*x8*x9 + 1.696430*x8*x10 + 3.665086*x8*x11 + 1.415255*x8*x12 + 6.494547*x8*x13 + 5.548771*x8*x14 + 8.308606*x8*x15 + 4.555448*x8*x16 + 3.848554*x8*x17 + 4.479485*x8*x18 + 7.538838*x8*x19 + 5.313094*x8*x20 + 4.220422*x8*x21 + 7.589868*x8*x22 + 6.103291*x8*x23 + 1.925500*x8*x24 + 5.741338*x8*x25 + 3.372529*x8*x26 + 3.404942*x8*x27 + 5.123837*x8*x28 + 4.657492*x8*x29 + 3.721597*x8*x30 + 2.485924*x9*x1 + 7.724841*x9*x2 + 2.631906*x9*x3 + 5.255673*x9*x4 + 5.310482*x9*x5 + 5.632126*x9*x6 + 5.459495*x9*x7 + 5.648338*x9*x8 + 1.922807*x9*x9 + 5.353100*x9*x10 + 3.264850*x9*x11 + 3.312355*x9*x12 + 3.626813*x9*x13 + 7.146940*x9*x14 + 4.359351*x9*x15 + 5.376141*x9*x16 + 5.399671*x9*x17 + 4.118069*x9*x18 + 4.068645*x9*x19 + 6.585375*x9*x20 + 6.985290*x9*x21 + 1.936357*x9*x22 + 3.446066*x9*x23 + 7.814561*x9*x24 + 6.949677*x9*x25 + 5.878673*x9*x26 + 5.241140*x9*x27 + 4.790593*x9*x28 + 6.035762*x9*x29 + 5.999248*x9*x30 + 7.284274*x10*x1 + 4.742173*x10*x2 + 5.635986*x10*x3 + 4.671339*x10*x4 + 4.163860*x10*x5 + 4.324420*x10*x6 + 5.902368*x10*x7 + 1.696430*x10*x8 + 5.353100*x10*x9 + 1.935817*x10*x10 + 5.562417*x10*x11 + 3.354258*x10*x12 + 9.417957*x10*x13 + 5.640099*x10*x14 + 6.798695*x10*x15 + 2.657687*x10*x16 + 4.386465*x10*x17 + 5.605085*x10*x18 + 7.204124*x10*x19 + 3.726131*x10*x20 + 3.634627*x10*x21 + 4.304159*x10*x22 + 5.225677*x10*x23 + 1.355027*x10*x24 + 5.648085*x10*x25 + 4.421368*x10*x26 + 4.714689*x10*x27 + 1.693388*x10*x28 + 7.358761*x10*x29 + 0.334366*x10*x30 + 1.572195*x11*x1 + 9.573146*x11*x2 + 3.461867*x11*x3 + 7.900085*x11*x4 + 5.673512*x11*x5 + 4.848815*x11*x6 + 6.328314*x11*x7 + 3.665086*x11*x8 + 3.264850*x11*x9 + 5.562417*x11*x10 + 4.668965*x11*x11 + 2.666663*x11*x12 + 6.689543*x11*x13 + 5.191236*x11*x14 + 5.100436*x11*x15 + 4.160597*x11*x16 + 6.793560*x11*x17 + 5.188531*x11*x18 + 6.585964*x11*x19 + 7.107813*x11*x20 + 9.236530*x11*x21 + 6.571581*x11*x22 + 7.769183*x11*x23 + 4.465547*x11*x24 + 5.142594*x11*x25 + 5.260668*x11*x26 + 4.681962*x11*x27 + 8.534052*x11*x28 + 8.937360*x11*x29 + 5.841100*x11*x30 + 6.292168*x12*x1 + 9.644032*x12*x2 + 5.947225*x12*x3 + 4.668638*x12*x4 + 3.288212*x12*x5 + 7.213836*x12*x6 + 5.815329*x12*x7 + 1.415255*x12*x8 + 3.312355*x12*x9 + 3.354258*x12*x10 + 2.666663*x12*x11 + 3.537311*x12*x12 + 6.351723*x12*x13 + 6.178771*x12*x14 + 5.191665*x12*x15 + 4.989685*x12*x16 + 2.703303*x12*x17 + 2.140488*x12*x18 + 5.073707*x12*x19 + 3.072001*x12*x20 + 6.766247*x12*x21 + 7.372602*x12*x22 + 5.258635*x12*x23 + 4.558828*x12*x24 + 6.875660*x12*x25 + 4.519202*x12*x26 + 4.819129*x12*x27 + 4.455511*x12*x28 + 2.078678*x12*x29 + 4.812224*x12*x30 + 3.257949*x13*x1 + 4.730209*x13*x2 + 5.071103*x13*x3 + 4.670317*x13*x4 + 4.427500*x13*x5 + 1.861717*x13*x6 + 5.206496*x13*x7 + 6.494547*x13*x8 + 3.626813*x13*x9 + 9.417957*x13*x10 + 6.689543*x13*x11 + 6.351723*x13*x12 + 2.611110*x13*x13 + 3.245315*x13*x14 + 5.205745*x13*x15 + 2.436390*x13*x16 + 8.130204*x13*x17 + 8.896984*x13*x18 + 3.123022*x13*x19 + 4.940227*x13*x20 + 2.170470*x13*x21 + 9.958724*x13*x22 + 5.772869*x13*x23 + 2.154578*x13*x24 + 8.035055*x13*x25 + 4.026886*x13*x26 + 5.775360*x13*x27 + 9.202072*x13*x28 + 5.108991*x13*x29 + 3.818265*x13*x30 + 7.870021*x14*x1 + 5.695958*x14*x2 + 2.886527*x14*x3 + 5.260717*x14*x4 + 5.866595*x14*x5 + 1.835880*x14*x6 + 5.744053*x14*x7 + 5.548771*x14*x8 + 7.146940*x14*x9 + 5.640099*x14*x10 + 5.191236*x14*x11 + 6.178771*x14*x12 + 3.245315*x14*x13 + 3.898509*x14*x14 + 1.939823*x14*x15 + 7.244459*x14*x16 + 3.286853*x14*x17 + 6.622832*x14*x18 + 4.204567*x14*x19 + 5.633875*x14*x20 + 6.093956*x14*x21 + 5.794539*x14*x22 + 8.934487*x14*x23 + 7.664908*x14*x24 + 5.472829*x14*x25 + 2.162977*x14*x26 + 3.782656*x14*x27 + 2.481601*x14*x28 + 3.867922*x14*x29 + 4.514895*x14*x30 + 7.159123*x15*x1 + 4.704993*x15*x2 + 1.656204*x15*x3 + 4.535595*x15*x4 + 0.933175*x15*x5 + 3.949423*x15*x6 + 4.556575*x15*x7 + 8.308606*x15*x8 + 4.359351*x15*x9 + 6.798695*x15*x10 + 5.100436*x15*x11 + 5.191665*x15*x12 + 5.205745*x15*x13 + 1.939823*x15*x14 + 1.765220*x15*x15 + 1.446825*x15*x16 + 1.684246*x15*x17 + 4.236286*x15*x18 + 5.708183*x15*x19 + 8.240510*x15*x20 + 3.053298*x15*x21 + 4.961845*x15*x22 + 1.487770*x15*x23 + 5.499859*x15*x24 + 5.728185*x15*x25 + 3.969189*x15*x26 + 6.098264*x15*x27 + 5.880309*x15*x28 + 6.557892*x15*x29 + 6.481963*x15*x30 + 4.007512*x16*x1 + 8.133594*x16*x2 + 8.607888*x16*x3 + 1.236132*x16*x4 + 5.709146*x16*x5 + 2.666608*x16*x6 + 2.325817*x16*x7 + 4.555448*x16*x8 + 5.376141*x16*x9 + 2.657687*x16*x10 + 4.160597*x16*x11 + 4.989685*x16*x12 + 2.436390*x16*x13 + 7.244459*x16*x14 + 1.446825*x16*x15 + 1.828303*x16*x16 + 3.700182*x16*x17 + 1.556767*x16*x18 + 2.006192*x16*x19 + 0.791130*x16*x20 + 5.839356*x16*x21 + 5.737395*x16*x22 + 5.810310*x16*x23 + 7.833570*x16*x24 + 7.592025*x16*x25 + 2.903233*x16*x26 + 2.550540*x16*x27 + 7.092993*x16*x28 + 6.753691*x16*x29 + 4.597395*x16*x30 + 2.764230*x17*x1 + 5.916922*x17*x2 + 4.998048*x17*x3 + 7.068714*x17*x4 + 4.695296*x17*x5 + 7.275646*x17*x6 + 6.482566*x17*x7 + 3.848554*x17*x8 + 5.399671*x17*x9 + 4.386465*x17*x10 + 6.793560*x17*x11 + 2.703303*x17*x12 + 8.130204*x17*x13 + 3.286853*x17*x14 + 1.684246*x17*x15 + 3.700182*x17*x16 + 1.811444*x17*x17 + 4.914338*x17*x18 + 4.273506*x17*x19 + 3.699720*x17*x20 + 4.968534*x17*x21 + 8.539595*x17*x22 + 5.653775*x17*x23 + 6.257172*x17*x24 + 1.882292*x17*x25 + 7.011870*x17*x26 + 3.960232*x17*x27 + 4.970750*x17*x28 + 5.371848*x17*x29 + 6.122578*x17*x30 + 4.015103*x18*x1 + 4.797585*x18*x2 + 3.656841*x18*x3 + 6.677088*x18*x4 + 5.297931*x18*x5 + 7.577752*x18*x6 + 3.189978*x18*x7 + 4.479485*x18*x8 + 4.118069*x18*x9 + 5.605085*x18*x10 + 5.188531*x18*x11 + 2.140488*x18*x12 + 8.896984*x18*x13 + 6.622832*x18*x14 + 4.236286*x18*x15 + 1.556767*x18*x16 + 4.914338*x18*x17 + 2.911009*x18*x18 + 3.583483*x18*x19 + 2.907171*x18*x20 + 3.409719*x18*x21 + 6.922716*x18*x22 + 5.107314*x18*x23 + 7.765080*x18*x24 + 7.256410*x18*x25 + 8.483005*x18*x26 + 8.333133*x18*x27 + 5.774965*x18*x28 + 3.551959*x18*x29 + 6.204242*x18*x30 + 5.779635*x19*x1 + 6.181099*x19*x2 + 2.845373*x19*x3 + 4.094389*x19*x4 + 5.001770*x19*x5 + 6.343888*x19*x6 + 5.427479*x19*x7 + 7.538838*x19*x8 + 4.068645*x19*x9 + 7.204124*x19*x10 + 6.585964*x19*x11 + 5.073707*x19*x12 + 3.123022*x19*x13 + 4.204567*x19*x14 + 5.708183*x19*x15 + 2.006192*x19*x16 + 4.273506*x19*x17 + 3.583483*x19*x18 + 3.926696*x19*x19 + 3.032383*x19*x20 + 3.398178*x19*x21 + 5.348594*x19*x22 + 8.710695*x19*x23 + 5.712015*x19*x24 + 6.747246*x19*x25 + 4.029530*x19*x26 + 2.685926*x19*x27 + 6.054032*x19*x28 + 4.574969*x19*x29 + 7.510483*x19*x30 + 6.731401*x20*x1 + 6.311364*x20*x2 + 3.213053*x20*x3 + 4.212812*x20*x4 + 5.516608*x20*x5 + 6.818437*x20*x6 + 0.957182*x20*x7 + 5.313094*x20*x8 + 6.585375*x20*x9 + 3.726131*x20*x10 + 7.107813*x20*x11 + 3.072001*x20*x12 + 4.940227*x20*x13 + 5.633875*x20*x14 + 8.240510*x20*x15 + 0.791130*x20*x16 + 3.699720*x20*x17 + 2.907171*x20*x18 + 3.032383*x20*x19 + 1.466405*x20*x20 + 1.764871*x20*x21 + 1.891226*x20*x22 + 5.721607*x20*x23 + 4.814215*x20*x24 + 2.763796*x20*x25 + 1.826993*x20*x26 + 0.748692*x20*x27 + 4.600058*x20*x28 + 3.840631*x20*x29 + 7.844029*x20*x30 + 2.011533*x21*x1 + 4.293376*x21*x2 + 6.714553*x21*x3 + 2.260674*x21*x4 + 2.360564*x21*x5 + 7.798876*x21*x6 + 1.271604*x21*x7 + 4.220422*x21*x8 + 6.985290*x21*x9 + 3.634627*x21*x10 + 9.236530*x21*x11 + 6.766247*x21*x12 + 2.170470*x21*x13 + 6.093956*x21*x14 + 3.053298*x21*x15 + 5.839356*x21*x16 + 4.968534*x21*x17 + 3.409719*x21*x18 + 3.398178*x21*x19 + 1.764871*x21*x20 + 2.022118*x21*x21 + 2.609640*x21*x22 + 7.937634*x21*x23 + 4.961483*x21*x24 + 6.057560*x21*x25 + 3.578173*x21*x26 + 9.578963*x21*x27 + 2.902452*x21*x28 + 7.852515*x21*x29 + 6.918985*x21*x30 + 6.296984*x22*x1 + 5.340521*x22*x2 + 5.135641*x22*x3 + 3.518167*x22*x4 + 5.423374*x22*x5 + 4.318300*x22*x6 + 7.480082*x22*x7 + 7.589868*x22*x8 + 1.936357*x22*x9 + 4.304159*x22*x10 + 6.571581*x22*x11 + 7.372602*x22*x12 + 9.958724*x22*x13 + 5.794539*x22*x14 + 4.961845*x22*x15 + 5.737395*x22*x16 + 8.539595*x22*x17 + 6.922716*x22*x18 + 5.348594*x22*x19 + 1.891226*x22*x20 + 2.609640*x22*x21 + 3.564569*x22*x22 + 5.075246*x22*x23 + 4.166559*x22*x24 + 3.733234*x22*x25 + 6.070719*x22*x26 + 6.566077*x22*x27 + 4.773983*x22*x28 + 7.049253*x22*x29 + 5.211669*x22*x30 + 5.902665*x23*x1 + 1.004590*x23*x2 + 5.793370*x23*x3 + 4.689472*x23*x4 + 3.998558*x23*x5 + 4.030150*x23*x6 + 2.037977*x23*x7 + 6.103291*x23*x8 + 3.446066*x23*x9 + 5.225677*x23*x10 + 7.769183*x23*x11 + 5.258635*x23*x12 + 5.772869*x23*x13 + 8.934487*x23*x14 + 1.487770*x23*x15 + 5.810310*x23*x16 + 5.653775*x23*x17 + 5.107314*x23*x18 + 8.710695*x23*x19 + 5.721607*x23*x20 + 7.937634*x23*x21 + 5.075246*x23*x22 + 3.794372*x23*x23 + 3.234044*x23*x24 + 6.902892*x23*x25 + 8.025351*x23*x26 + 4.462467*x23*x27 + 3.523325*x23*x28 + 7.553791*x23*x29 + 7.388327*x23*x30 + 5.923665*x24*x1 + 4.550663*x24*x2 + 8.403975*x24*x3 + 2.876745*x24*x4 + 6.284281*x24*x5 + 7.082540*x24*x6 + 4.608676*x24*x7 + 1.925500*x24*x8 + 7.814561*x24*x9 + 1.355027*x24*x10 + 4.465547*x24*x11 + 4.558828*x24*x12 + 2.154578*x24*x13 + 7.664908*x24*x14 + 5.499859*x24*x15 + 7.833570*x24*x16 + 6.257172*x24*x17 + 7.765080*x24*x18 + 5.712015*x24*x19 + 4.814215*x24*x20 + 4.961483*x24*x21 + 4.166559*x24*x22 + 3.234044*x24*x23 + 2.530633*x24*x24 + 8.829016*x24*x25 + 2.388338*x24*x26 + 3.832162*x24*x27 + 4.814425*x24*x28 + 1.650257*x24*x29 + 3.392458*x24*x30 + 8.075499*x25*x1 + 6.345184*x25*x2 + 3.519864*x25*x3 + 6.741170*x25*x4 + 4.055116*x25*x5 + 4.834954*x25*x6 + 4.270177*x25*x7 + 5.741338*x25*x8 + 6.949677*x25*x9 + 5.648085*x25*x10 + 5.142594*x25*x11 + 6.875660*x25*x12 + 8.035055*x25*x13 + 5.472829*x25*x14 + 5.728185*x25*x15 + 7.592025*x25*x16 + 1.882292*x25*x17 + 7.256410*x25*x18 + 6.747246*x25*x19 + 2.763796*x25*x20 + 6.057560*x25*x21 + 3.733234*x25*x22 + 6.902892*x25*x23 + 8.829016*x25*x24 + 3.054440*x25*x25 + 4.742368*x25*x26 + 7.329263*x25*x27 + 3.802040*x25*x28 + 2.164878*x25*x29 + 3.532687*x25*x30 + 5.786156*x26*x1 + 7.687167*x26*x2 + 5.453219*x26*x3 + 4.102287*x26*x4 + 6.402701*x26*x5 + 8.782741*x26*x6 + 1.597389*x26*x7 + 3.372529*x26*x8 + 5.878673*x26*x9 + 4.421368*x26*x10 + 5.260668*x26*x11 + 4.519202*x26*x12 + 4.026886*x26*x13 + 2.162977*x26*x14 + 3.969189*x26*x15 + 2.903233*x26*x16 + 7.011870*x26*x17 + 8.483005*x26*x18 + 4.029530*x26*x19 + 1.826993*x26*x20 + 3.578173*x26*x21 + 6.070719*x26*x22 + 8.025351*x26*x23 + 2.388338*x26*x24 + 4.742368*x26*x25 + 3.513903*x26*x26 + 5.807152*x26*x27 + 6.185025*x26*x28 + 6.131907*x26*x29 + 8.499097*x26*x30 + 9.043014*x27*x1 + 2.077496*x27*x2 + 2.533626*x27*x3 + 0.928532*x27*x4 + 5.720794*x27*x5 + 0.271185*x27*x6 + 2.657218*x27*x7 + 3.404942*x27*x8 + 5.241140*x27*x9 + 4.714689*x27*x10 + 4.681962*x27*x11 + 4.819129*x27*x12 + 5.775360*x27*x13 + 3.782656*x27*x14 + 6.098264*x27*x15 + 2.550540*x27*x16 + 3.960232*x27*x17 + 8.333133*x27*x18 + 2.685926*x27*x19 + 0.748692*x27*x20 + 9.578963*x27*x21 + 6.566077*x27*x22 + 4.462467*x27*x23 + 3.832162*x27*x24 + 7.329263*x27*x25 + 5.807152*x27*x26 + 4.339505*x27*x27 + 6.531026*x27*x28 + 5.745224*x27*x29 + 7.384565*x27*x30 + 8.982701*x28*x1 + 1.279718*x28*x2 + 7.898955*x28*x3 + 3.166818*x28*x4 + 1.754695*x28*x5 + 5.238115*x28*x6 + 1.504588*x28*x7 + 5.123837*x28*x8 + 4.790593*x28*x9 + 1.693388*x28*x10 + 8.534052*x28*x11 + 4.455511*x28*x12 + 9.202072*x28*x13 + 2.481601*x28*x14 + 5.880309*x28*x15 + 7.092993*x28*x16 + 4.970750*x28*x17 + 5.774965*x28*x18 + 6.054032*x28*x19 + 4.600058*x28*x20 + 2.902452*x28*x21 + 4.773983*x28*x22 + 3.523325*x28*x23 + 4.814425*x28*x24 + 3.802040*x28*x25 + 6.185025*x28*x26 + 6.531026*x28*x27 + 2.066141*x28*x28 + 3.324375*x28*x29 + 5.589766*x28*x30 + 5.703256*x29*x1 + 5.482882*x29*x2 + 1.762637*x29*x3 + 7.465028*x29*x4 + 2.779768*x29*x5 + 5.365846*x29*x6 + 4.095627*x29*x7 + 4.657492*x29*x8 + 6.035762*x29*x9 + 7.358761*x29*x10 + 8.937360*x29*x11 + 2.078678*x29*x12 + 5.108991*x29*x13 + 3.867922*x29*x14 + 6.557892*x29*x15 + 6.753691*x29*x16 + 5.371848*x29*x17 + 3.551959*x29*x18 + 4.574969*x29*x19 + 3.840631*x29*x20 + 7.852515*x29*x21 + 7.049253*x29*x22 + 7.553791*x29*x23 + 1.650257*x29*x24 + 2.164878*x29*x25 + 6.131907*x29*x26 + 5.745224*x29*x27 + 3.324375*x29*x28 + 1.317345*x29*x29 + 6.492981*x29*x30 + 5.376886*x30*x1 + 7.729925*x30*x2 + 5.885177*x30*x3 + 4.299774*x30*x4 + 3.027957*x30*x5 + 7.499302*x30*x6 + 4.321476*x30*x7 + 3.721597*x30*x8 + 5.999248*x30*x9 + 0.334366*x30*x10 + 5.841100*x30*x11 + 4.812224*x30*x12 + 3.818265*x30*x13 + 4.514895*x30*x14 + 6.481963*x30*x15 + 4.597395*x30*x16 + 6.122578*x30*x17 + 6.204242*x30*x18 + 7.510483*x30*x19 + 7.844029*x30*x20 + 6.918985*x30*x21 + 5.211669*x30*x22 + 7.388327*x30*x23 + 3.392458*x30*x24 + 3.532687*x30*x25 + 8.499097*x30*x26 + 7.384565*x30*x27 + 5.589766*x30*x28 + 6.492981*x30*x29 + 3.837500*x30*x30 ;
