OPTIONS {
 MaxTime: 10000;
 EpsR: 0.000001;
 }
 
VARIABLES	x1,x2,x3,x4,x5,x6,x7,x8,x9,x10,x11,x12,x13,x14,x15,x16,x17,x18,x19,x20,x21,x22,x23,x24,x25,x26,x27,x28,x29,x30;
LOWER_BOUNDS {
x1: 0.000000;
x2: 0.000000;
x3: 0.000000;
x4: 0.000000;
x5: 0.000000;
x6: 0.000000;
x7: 0.000000;
x8: 0.000000;
x9: 0.000000;
x10: 0.000000;
x11: 0.000000;
x12: 0.000000;
x13: 0.000000;
x14: 0.000000;
x15: 0.000000;
x16: 0.000000;
x17: 0.000000;
x18: 0.000000;
x19: 0.000000;
x20: 0.000000;
x21: 0.000000;
x22: 0.000000;
x23: 0.000000;
x24: 0.000000;
x25: 0.000000;
x26: 0.000000;
x27: 0.000000;
x28: 0.000000;
x29: 0.000000;
x30: 0.000000;
}

UPPER_BOUNDS {
x1: 1.000000;
x2: 1.000000;
x3: 1.000000;
x4: 1.000000;
x5: 1.000000;
x6: 1.000000;
x7: 1.000000;
x8: 1.000000;
x9: 1.000000;
x10: 1.000000;
x11: 1.000000;
x12: 1.000000;
x13: 1.000000;
x14: 1.000000;
x15: 1.000000;
x16: 1.000000;
x17: 1.000000;
x18: 1.000000;
x19: 1.000000;
x20: 1.000000;
x21: 1.000000;
x22: 1.000000;
x23: 1.000000;
x24: 1.000000;
x25: 1.000000;
x26: 1.000000;
x27: 1.000000;
x28: 1.000000;
x29: 1.000000;
x30: 1.000000;
}

EQUATIONS e1;

e1:  1.000000*x1  + 1.000000*x2  + 1.000000*x3  + 1.000000*x4  + 1.000000*x5  + 1.000000*x6  + 1.000000*x7  + 1.000000*x8  + 1.000000*x9  + 1.000000*x10  + 1.000000*x11  + 1.000000*x12  + 1.000000*x13  + 1.000000*x14  + 1.000000*x15  + 1.000000*x16  + 1.000000*x17  + 1.000000*x18  + 1.000000*x19  + 1.000000*x20  + 1.000000*x21  + 1.000000*x22  + 1.000000*x23  + 1.000000*x24  + 1.000000*x25  + 1.000000*x26  + 1.000000*x27  + 1.000000*x28  + 1.000000*x29  + 1.000000*x30  == 1.000000;

OBJ: minimize	 - 2.216298*x1*x1 + 3.504354*x1*x2  - 6.819596*x1*x3 + 3.285503*x1*x4  - 7.066188*x1*x5  - 2.183474*x1*x6  - 2.864503*x1*x7  - 3.217486*x1*x8  - 3.575956*x1*x9  - 2.606096*x1*x10  - 3.678372*x1*x11 + 6.786224*x1*x12 + 2.639691*x1*x13  - 2.723480*x1*x14 + 0.426290*x1*x15 + 1.692434*x1*x16 + 1.984878*x1*x17 + 0.017114*x1*x18 + 5.278962*x1*x19 + 3.293733*x1*x20  - 4.004657*x1*x21 + 4.286190*x1*x22 + 6.581225*x1*x23 + 2.833442*x1*x24  - 1.300519*x1*x25  - 0.501421*x1*x26 + 5.091890*x1*x27  - 5.818082*x1*x28 + 0.271881*x1*x29  - 2.301190*x1*x30 + 3.504354*x2*x1  - 2.121740*x2*x2  - 4.261150*x2*x3  - 1.334567*x2*x4 + 5.145882*x2*x5 + 7.186435*x2*x6 + 2.061619*x2*x7 + 1.395129*x2*x8  - 7.703310*x2*x9  - 1.604832*x2*x10 + 3.986107*x2*x11 + 3.050703*x2*x12  - 5.021958*x2*x13  - 3.688272*x2*x14  - 5.952977*x2*x15 + 4.301185*x2*x16  - 2.290986*x2*x17  - 2.681714*x2*x18 + 7.014216*x2*x19 + 6.798915*x2*x20 + 8.094260*x2*x21  - 4.975489*x2*x22 + 4.236567*x2*x23 + 2.536226*x2*x24 + 7.029893*x2*x25  - 1.474424*x2*x26 + 3.997432*x2*x27 + 2.954652*x2*x28 + 4.391550*x2*x29  - 1.435471*x2*x30  - 6.819596*x3*x1  - 4.261150*x3*x2  - 0.309809*x3*x3 + 2.855485*x3*x4  - 9.627493*x3*x5 + 4.668391*x3*x6 + 6.647180*x3*x7 + 8.182324*x3*x8 + 5.752635*x3*x9  - 3.639824*x3*x10 + 4.373308*x3*x11 + 2.376504*x3*x12 + 2.029248*x3*x13 + 1.509382*x3*x14 + 5.681360*x3*x15  - 0.192434*x3*x16 + 2.848057*x3*x17  - 6.679258*x3*x18 + 1.723632*x3*x19 + 0.256566*x3*x20 + 3.012830*x3*x21 + 1.875498*x3*x22  - 3.590049*x3*x23 + 1.634461*x3*x24 + 0.226311*x3*x25 + 3.661960*x3*x26 + 4.782335*x3*x27  - 0.330564*x3*x28 + 6.775829*x3*x29  - 5.151958*x3*x30 + 3.285503*x4*x1  - 1.334567*x4*x2 + 2.855485*x4*x3  - 0.869229*x4*x4 + 6.938151*x4*x5 + 1.149407*x4*x6  - 3.079718*x4*x7  - 7.054391*x4*x8 + 0.662744*x4*x9  - 2.654117*x4*x10  - 3.639146*x4*x11  - 4.554744*x4*x12 + 2.288640*x4*x13  - 3.927479*x4*x14 + 3.015839*x4*x15 + 1.322734*x4*x16 + 3.032106*x4*x17  - 2.801337*x4*x18 + 1.339639*x4*x19 + 0.667154*x4*x20 + 3.021463*x4*x21 + 1.570584*x4*x22  - 4.601344*x4*x23  - 7.652811*x4*x24  - 0.826911*x4*x25 + 7.119058*x4*x26  - 1.672075*x4*x27  - 4.014102*x4*x28  - 0.579149*x4*x29 + 2.598138*x4*x30  - 7.066188*x5*x1 + 5.145882*x5*x2  - 9.627493*x5*x3 + 6.938151*x5*x4  - 0.152242*x5*x5 + 1.138723*x5*x6 + 3.564096*x5*x7  - 1.420489*x5*x8  - 2.983877*x5*x9  - 1.894072*x5*x10 + 6.478761*x5*x11 + 2.171512*x5*x12  - 4.104638*x5*x13 + 8.016796*x5*x14 + 1.115687*x5*x15  - 1.326765*x5*x16 + 3.572611*x5*x17  - 1.754739*x5*x18  - 3.729701*x5*x19  - 1.527843*x5*x20 + 5.766117*x5*x21 + 5.445279*x5*x22 + 3.785682*x5*x23 + 2.349280*x5*x24 + 1.505555*x5*x25 + 6.519452*x5*x26 + 0.128005*x5*x27 + 2.389919*x5*x28  - 1.449433*x5*x29 + 6.570669*x5*x30  - 2.183474*x6*x1 + 7.186435*x6*x2 + 4.668391*x6*x3 + 1.149407*x6*x4 + 1.138723*x6*x5  - 2.658896*x6*x6  - 2.484414*x6*x7  - 0.909282*x6*x8 + 7.325479*x6*x9  - 5.040573*x6*x10 + 3.854985*x6*x11  - 1.574225*x6*x12 + 5.705384*x6*x13 + 0.807582*x6*x14 + 2.298993*x6*x15 + 3.659603*x6*x16  - 6.470662*x6*x17 + 3.926563*x6*x18  - 0.174451*x6*x19 + 2.712331*x6*x20  - 2.692962*x6*x21  - 2.997928*x6*x22 + 5.856320*x6*x23  - 8.122837*x6*x24  - 0.816698*x6*x25  - 2.458542*x6*x26  - 1.061163*x6*x27 + 6.365207*x6*x28  - 7.676276*x6*x29 + 3.028750*x6*x30  - 2.864503*x7*x1 + 2.061619*x7*x2 + 6.647180*x7*x3  - 3.079718*x7*x4 + 3.564096*x7*x5  - 2.484414*x7*x6  - 0.771857*x7*x7 + 0.917019*x7*x8  - 2.689939*x7*x9  - 3.629449*x7*x10  - 0.972539*x7*x11 + 1.071261*x7*x12  - 1.130321*x7*x13 + 2.042787*x7*x14  - 0.629850*x7*x15  - 7.229175*x7*x16 + 4.584468*x7*x17  - 3.442695*x7*x18  - 3.169999*x7*x19  - 2.137737*x7*x20  - 0.839572*x7*x21  - 0.957492*x7*x22 + 6.479715*x7*x23 + 4.126601*x7*x24 + 3.303306*x7*x25 + 7.698308*x7*x26 + 6.730594*x7*x27  - 7.359647*x7*x28  - 4.216343*x7*x29 + 0.450945*x7*x30  - 3.217486*x8*x1 + 1.395129*x8*x2 + 8.182324*x8*x3  - 7.054391*x8*x4  - 1.420489*x8*x5  - 0.909282*x8*x6 + 0.917019*x8*x7  - 2.434629*x8*x8 + 3.578494*x8*x9 + 3.978801*x8*x10 + 2.660864*x8*x11 + 1.763254*x8*x12 + 4.643396*x8*x13 + 3.115318*x8*x14 + 3.099903*x8*x15  - 0.148440*x8*x16  - 0.221702*x8*x17 + 2.867859*x8*x18  - 4.160309*x8*x19 + 4.185342*x8*x20 + 2.569113*x8*x21  - 0.757988*x8*x22  - 3.673365*x8*x23 + 2.140718*x8*x24 + 5.330448*x8*x25 + 1.869691*x8*x26 + 2.445269*x8*x27 + 4.701215*x8*x28 + 5.860464*x8*x29  - 1.553927*x8*x30  - 3.575956*x9*x1  - 7.703310*x9*x2 + 5.752635*x9*x3 + 0.662744*x9*x4  - 2.983877*x9*x5 + 7.325479*x9*x6  - 2.689939*x9*x7 + 3.578494*x9*x8  - 2.163764*x9*x9 + 4.260624*x9*x10 + 9.229830*x9*x11 + 3.404374*x9*x12 + 4.004618*x9*x13  - 2.107590*x9*x14 + 3.189775*x9*x15 + 2.860000*x9*x16 + 3.007995*x9*x17 + 6.676169*x9*x18  - 3.402671*x9*x19 + 3.026333*x9*x20 + 1.499967*x9*x21 + 0.117933*x9*x22  - 0.368242*x9*x23 + 6.443462*x9*x24 + 7.550481*x9*x25 + 4.636362*x9*x26 + 7.976585*x9*x27 + 3.677881*x9*x28  - 2.427159*x9*x29  - 4.637927*x9*x30  - 2.606096*x10*x1  - 1.604832*x10*x2  - 3.639824*x10*x3  - 2.654117*x10*x4  - 1.894072*x10*x5  - 5.040573*x10*x6  - 3.629449*x10*x7 + 3.978801*x10*x8 + 4.260624*x10*x9  - 3.485394*x10*x10 + 2.791925*x10*x11 + 4.909963*x10*x12  - 1.636406*x10*x13  - 2.208344*x10*x14 + 2.416739*x10*x15 + 1.987737*x10*x16  - 1.832939*x10*x17  - 1.887425*x10*x18 + 1.932732*x10*x19 + 5.293687*x10*x20 + 7.059380*x10*x21 + 6.238380*x10*x22 + 2.163040*x10*x23  - 3.313978*x10*x24 + 2.043433*x10*x25 + 1.152813*x10*x26 + 0.554937*x10*x27  - 2.082375*x10*x28 + 0.008580*x10*x29  - 5.910450*x10*x30  - 3.678372*x11*x1 + 3.986107*x11*x2 + 4.373308*x11*x3  - 3.639146*x11*x4 + 6.478761*x11*x5 + 3.854985*x11*x6  - 0.972539*x11*x7 + 2.660864*x11*x8 + 9.229830*x11*x9 + 2.791925*x11*x10  - 4.044503*x11*x11 + 2.067535*x11*x12  - 2.257936*x11*x13 + 3.126259*x11*x14 + 5.402147*x11*x15 + 2.476162*x11*x16 + 5.137261*x11*x17 + 2.157285*x11*x18 + 1.713778*x11*x19  - 0.820578*x11*x20  - 2.320371*x11*x21 + 1.699911*x11*x22  - 0.786440*x11*x23  - 3.417765*x11*x24  - 4.024126*x11*x25 + 2.786191*x11*x26 + 4.730755*x11*x27 + 4.808389*x11*x28 + 6.896894*x11*x29 + 3.630529*x11*x30 + 6.786224*x12*x1 + 3.050703*x12*x2 + 2.376504*x12*x3  - 4.554744*x12*x4 + 2.171512*x12*x5  - 1.574225*x12*x6 + 1.071261*x12*x7 + 1.763254*x12*x8 + 3.404374*x12*x9 + 4.909963*x12*x10 + 2.067535*x12*x11  - 2.320378*x12*x12  - 1.555821*x12*x13 + 3.719677*x12*x14 + 3.889944*x12*x15  - 4.086639*x12*x16 + 3.212927*x12*x17 + 4.630379*x12*x18 + 1.289108*x12*x19  - 2.713403*x12*x20 + 2.806333*x12*x21 + 1.213104*x12*x22  - 4.017556*x12*x23  - 1.313140*x12*x24 + 3.145375*x12*x25  - 5.367410*x12*x26 + 7.816719*x12*x27  - 2.433823*x12*x28 + 6.481591*x12*x29 + 3.382207*x12*x30 + 2.639691*x13*x1  - 5.021958*x13*x2 + 2.029248*x13*x3 + 2.288640*x13*x4  - 4.104638*x13*x5 + 5.705384*x13*x6  - 1.130321*x13*x7 + 4.643396*x13*x8 + 4.004618*x13*x9  - 1.636406*x13*x10  - 2.257936*x13*x11  - 1.555821*x13*x12  - 2.629930*x13*x13  - 3.085982*x13*x14 + 0.096691*x13*x15  - 2.901754*x13*x16 + 2.541002*x13*x17 + 6.040603*x13*x18  - 0.309159*x13*x19 + 4.822103*x13*x20  - 7.767318*x13*x21  - 2.926208*x13*x22 + 0.162730*x13*x23 + 0.928637*x13*x24 + 8.997488*x13*x25  - 2.002916*x13*x26 + 8.153980*x13*x27 + 5.602389*x13*x28  - 3.443066*x13*x29 + 6.727448*x13*x30  - 2.723480*x14*x1  - 3.688272*x14*x2 + 1.509382*x14*x3  - 3.927479*x14*x4 + 8.016796*x14*x5 + 0.807582*x14*x6 + 2.042787*x14*x7 + 3.115318*x14*x8  - 2.107590*x14*x9  - 2.208344*x14*x10 + 3.126259*x14*x11 + 3.719677*x14*x12  - 3.085982*x14*x13  - 3.608176*x14*x14 + 0.553638*x14*x15  - 6.010636*x14*x16 + 0.009008*x14*x17 + 1.648356*x14*x18  - 3.008627*x14*x19 + 6.640529*x14*x20  - 4.679535*x14*x21  - 4.599031*x14*x22  - 7.201706*x14*x23 + 3.199622*x14*x24 + 2.042652*x14*x25  - 2.746408*x14*x26 + 0.949815*x14*x27  - 0.735692*x14*x28 + 2.192085*x14*x29  - 1.968940*x14*x30 + 0.426290*x15*x1  - 5.952977*x15*x2 + 5.681360*x15*x3 + 3.015839*x15*x4 + 1.115687*x15*x5 + 2.298993*x15*x6  - 0.629850*x15*x7 + 3.099903*x15*x8 + 3.189775*x15*x9 + 2.416739*x15*x10 + 5.402147*x15*x11 + 3.889944*x15*x12 + 0.096691*x15*x13 + 0.553638*x15*x14  - 0.785023*x15*x15 + 9.917100*x15*x16  - 1.827179*x15*x17 + 2.696850*x15*x18  - 1.956263*x15*x19 + 6.495335*x15*x20 + 1.463400*x15*x21  - 0.550909*x15*x22 + 1.633345*x15*x23  - 1.536345*x15*x24 + 4.855557*x15*x25  - 1.106389*x15*x26 + 0.218928*x15*x27  - 0.699130*x15*x28 + 1.156376*x15*x29 + 3.948361*x15*x30 + 1.692434*x16*x1 + 4.301185*x16*x2  - 0.192434*x16*x3 + 1.322734*x16*x4  - 1.326765*x16*x5 + 3.659603*x16*x6  - 7.229175*x16*x7  - 0.148440*x16*x8 + 2.860000*x16*x9 + 1.987737*x16*x10 + 2.476162*x16*x11  - 4.086639*x16*x12  - 2.901754*x16*x13  - 6.010636*x16*x14 + 9.917100*x16*x15  - 2.173702*x16*x16  - 2.191389*x16*x17 + 4.849163*x16*x18 + 2.959714*x16*x19 + 2.574359*x16*x20 + 0.601738*x16*x21 + 3.261638*x16*x22  - 0.420558*x16*x23  - 2.197874*x16*x24 + 0.292691*x16*x25  - 3.706255*x16*x26 + 2.245584*x16*x27  - 0.452297*x16*x28 + 2.320914*x16*x29  - 4.464554*x16*x30 + 1.984878*x17*x1  - 2.290986*x17*x2 + 2.848057*x17*x3 + 3.032106*x17*x4 + 3.572611*x17*x5  - 6.470662*x17*x6 + 4.584468*x17*x7  - 0.221702*x17*x8 + 3.007995*x17*x9  - 1.832939*x17*x10 + 5.137261*x17*x11 + 3.212927*x17*x12 + 2.541002*x17*x13 + 0.009008*x17*x14  - 1.827179*x17*x15  - 2.191389*x17*x16  - 2.674442*x17*x17 + 1.768263*x17*x18  - 7.475304*x17*x19 + 2.492559*x17*x20 + 5.145552*x17*x21  - 3.027948*x17*x22 + 4.210941*x17*x23 + 2.829983*x17*x24 + 6.234944*x17*x25  - 4.215217*x17*x26  - 1.857942*x17*x27  - 2.532444*x17*x28 + 3.646725*x17*x29  - 2.038733*x17*x30 + 0.017114*x18*x1  - 2.681714*x18*x2  - 6.679258*x18*x3  - 2.801337*x18*x4  - 1.754739*x18*x5 + 3.926563*x18*x6  - 3.442695*x18*x7 + 2.867859*x18*x8 + 6.676169*x18*x9  - 1.887425*x18*x10 + 2.157285*x18*x11 + 4.630379*x18*x12 + 6.040603*x18*x13 + 1.648356*x18*x14 + 2.696850*x18*x15 + 4.849163*x18*x16 + 1.768263*x18*x17  - 0.057041*x18*x18 + 1.016001*x18*x19 + 0.009219*x18*x20  - 6.955270*x18*x21 + 2.684125*x18*x22 + 6.678609*x18*x23  - 4.553078*x18*x24  - 4.263431*x18*x25  - 2.032949*x18*x26  - 1.559951*x18*x27  - 1.553836*x18*x28  - 1.838473*x18*x29  - 5.476736*x18*x30 + 5.278962*x19*x1 + 7.014216*x19*x2 + 1.723632*x19*x3 + 1.339639*x19*x4  - 3.729701*x19*x5  - 0.174451*x19*x6  - 3.169999*x19*x7  - 4.160309*x19*x8  - 3.402671*x19*x9 + 1.932732*x19*x10 + 1.713778*x19*x11 + 1.289108*x19*x12  - 0.309159*x19*x13  - 3.008627*x19*x14  - 1.956263*x19*x15 + 2.959714*x19*x16  - 7.475304*x19*x17 + 1.016001*x19*x18  - 2.106064*x19*x19 + 0.112659*x19*x20 + 7.437911*x19*x21 + 2.269088*x19*x22 + 4.994856*x19*x23 + 3.966959*x19*x24 + 3.659176*x19*x25  - 1.387397*x19*x26 + 2.764869*x19*x27  - 0.889476*x19*x28 + 2.197303*x19*x29 + 3.671106*x19*x30 + 3.293733*x20*x1 + 6.798915*x20*x2 + 0.256566*x20*x3 + 0.667154*x20*x4  - 1.527843*x20*x5 + 2.712331*x20*x6  - 2.137737*x20*x7 + 4.185342*x20*x8 + 3.026333*x20*x9 + 5.293687*x20*x10  - 0.820578*x20*x11  - 2.713403*x20*x12 + 4.822103*x20*x13 + 6.640529*x20*x14 + 6.495335*x20*x15 + 2.574359*x20*x16 + 2.492559*x20*x17 + 0.009219*x20*x18 + 0.112659*x20*x19  - 0.348048*x20*x20  - 7.572985*x20*x21 + 1.168616*x20*x22  - 0.089412*x20*x23 + 2.429504*x20*x24 + 6.633783*x20*x25 + 4.798232*x20*x26  - 5.529971*x20*x27 + 5.605802*x20*x28  - 0.945857*x20*x29  - 2.068104*x20*x30  - 4.004657*x21*x1 + 8.094260*x21*x2 + 3.012830*x21*x3 + 3.021463*x21*x4 + 5.766117*x21*x5  - 2.692962*x21*x6  - 0.839572*x21*x7 + 2.569113*x21*x8 + 1.499967*x21*x9 + 7.059380*x21*x10  - 2.320371*x21*x11 + 2.806333*x21*x12  - 7.767318*x21*x13  - 4.679535*x21*x14 + 1.463400*x21*x15 + 0.601738*x21*x16 + 5.145552*x21*x17  - 6.955270*x21*x18 + 7.437911*x21*x19  - 7.572985*x21*x20  - 0.374744*x21*x21  - 1.267722*x21*x22 + 3.430098*x21*x23 + 3.198274*x21*x24 + 3.878668*x21*x25 + 0.271129*x21*x26  - 5.359366*x21*x27 + 1.889437*x21*x28 + 2.174892*x21*x29 + 7.660634*x21*x30 + 4.286190*x22*x1  - 4.975489*x22*x2 + 1.875498*x22*x3 + 1.570584*x22*x4 + 5.445279*x22*x5  - 2.997928*x22*x6  - 0.957492*x22*x7  - 0.757988*x22*x8 + 0.117933*x22*x9 + 6.238380*x22*x10 + 1.699911*x22*x11 + 1.213104*x22*x12  - 2.926208*x22*x13  - 4.599031*x22*x14  - 0.550909*x22*x15 + 3.261638*x22*x16  - 3.027948*x22*x17 + 2.684125*x22*x18 + 2.269088*x22*x19 + 1.168616*x22*x20  - 1.267722*x22*x21  - 0.053215*x22*x22 + 2.106401*x22*x23  - 2.862446*x22*x24 + 5.178053*x22*x25  - 4.516333*x22*x26 + 0.139944*x22*x27 + 1.166982*x22*x28 + 2.241756*x22*x29  - 1.024089*x22*x30 + 6.581225*x23*x1 + 4.236567*x23*x2  - 3.590049*x23*x3  - 4.601344*x23*x4 + 3.785682*x23*x5 + 5.856320*x23*x6 + 6.479715*x23*x7  - 3.673365*x23*x8  - 0.368242*x23*x9 + 2.163040*x23*x10  - 0.786440*x23*x11  - 4.017556*x23*x12 + 0.162730*x23*x13  - 7.201706*x23*x14 + 1.633345*x23*x15  - 0.420558*x23*x16 + 4.210941*x23*x17 + 6.678609*x23*x18 + 4.994856*x23*x19  - 0.089412*x23*x20 + 3.430098*x23*x21 + 2.106401*x23*x22  - 2.318822*x23*x23 + 6.734840*x23*x24  - 1.079398*x23*x25  - 5.116059*x23*x26 + 0.355784*x23*x27  - 4.028975*x23*x28  - 2.285343*x23*x29  - 2.079890*x23*x30 + 2.833442*x24*x1 + 2.536226*x24*x2 + 1.634461*x24*x3  - 7.652811*x24*x4 + 2.349280*x24*x5  - 8.122837*x24*x6 + 4.126601*x24*x7 + 2.140718*x24*x8 + 6.443462*x24*x9  - 3.313978*x24*x10  - 3.417765*x24*x11  - 1.313140*x24*x12 + 0.928637*x24*x13 + 3.199622*x24*x14  - 1.536345*x24*x15  - 2.197874*x24*x16 + 2.829983*x24*x17  - 4.553078*x24*x18 + 3.966959*x24*x19 + 2.429504*x24*x20 + 3.198274*x24*x21  - 2.862446*x24*x22 + 6.734840*x24*x23  - 3.236656*x24*x24 + 5.032077*x24*x25  - 3.307617*x24*x26  - 7.724128*x24*x27  - 4.710428*x24*x28 + 3.474608*x24*x29  - 4.844450*x24*x30  - 1.300519*x25*x1 + 7.029893*x25*x2 + 0.226311*x25*x3  - 0.826911*x25*x4 + 1.505555*x25*x5  - 0.816698*x25*x6 + 3.303306*x25*x7 + 5.330448*x25*x8 + 7.550481*x25*x9 + 2.043433*x25*x10  - 4.024126*x25*x11 + 3.145375*x25*x12 + 8.997488*x25*x13 + 2.042652*x25*x14 + 4.855557*x25*x15 + 0.292691*x25*x16 + 6.234944*x25*x17  - 4.263431*x25*x18 + 3.659176*x25*x19 + 6.633783*x25*x20 + 3.878668*x25*x21 + 5.178053*x25*x22  - 1.079398*x25*x23 + 5.032077*x25*x24  - 2.576893*x25*x25 + 1.487644*x25*x26  - 2.823834*x25*x27  - 1.302457*x25*x28 + 3.175310*x25*x29 + 5.283343*x25*x30  - 0.501421*x26*x1  - 1.474424*x26*x2 + 3.661960*x26*x3 + 7.119058*x26*x4 + 6.519452*x26*x5  - 2.458542*x26*x6 + 7.698308*x26*x7 + 1.869691*x26*x8 + 4.636362*x26*x9 + 1.152813*x26*x10 + 2.786191*x26*x11  - 5.367410*x26*x12  - 2.002916*x26*x13  - 2.746408*x26*x14  - 1.106389*x26*x15  - 3.706255*x26*x16  - 4.215217*x26*x17  - 2.032949*x26*x18  - 1.387397*x26*x19 + 4.798232*x26*x20 + 0.271129*x26*x21  - 4.516333*x26*x22  - 5.116059*x26*x23  - 3.307617*x26*x24 + 1.487644*x26*x25  - 1.144213*x26*x26  - 3.443168*x26*x27  - 0.506949*x26*x28 + 0.854090*x26*x29 + 3.370337*x26*x30 + 5.091890*x27*x1 + 3.997432*x27*x2 + 4.782335*x27*x3  - 1.672075*x27*x4 + 0.128005*x27*x5  - 1.061163*x27*x6 + 6.730594*x27*x7 + 2.445269*x27*x8 + 7.976585*x27*x9 + 0.554937*x27*x10 + 4.730755*x27*x11 + 7.816719*x27*x12 + 8.153980*x27*x13 + 0.949815*x27*x14 + 0.218928*x27*x15 + 2.245584*x27*x16  - 1.857942*x27*x17  - 1.559951*x27*x18 + 2.764869*x27*x19  - 5.529971*x27*x20  - 5.359366*x27*x21 + 0.139944*x27*x22 + 0.355784*x27*x23  - 7.724128*x27*x24  - 2.823834*x27*x25  - 3.443168*x27*x26  - 1.433267*x27*x27 + 3.718704*x27*x28 + 9.062972*x27*x29  - 0.534429*x27*x30  - 5.818082*x28*x1 + 2.954652*x28*x2  - 0.330564*x28*x3  - 4.014102*x28*x4 + 2.389919*x28*x5 + 6.365207*x28*x6  - 7.359647*x28*x7 + 4.701215*x28*x8 + 3.677881*x28*x9  - 2.082375*x28*x10 + 4.808389*x28*x11  - 2.433823*x28*x12 + 5.602389*x28*x13  - 0.735692*x28*x14  - 0.699130*x28*x15  - 0.452297*x28*x16  - 2.532444*x28*x17  - 1.553836*x28*x18  - 0.889476*x28*x19 + 5.605802*x28*x20 + 1.889437*x28*x21 + 1.166982*x28*x22  - 4.028975*x28*x23  - 4.710428*x28*x24  - 1.302457*x28*x25  - 0.506949*x28*x26 + 3.718704*x28*x27  - 0.774580*x28*x28  - 0.771507*x28*x29 + 4.028686*x28*x30 + 0.271881*x29*x1 + 4.391550*x29*x2 + 6.775829*x29*x3  - 0.579149*x29*x4  - 1.449433*x29*x5  - 7.676276*x29*x6  - 4.216343*x29*x7 + 5.860464*x29*x8  - 2.427159*x29*x9 + 0.008580*x29*x10 + 6.896894*x29*x11 + 6.481591*x29*x12  - 3.443066*x29*x13 + 2.192085*x29*x14 + 1.156376*x29*x15 + 2.320914*x29*x16 + 3.646725*x29*x17  - 1.838473*x29*x18 + 2.197303*x29*x19  - 0.945857*x29*x20 + 2.174892*x29*x21 + 2.241756*x29*x22  - 2.285343*x29*x23 + 3.474608*x29*x24 + 3.175310*x29*x25 + 0.854090*x29*x26 + 9.062972*x29*x27  - 0.771507*x29*x28  - 1.782446*x29*x29 + 7.052194*x29*x30  - 2.301190*x30*x1  - 1.435471*x30*x2  - 5.151958*x30*x3 + 2.598138*x30*x4 + 6.570669*x30*x5 + 3.028750*x30*x6 + 0.450945*x30*x7  - 1.553927*x30*x8  - 4.637927*x30*x9  - 5.910450*x30*x10 + 3.630529*x30*x11 + 3.382207*x30*x12 + 6.727448*x30*x13  - 1.968940*x30*x14 + 3.948361*x30*x15  - 4.464554*x30*x16  - 2.038733*x30*x17  - 5.476736*x30*x18 + 3.671106*x30*x19  - 2.068104*x30*x20 + 7.660634*x30*x21  - 1.024089*x30*x22  - 2.079890*x30*x23  - 4.844450*x30*x24 + 5.283343*x30*x25 + 3.370337*x30*x26  - 0.534429*x30*x27 + 4.028686*x30*x28 + 7.052194*x30*x29  - 2.156844*x30*x30 ;
