OPTIONS {
 MaxTime: 10000;
 EpsR: 0.000001;
 }
 
VARIABLES	x1,x2,x3,x4,x5,x6,x7,x8,x9,x10,x11,x12,x13,x14,x15,x16,x17,x18,x19,x20,x21,x22,x23,x24,x25,x26,x27,x28,x29,x30;
LOWER_BOUNDS {
x1: 0.000000;
x2: 0.000000;
x3: 0.000000;
x4: 0.000000;
x5: 0.000000;
x6: 0.000000;
x7: 0.000000;
x8: 0.000000;
x9: 0.000000;
x10: 0.000000;
x11: 0.000000;
x12: 0.000000;
x13: 0.000000;
x14: 0.000000;
x15: 0.000000;
x16: 0.000000;
x17: 0.000000;
x18: 0.000000;
x19: 0.000000;
x20: 0.000000;
x21: 0.000000;
x22: 0.000000;
x23: 0.000000;
x24: 0.000000;
x25: 0.000000;
x26: 0.000000;
x27: 0.000000;
x28: 0.000000;
x29: 0.000000;
x30: 0.000000;
}

UPPER_BOUNDS {
x1: 1.000000;
x2: 1.000000;
x3: 1.000000;
x4: 1.000000;
x5: 1.000000;
x6: 1.000000;
x7: 1.000000;
x8: 1.000000;
x9: 1.000000;
x10: 1.000000;
x11: 1.000000;
x12: 1.000000;
x13: 1.000000;
x14: 1.000000;
x15: 1.000000;
x16: 1.000000;
x17: 1.000000;
x18: 1.000000;
x19: 1.000000;
x20: 1.000000;
x21: 1.000000;
x22: 1.000000;
x23: 1.000000;
x24: 1.000000;
x25: 1.000000;
x26: 1.000000;
x27: 1.000000;
x28: 1.000000;
x29: 1.000000;
x30: 1.000000;
}

EQUATIONS e1;

e1:  1.000000*x1  + 1.000000*x2  + 1.000000*x3  + 1.000000*x4  + 1.000000*x5  + 1.000000*x6  + 1.000000*x7  + 1.000000*x8  + 1.000000*x9  + 1.000000*x10  + 1.000000*x11  + 1.000000*x12  + 1.000000*x13  + 1.000000*x14  + 1.000000*x15  + 1.000000*x16  + 1.000000*x17  + 1.000000*x18  + 1.000000*x19  + 1.000000*x20  + 1.000000*x21  + 1.000000*x22  + 1.000000*x23  + 1.000000*x24  + 1.000000*x25  + 1.000000*x26  + 1.000000*x27  + 1.000000*x28  + 1.000000*x29  + 1.000000*x30  == 1.000000;

OBJ: minimize	 2.316668*x1*x1  - 3.670484*x1*x2 + 6.671072*x1*x3  - 8.433371*x1*x4 + 6.785671*x1*x5 + 0.810962*x1*x6 + 7.322165*x1*x7  - 2.908501*x1*x8 + 0.127698*x1*x9 + 6.058571*x1*x10  - 0.947260*x1*x11 + 0.313877*x1*x12 + 3.243916*x1*x13  - 6.115329*x1*x14  - 3.024721*x1*x15 + 0.354294*x1*x16  - 6.240933*x1*x17 + 1.753136*x1*x18  - 2.242907*x1*x19 + 2.860320*x1*x20 + 3.059082*x1*x21 + 0.444494*x1*x22  - 2.501127*x1*x23  - 2.081776*x1*x24  - 2.621275*x1*x25  - 4.863354*x1*x26  - 3.930298*x1*x27 + 1.025857*x1*x28  - 8.271888*x1*x29 + 3.193602*x1*x30  - 3.670484*x2*x1 + 3.010046*x2*x2  - 3.702687*x2*x3 + 4.390756*x2*x4  - 0.570210*x2*x5  - 6.639529*x2*x6  - 5.128487*x2*x7  - 5.446011*x2*x8  - 7.829729*x2*x9  - 0.410013*x2*x10 + 1.836120*x2*x11  - 0.231554*x2*x12 + 3.830373*x2*x13 + 3.903819*x2*x14 + 8.261885*x2*x15 + 9.274266*x2*x16  - 3.719450*x2*x17 + 0.586439*x2*x18  - 0.830804*x2*x19 + 1.010186*x2*x20  - 5.488549*x2*x21  - 4.568684*x2*x22  - 5.936375*x2*x23 + 1.477400*x2*x24  - 3.613659*x2*x25 + 5.763607*x2*x26  - 2.435108*x2*x27  - 6.086104*x2*x28 + 0.995436*x2*x29 + 4.555946*x2*x30 + 6.671072*x3*x1  - 3.702687*x3*x2  - 1.421262*x3*x3  - 5.934171*x3*x4  - 5.563951*x3*x5 + 4.262553*x3*x6  - 4.052085*x3*x7  - 1.032074*x3*x8 + 0.093920*x3*x9  - 2.124322*x3*x10 + 0.443045*x3*x11  - 4.357926*x3*x12  - 0.583213*x3*x13 + 3.219754*x3*x14  - 0.927385*x3*x15  - 3.244742*x3*x16  - 6.224302*x3*x17 + 6.283605*x3*x18  - 4.031091*x3*x19  - 1.787985*x3*x20 + 1.445454*x3*x21 + 3.190645*x3*x22  - 2.408391*x3*x23  - 4.601498*x3*x24 + 4.892020*x3*x25  - 6.474780*x3*x26  - 2.159842*x3*x27 + 1.732572*x3*x28 + 1.900277*x3*x29 + 3.224024*x3*x30  - 8.433371*x4*x1 + 4.390756*x4*x2  - 5.934171*x4*x3 + 3.608705*x4*x4  - 0.758787*x4*x5 + 0.939369*x4*x6 + 3.201740*x4*x7 + 0.653413*x4*x8  - 7.582030*x4*x9 + 0.469803*x4*x10 + 1.611689*x4*x11 + 6.681185*x4*x12  - 9.707172*x4*x13  - 6.966560*x4*x14  - 3.436177*x4*x15  - 8.235846*x4*x16  - 5.034767*x4*x17 + 5.374275*x4*x18  - 4.377647*x4*x19  - 3.966878*x4*x20  - 0.578628*x4*x21  - 0.625064*x4*x22 + 0.700764*x4*x23 + 5.468001*x4*x24  - 5.001404*x4*x25  - 0.595414*x4*x26 + 1.323919*x4*x27  - 2.394641*x4*x28 + 2.882993*x4*x29  - 1.200197*x4*x30 + 6.785671*x5*x1  - 0.570210*x5*x2  - 5.563951*x5*x3  - 0.758787*x5*x4 + 0.749656*x5*x5  - 1.478177*x5*x6  - 1.899494*x5*x7 + 2.343339*x5*x8  - 0.488235*x5*x9  - 2.199527*x5*x10 + 4.883596*x5*x11 + 1.851262*x5*x12  - 5.008611*x5*x13 + 7.813140*x5*x14  - 8.358837*x5*x15  - 1.473262*x5*x16  - 2.413496*x5*x17 + 4.079072*x5*x18  - 2.270066*x5*x19  - 6.463852*x5*x20 + 4.375868*x5*x21  - 6.437439*x5*x22  - 2.320052*x5*x23 + 3.113338*x5*x24  - 3.605001*x5*x25  - 2.928724*x5*x26  - 0.289267*x5*x27  - 8.657273*x5*x28 + 2.882990*x5*x29 + 4.005820*x5*x30 + 0.810962*x6*x1  - 6.639529*x6*x2 + 4.262553*x6*x3 + 0.939369*x6*x4  - 1.478177*x6*x5  - 2.129406*x6*x6  - 4.994553*x6*x7  - 2.812911*x6*x8 + 5.366235*x6*x9 + 5.188030*x6*x10  - 4.132253*x6*x11 + 1.613625*x6*x12  - 4.852307*x6*x13 + 6.135857*x6*x14 + 8.483365*x6*x15  - 0.264476*x6*x16  - 4.623870*x6*x17 + 4.918491*x6*x18  - 2.473957*x6*x19 + 2.854266*x6*x20  - 2.584527*x6*x21 + 1.002679*x6*x22  - 3.721655*x6*x23  - 4.641145*x6*x24 + 2.662802*x6*x25 + 6.937714*x6*x26  - 0.861964*x6*x27 + 1.017416*x6*x28 + 3.667301*x6*x29 + 4.689920*x6*x30 + 7.322165*x7*x1  - 5.128487*x7*x2  - 4.052085*x7*x3 + 3.201740*x7*x4  - 1.899494*x7*x5  - 4.994553*x7*x6  - 1.771175*x7*x7  - 3.736922*x7*x8 + 0.005694*x7*x9  - 7.077922*x7*x10  - 5.738112*x7*x11  - 2.321879*x7*x12  - 8.707059*x7*x13  - 0.368636*x7*x14 + 0.017841*x7*x15  - 6.696913*x7*x16  - 6.005992*x7*x17 + 4.312029*x7*x18 + 4.285173*x7*x19 + 0.006630*x7*x20  - 3.153651*x7*x21  - 1.768802*x7*x22  - 5.545029*x7*x23  - 1.209099*x7*x24 + 0.814502*x7*x25  - 2.492458*x7*x26 + 8.211189*x7*x27  - 1.418646*x7*x28  - 4.955489*x7*x29  - 1.559684*x7*x30  - 2.908501*x8*x1  - 5.446011*x8*x2  - 1.032074*x8*x3 + 0.653413*x8*x4 + 2.343339*x8*x5  - 2.812911*x8*x6  - 3.736922*x8*x7  - 2.987164*x8*x8 + 6.270890*x8*x9 + 1.268769*x8*x10  - 2.207868*x8*x11 + 7.115382*x8*x12 + 5.472264*x8*x13 + 4.547866*x8*x14 + 5.984309*x8*x15  - 7.137740*x8*x16  - 5.077672*x8*x17  - 4.231499*x8*x18 + 3.730361*x8*x19  - 2.449297*x8*x20  - 3.977862*x8*x21 + 5.391792*x8*x22  - 1.366847*x8*x23  - 0.052861*x8*x24 + 3.418444*x8*x25 + 2.280875*x8*x26  - 1.710106*x8*x27 + 3.649303*x8*x28  - 0.796919*x8*x29 + 4.323090*x8*x30 + 0.127698*x9*x1  - 7.829729*x9*x2 + 0.093920*x9*x3  - 7.582030*x9*x4  - 0.488235*x9*x5 + 5.366235*x9*x6 + 0.005694*x9*x7 + 6.270890*x9*x8  - 2.170921*x9*x9  - 4.682479*x9*x10  - 1.919502*x9*x11  - 3.776057*x9*x12 + 0.897927*x9*x13 + 1.241515*x9*x14  - 4.556021*x9*x15  - 2.104125*x9*x16  - 5.228026*x9*x17 + 2.933981*x9*x18  - 0.842961*x9*x19  - 3.655363*x9*x20 + 4.615220*x9*x21  - 2.922003*x9*x22  - 2.040338*x9*x23  - 3.395813*x9*x24 + 7.027436*x9*x25 + 3.017265*x9*x26 + 3.650738*x9*x27 + 0.895977*x9*x28  - 4.057724*x9*x29  - 3.898701*x9*x30 + 6.058571*x10*x1  - 0.410013*x10*x2  - 2.124322*x10*x3 + 0.469803*x10*x4  - 2.199527*x10*x5 + 5.188030*x10*x6  - 7.077922*x10*x7 + 1.268769*x10*x8  - 4.682479*x10*x9 + 1.353772*x10*x10 + 0.631052*x10*x11 + 0.886640*x10*x12  - 1.692702*x10*x13  - 4.265440*x10*x14  - 2.161217*x10*x15 + 0.599170*x10*x16  - 6.577847*x10*x17  - 1.910065*x10*x18  - 4.808441*x10*x19 + 4.543541*x10*x20 + 1.522302*x10*x21  - 7.203264*x10*x22 + 5.896893*x10*x23 + 3.234333*x10*x24 + 1.096011*x10*x25  - 2.148871*x10*x26  - 3.384038*x10*x27 + 1.828858*x10*x28  - 3.586851*x10*x29  - 2.789270*x10*x30  - 0.947260*x11*x1 + 1.836120*x11*x2 + 0.443045*x11*x3 + 1.611689*x11*x4 + 4.883596*x11*x5  - 4.132253*x11*x6  - 5.738112*x11*x7  - 2.207868*x11*x8  - 1.919502*x11*x9 + 0.631052*x11*x10  - 1.905298*x11*x11 + 2.803491*x11*x12  - 1.160321*x11*x13 + 0.151464*x11*x14  - 1.989609*x11*x15  - 3.285040*x11*x16  - 3.021730*x11*x17 + 5.205775*x11*x18  - 1.858646*x11*x19  - 5.782844*x11*x20  - 5.153940*x11*x21 + 3.027466*x11*x22 + 3.804848*x11*x23  - 1.872010*x11*x24 + 3.784094*x11*x25 + 0.293082*x11*x26  - 8.004293*x11*x27 + 3.823355*x11*x28 + 1.193760*x11*x29  - 1.440825*x11*x30 + 0.313877*x12*x1  - 0.231554*x12*x2  - 4.357926*x12*x3 + 6.681185*x12*x4 + 1.851262*x12*x5 + 1.613625*x12*x6  - 2.321879*x12*x7 + 7.115382*x12*x8  - 3.776057*x12*x9 + 0.886640*x12*x10 + 2.803491*x12*x11 + 1.108544*x12*x12  - 2.904260*x12*x13  - 6.004661*x12*x14  - 2.763087*x12*x15  - 5.756819*x12*x16  - 3.320943*x12*x17  - 1.025379*x12*x18  - 6.935077*x12*x19  - 4.273791*x12*x20  - 1.237318*x12*x21  - 9.563323*x12*x22  - 0.669807*x12*x23  - 5.570704*x12*x24  - 0.855544*x12*x25  - 0.133759*x12*x26  - 1.404831*x12*x27  - 0.789908*x12*x28 + 1.085225*x12*x29 + 3.808037*x12*x30 + 3.243916*x13*x1 + 3.830373*x13*x2  - 0.583213*x13*x3  - 9.707172*x13*x4  - 5.008611*x13*x5  - 4.852307*x13*x6  - 8.707059*x13*x7 + 5.472264*x13*x8 + 0.897927*x13*x9  - 1.692702*x13*x10  - 1.160321*x13*x11  - 2.904260*x13*x12 + 0.127611*x13*x13 + 0.690065*x13*x14 + 2.744599*x13*x15 + 1.721751*x13*x16  - 2.136054*x13*x17  - 0.793719*x13*x18 + 2.475021*x13*x19 + 2.467251*x13*x20 + 1.196892*x13*x21 + 0.254509*x13*x22 + 3.484009*x13*x23 + 3.331858*x13*x24  - 4.030950*x13*x25 + 4.972150*x13*x26  - 3.098862*x13*x27  - 3.420315*x13*x28  - 4.263405*x13*x29 + 5.139236*x13*x30  - 6.115329*x14*x1 + 3.903819*x14*x2 + 3.219754*x14*x3  - 6.966560*x14*x4 + 7.813140*x14*x5 + 6.135857*x14*x6  - 0.368636*x14*x7 + 4.547866*x14*x8 + 1.241515*x14*x9  - 4.265440*x14*x10 + 0.151464*x14*x11  - 6.004661*x14*x12 + 0.690065*x14*x13  - 1.975777*x14*x14 + 3.182222*x14*x15  - 0.685477*x14*x16 + 4.469703*x14*x17  - 8.144460*x14*x18  - 8.721443*x14*x19  - 6.257165*x14*x20 + 1.707382*x14*x21  - 2.258103*x14*x22  - 3.122756*x14*x23 + 2.005078*x14*x24  - 6.064208*x14*x25 + 6.899046*x14*x26 + 1.796911*x14*x27  - 1.034509*x14*x28  - 7.288030*x14*x29 + 7.894059*x14*x30  - 3.024721*x15*x1 + 8.261885*x15*x2  - 0.927385*x15*x3  - 3.436177*x15*x4  - 8.358837*x15*x5 + 8.483365*x15*x6 + 0.017841*x15*x7 + 5.984309*x15*x8  - 4.556021*x15*x9  - 2.161217*x15*x10  - 1.989609*x15*x11  - 2.763087*x15*x12 + 2.744599*x15*x13 + 3.182222*x15*x14  - 1.425056*x15*x15  - 4.507047*x15*x16 + 4.406820*x15*x17  - 1.851244*x15*x18  - 4.276017*x15*x19  - 7.037548*x15*x20 + 0.327139*x15*x21 + 5.151310*x15*x22 + 0.678334*x15*x23  - 6.951097*x15*x24  - 8.314084*x15*x25 + 1.693582*x15*x26  - 1.427462*x15*x27  - 7.433233*x15*x28  - 2.859000*x15*x29  - 1.344346*x15*x30 + 0.354294*x16*x1 + 9.274266*x16*x2  - 3.244742*x16*x3  - 8.235846*x16*x4  - 1.473262*x16*x5  - 0.264476*x16*x6  - 6.696913*x16*x7  - 7.137740*x16*x8  - 2.104125*x16*x9 + 0.599170*x16*x10  - 3.285040*x16*x11  - 5.756819*x16*x12 + 1.721751*x16*x13  - 0.685477*x16*x14  - 4.507047*x16*x15  - 3.627890*x16*x16  - 3.903057*x16*x17 + 3.813432*x16*x18 + 3.581106*x16*x19  - 8.100253*x16*x20  - 3.755895*x16*x21 + 2.128403*x16*x22  - 3.516313*x16*x23  - 3.155170*x16*x24  - 8.374118*x16*x25 + 0.707446*x16*x26  - 5.418078*x16*x27  - 3.771351*x16*x28  - 5.426910*x16*x29 + 0.039208*x16*x30  - 6.240933*x17*x1  - 3.719450*x17*x2  - 6.224302*x17*x3  - 5.034767*x17*x4  - 2.413496*x17*x5  - 4.623870*x17*x6  - 6.005992*x17*x7  - 5.077672*x17*x8  - 5.228026*x17*x9  - 6.577847*x17*x10  - 3.021730*x17*x11  - 3.320943*x17*x12  - 2.136054*x17*x13 + 4.469703*x17*x14 + 4.406820*x17*x15  - 3.903057*x17*x16  - 2.486636*x17*x17 + 5.707756*x17*x18  - 3.910250*x17*x19 + 4.623428*x17*x20  - 2.847040*x17*x21 + 0.094685*x17*x22  - 0.300427*x17*x23  - 3.027832*x17*x24  - 1.370087*x17*x25  - 4.061009*x17*x26 + 2.241011*x17*x27 + 2.822931*x17*x28  - 0.482451*x17*x29  - 7.034998*x17*x30 + 1.753136*x18*x1 + 0.586439*x18*x2 + 6.283605*x18*x3 + 5.374275*x18*x4 + 4.079072*x18*x5 + 4.918491*x18*x6 + 4.312029*x18*x7  - 4.231499*x18*x8 + 2.933981*x18*x9  - 1.910065*x18*x10 + 5.205775*x18*x11  - 1.025379*x18*x12  - 0.793719*x18*x13  - 8.144460*x18*x14  - 1.851244*x18*x15 + 3.813432*x18*x16 + 5.707756*x18*x17  - 1.308319*x18*x18 + 6.315458*x18*x19  - 8.531638*x18*x20  - 6.815184*x18*x21 + 2.006059*x18*x22  - 3.441601*x18*x23  - 7.540737*x18*x24  - 6.720302*x18*x25 + 2.915704*x18*x26  - 6.377873*x18*x27  - 2.939781*x18*x28  - 3.626495*x18*x29 + 2.074051*x18*x30  - 2.242907*x19*x1  - 0.830804*x19*x2  - 4.031091*x19*x3  - 4.377647*x19*x4  - 2.270066*x19*x5  - 2.473957*x19*x6 + 4.285173*x19*x7 + 3.730361*x19*x8  - 0.842961*x19*x9  - 4.808441*x19*x10  - 1.858646*x19*x11  - 6.935077*x19*x12 + 2.475021*x19*x13  - 8.721443*x19*x14  - 4.276017*x19*x15 + 3.581106*x19*x16  - 3.910250*x19*x17 + 6.315458*x19*x18  - 4.661489*x19*x19  - 0.607192*x19*x20  - 0.097662*x19*x21  - 3.175530*x19*x22 + 6.806626*x19*x23  - 3.832008*x19*x24  - 6.377314*x19*x25  - 5.468791*x19*x26 + 4.125080*x19*x27  - 7.801079*x19*x28  - 1.906619*x19*x29  - 0.736024*x19*x30 + 2.860320*x20*x1 + 1.010186*x20*x2  - 1.787985*x20*x3  - 3.966878*x20*x4  - 6.463852*x20*x5 + 2.854266*x20*x6 + 0.006630*x20*x7  - 2.449297*x20*x8  - 3.655363*x20*x9 + 4.543541*x20*x10  - 5.782844*x20*x11  - 4.273791*x20*x12 + 2.467251*x20*x13  - 6.257165*x20*x14  - 7.037548*x20*x15  - 8.100253*x20*x16 + 4.623428*x20*x17  - 8.531638*x20*x18  - 0.607192*x20*x19 + 0.383100*x20*x20  - 2.598266*x20*x21  - 8.844876*x20*x22 + 6.147462*x20*x23  - 1.775413*x20*x24  - 4.568233*x20*x25  - 2.221882*x20*x26  - 0.074521*x20*x27  - 8.386831*x20*x28 + 2.500111*x20*x29  - 2.106017*x20*x30 + 3.059082*x21*x1  - 5.488549*x21*x2 + 1.445454*x21*x3  - 0.578628*x21*x4 + 4.375868*x21*x5  - 2.584527*x21*x6  - 3.153651*x21*x7  - 3.977862*x21*x8 + 4.615220*x21*x9 + 1.522302*x21*x10  - 5.153940*x21*x11  - 1.237318*x21*x12 + 1.196892*x21*x13 + 1.707382*x21*x14 + 0.327139*x21*x15  - 3.755895*x21*x16  - 2.847040*x21*x17  - 6.815184*x21*x18  - 0.097662*x21*x19  - 2.598266*x21*x20  - 0.844954*x21*x21  - 1.569916*x21*x22 + 2.704212*x21*x23  - 6.270287*x21*x24 + 1.140923*x21*x25  - 1.335081*x21*x26  - 3.072575*x21*x27 + 8.881274*x21*x28 + 2.144049*x21*x29  - 1.787215*x21*x30 + 0.444494*x22*x1  - 4.568684*x22*x2 + 3.190645*x22*x3  - 0.625064*x22*x4  - 6.437439*x22*x5 + 1.002679*x22*x6  - 1.768802*x22*x7 + 5.391792*x22*x8  - 2.922003*x22*x9  - 7.203264*x22*x10 + 3.027466*x22*x11  - 9.563323*x22*x12 + 0.254509*x22*x13  - 2.258103*x22*x14 + 5.151310*x22*x15 + 2.128403*x22*x16 + 0.094685*x22*x17 + 2.006059*x22*x18  - 3.175530*x22*x19  - 8.844876*x22*x20  - 1.569916*x22*x21 + 0.622341*x22*x22 + 0.288261*x22*x23  - 0.992030*x22*x24  - 5.059664*x22*x25  - 9.502410*x22*x26 + 0.988942*x22*x27  - 2.407316*x22*x28 + 4.886305*x22*x29 + 4.011432*x22*x30  - 2.501127*x23*x1  - 5.936375*x23*x2  - 2.408391*x23*x3 + 0.700764*x23*x4  - 2.320052*x23*x5  - 3.721655*x23*x6  - 5.545029*x23*x7  - 1.366847*x23*x8  - 2.040338*x23*x9 + 5.896893*x23*x10 + 3.804848*x23*x11  - 0.669807*x23*x12 + 3.484009*x23*x13  - 3.122756*x23*x14 + 0.678334*x23*x15  - 3.516313*x23*x16  - 0.300427*x23*x17  - 3.441601*x23*x18 + 6.806626*x23*x19 + 6.147462*x23*x20 + 2.704212*x23*x21 + 0.288261*x23*x22 + 0.650169*x23*x23 + 1.464915*x23*x24  - 4.786467*x23*x25  - 3.953534*x23*x26  - 0.055044*x23*x27  - 3.561061*x23*x28 + 0.897800*x23*x29  - 2.498888*x23*x30  - 2.081776*x24*x1 + 1.477400*x24*x2  - 4.601498*x24*x3 + 5.468001*x24*x4 + 3.113338*x24*x5  - 4.641145*x24*x6  - 1.209099*x24*x7  - 0.052861*x24*x8  - 3.395813*x24*x9 + 3.234333*x24*x10  - 1.872010*x24*x11  - 5.570704*x24*x12 + 3.331858*x24*x13 + 2.005078*x24*x14  - 6.951097*x24*x15  - 3.155170*x24*x16  - 3.027832*x24*x17  - 7.540737*x24*x18  - 3.832008*x24*x19  - 1.775413*x24*x20  - 6.270287*x24*x21  - 0.992030*x24*x22 + 1.464915*x24*x23  - 0.988318*x24*x24 + 4.305459*x24*x25 + 1.749090*x24*x26  - 5.355044*x24*x27 + 3.299295*x24*x28  - 9.419469*x24*x29  - 5.090816*x24*x30  - 2.621275*x25*x1  - 3.613659*x25*x2 + 4.892020*x25*x3  - 5.001404*x25*x4  - 3.605001*x25*x5 + 2.662802*x25*x6 + 0.814502*x25*x7 + 3.418444*x25*x8 + 7.027436*x25*x9 + 1.096011*x25*x10 + 3.784094*x25*x11  - 0.855544*x25*x12  - 4.030950*x25*x13  - 6.064208*x25*x14  - 8.314084*x25*x15  - 8.374118*x25*x16  - 1.370087*x25*x17  - 6.720302*x25*x18  - 6.377314*x25*x19  - 4.568233*x25*x20 + 1.140923*x25*x21  - 5.059664*x25*x22  - 4.786467*x25*x23 + 4.305459*x25*x24  - 2.963815*x25*x25  - 3.431877*x25*x26  - 6.799427*x25*x27 + 1.351144*x25*x28  - 4.542740*x25*x29  - 9.053651*x25*x30  - 4.863354*x26*x1 + 5.763607*x26*x2  - 6.474780*x26*x3  - 0.595414*x26*x4  - 2.928724*x26*x5 + 6.937714*x26*x6  - 2.492458*x26*x7 + 2.280875*x26*x8 + 3.017265*x26*x9  - 2.148871*x26*x10 + 0.293082*x26*x11  - 0.133759*x26*x12 + 4.972150*x26*x13 + 6.899046*x26*x14 + 1.693582*x26*x15 + 0.707446*x26*x16  - 4.061009*x26*x17 + 2.915704*x26*x18  - 5.468791*x26*x19  - 2.221882*x26*x20  - 1.335081*x26*x21  - 9.502410*x26*x22  - 3.953534*x26*x23 + 1.749090*x26*x24  - 3.431877*x26*x25 + 2.393318*x26*x26 + 4.648251*x26*x27 + 1.021947*x26*x28 + 2.535401*x26*x29  - 3.570155*x26*x30  - 3.930298*x27*x1  - 2.435108*x27*x2  - 2.159842*x27*x3 + 1.323919*x27*x4  - 0.289267*x27*x5  - 0.861964*x27*x6 + 8.211189*x27*x7  - 1.710106*x27*x8 + 3.650738*x27*x9  - 3.384038*x27*x10  - 8.004293*x27*x11  - 1.404831*x27*x12  - 3.098862*x27*x13 + 1.796911*x27*x14  - 1.427462*x27*x15  - 5.418078*x27*x16 + 2.241011*x27*x17  - 6.377873*x27*x18 + 4.125080*x27*x19  - 0.074521*x27*x20  - 3.072575*x27*x21 + 0.988942*x27*x22  - 0.055044*x27*x23  - 5.355044*x27*x24  - 6.799427*x27*x25 + 4.648251*x27*x26 + 2.728433*x27*x27  - 3.673899*x27*x28  - 1.913060*x27*x29  - 3.763305*x27*x30 + 1.025857*x28*x1  - 6.086104*x28*x2 + 1.732572*x28*x3  - 2.394641*x28*x4  - 8.657273*x28*x5 + 1.017416*x28*x6  - 1.418646*x28*x7 + 3.649303*x28*x8 + 0.895977*x28*x9 + 1.828858*x28*x10 + 3.823355*x28*x11  - 0.789908*x28*x12  - 3.420315*x28*x13  - 1.034509*x28*x14  - 7.433233*x28*x15  - 3.771351*x28*x16 + 2.822931*x28*x17  - 2.939781*x28*x18  - 7.801079*x28*x19  - 8.386831*x28*x20 + 8.881274*x28*x21  - 2.407316*x28*x22  - 3.561061*x28*x23 + 3.299295*x28*x24 + 1.351144*x28*x25 + 1.021947*x28*x26  - 3.673899*x28*x27  - 1.804928*x28*x28  - 3.397218*x28*x29 + 7.932328*x28*x30  - 8.271888*x29*x1 + 0.995436*x29*x2 + 1.900277*x29*x3 + 2.882993*x29*x4 + 2.882990*x29*x5 + 3.667301*x29*x6  - 4.955489*x29*x7  - 0.796919*x29*x8  - 4.057724*x29*x9  - 3.586851*x29*x10 + 1.193760*x29*x11 + 1.085225*x29*x12  - 4.263405*x29*x13  - 7.288030*x29*x14  - 2.859000*x29*x15  - 5.426910*x29*x16  - 0.482451*x29*x17  - 3.626495*x29*x18  - 1.906619*x29*x19 + 2.500111*x29*x20 + 2.144049*x29*x21 + 4.886305*x29*x22 + 0.897800*x29*x23  - 9.419469*x29*x24  - 4.542740*x29*x25 + 2.535401*x29*x26  - 1.913060*x29*x27  - 3.397218*x29*x28  - 1.539802*x29*x29  - 7.994207*x29*x30 + 3.193602*x30*x1 + 4.555946*x30*x2 + 3.224024*x30*x3  - 1.200197*x30*x4 + 4.005820*x30*x5 + 4.689920*x30*x6  - 1.559684*x30*x7 + 4.323090*x30*x8  - 3.898701*x30*x9  - 2.789270*x30*x10  - 1.440825*x30*x11 + 3.808037*x30*x12 + 5.139236*x30*x13 + 7.894059*x30*x14  - 1.344346*x30*x15 + 0.039208*x30*x16  - 7.034998*x30*x17 + 2.074051*x30*x18  - 0.736024*x30*x19  - 2.106017*x30*x20  - 1.787215*x30*x21 + 4.011432*x30*x22  - 2.498888*x30*x23  - 5.090816*x30*x24  - 9.053651*x30*x25  - 3.570155*x30*x26  - 3.763305*x30*x27 + 7.932328*x30*x28  - 7.994207*x30*x29  - 0.055258*x30*x30 ;
