OPTIONS {
 MaxTime: 10000;
 EpsR: 0.000001;
 }
 
VARIABLES	x1,x2,x3,x4,x5,x6,x7,x8,x9,x10,x11,x12,x13,x14,x15,x16,x17,x18,x19,x20,x21,x22,x23,x24,x25,x26,x27,x28,x29,x30;
LOWER_BOUNDS {
x1: 0.000000;
x2: 0.000000;
x3: 0.000000;
x4: 0.000000;
x5: 0.000000;
x6: 0.000000;
x7: 0.000000;
x8: 0.000000;
x9: 0.000000;
x10: 0.000000;
x11: 0.000000;
x12: 0.000000;
x13: 0.000000;
x14: 0.000000;
x15: 0.000000;
x16: 0.000000;
x17: 0.000000;
x18: 0.000000;
x19: 0.000000;
x20: 0.000000;
x21: 0.000000;
x22: 0.000000;
x23: 0.000000;
x24: 0.000000;
x25: 0.000000;
x26: 0.000000;
x27: 0.000000;
x28: 0.000000;
x29: 0.000000;
x30: 0.000000;
}

UPPER_BOUNDS {
x1: 1.000000;
x2: 1.000000;
x3: 1.000000;
x4: 1.000000;
x5: 1.000000;
x6: 1.000000;
x7: 1.000000;
x8: 1.000000;
x9: 1.000000;
x10: 1.000000;
x11: 1.000000;
x12: 1.000000;
x13: 1.000000;
x14: 1.000000;
x15: 1.000000;
x16: 1.000000;
x17: 1.000000;
x18: 1.000000;
x19: 1.000000;
x20: 1.000000;
x21: 1.000000;
x22: 1.000000;
x23: 1.000000;
x24: 1.000000;
x25: 1.000000;
x26: 1.000000;
x27: 1.000000;
x28: 1.000000;
x29: 1.000000;
x30: 1.000000;
}

EQUATIONS e1;

e1:  1.000000*x1  + 1.000000*x2  + 1.000000*x3  + 1.000000*x4  + 1.000000*x5  + 1.000000*x6  + 1.000000*x7  + 1.000000*x8  + 1.000000*x9  + 1.000000*x10  + 1.000000*x11  + 1.000000*x12  + 1.000000*x13  + 1.000000*x14  + 1.000000*x15  + 1.000000*x16  + 1.000000*x17  + 1.000000*x18  + 1.000000*x19  + 1.000000*x20  + 1.000000*x21  + 1.000000*x22  + 1.000000*x23  + 1.000000*x24  + 1.000000*x25  + 1.000000*x26  + 1.000000*x27  + 1.000000*x28  + 1.000000*x29  + 1.000000*x30  == 1.000000;

OBJ: minimize	 4.196230*x1*x1  - 1.841350*x1*x2  - 6.192110*x1*x3  - 4.654660*x1*x4  - 2.394632*x1*x5  - 1.113445*x1*x6  - 5.204646*x1*x7  - 5.550266*x1*x8  - 3.461941*x1*x9  - 5.148030*x1*x10  - 1.679264*x1*x11  - 2.330533*x1*x12  - 6.862939*x1*x13  - 1.204029*x1*x14  - 7.155544*x1*x15  - 3.651176*x1*x16  - 4.208897*x1*x17  - 2.653723*x1*x18  - 6.159530*x1*x19  - 4.547694*x1*x20  - 1.751271*x1*x21  - 6.349776*x1*x22  - 6.521829*x1*x23  - 5.280033*x1*x24  - 8.120014*x1*x25  - 5.581312*x1*x26  - 8.989703*x1*x27  - 0.621361*x1*x28  - 2.729103*x1*x29  - 8.185044*x1*x30  - 1.841350*x2*x1 + 4.379608*x2*x2  - 5.570019*x2*x3  - 4.244709*x2*x4  - 6.540581*x2*x5  - 7.885734*x2*x6  - 7.683391*x2*x7  - 8.449075*x2*x8  - 2.413284*x2*x9  - 2.973102*x2*x10  - 5.774899*x2*x11  - 2.298873*x2*x12  - 2.768215*x2*x13  - 1.196539*x2*x14  - 3.334315*x2*x15  - 3.190868*x2*x16  - 5.964454*x2*x17  - 1.543906*x2*x18  - 7.462049*x2*x19  - 6.398500*x2*x20  - 7.602200*x2*x21  - 4.315189*x2*x22  - 6.988953*x2*x23  - 0.186753*x2*x24  - 3.749174*x2*x25  - 8.782911*x2*x26  - 4.799979*x2*x27  - 3.326411*x2*x28  - 3.390955*x2*x29  - 8.729982*x2*x30  - 6.192110*x3*x1  - 5.570019*x3*x2 + 3.102519*x3*x3  - 6.567464*x3*x4  - 6.341617*x3*x5  - 3.732515*x3*x6  - 5.101760*x3*x7  - 2.492733*x3*x8  - 2.882765*x3*x9  - 5.732683*x3*x10  - 8.294267*x3*x11  - 8.152494*x3*x12  - 8.017108*x3*x13  - 4.249146*x3*x14  - 5.647337*x3*x15  - 1.225083*x3*x16  - 2.139790*x3*x17  - 6.285478*x3*x18  - 6.262451*x3*x19  - 8.513666*x3*x20  - 2.589577*x3*x21  - 7.925050*x3*x22  - 8.516098*x3*x23  - 3.620719*x3*x24  - 6.849378*x3*x25  - 5.002844*x3*x26  - 1.734730*x3*x27  - 4.031608*x3*x28  - 6.500169*x3*x29  - 3.966574*x3*x30  - 4.654660*x4*x1  - 4.244709*x4*x2  - 6.567464*x4*x3 + 1.667710*x4*x4  - 9.603615*x4*x5  - 5.639273*x4*x6  - 4.667574*x4*x7  - 4.509410*x4*x8  - 3.466901*x4*x9  - 2.347042*x4*x10  - 6.686130*x4*x11  - 3.969436*x4*x12  - 4.466921*x4*x13  - 2.474411*x4*x14  - 3.348407*x4*x15  - 3.661078*x4*x16  - 6.645084*x4*x17  - 6.054078*x4*x18  - 1.691952*x4*x19  - 7.649020*x4*x20  - 4.857337*x4*x21  - 4.313293*x4*x22  - 2.333122*x4*x23  - 3.201276*x4*x24  - 5.133632*x4*x25  - 6.665926*x4*x26  - 4.461617*x4*x27  - 2.698615*x4*x28  - 5.556089*x4*x29  - 9.611256*x4*x30  - 2.394632*x5*x1  - 6.540581*x5*x2  - 6.341617*x5*x3  - 9.603615*x5*x4 + 3.916598*x5*x5  - 2.597194*x5*x6  - 4.357696*x5*x7  - 9.096212*x5*x8  - 7.186398*x5*x9  - 4.557579*x5*x10  - 5.160588*x5*x11  - 3.980970*x5*x12  - 4.019907*x5*x13  - 7.443681*x5*x14  - 6.192363*x5*x15  - 4.468245*x5*x16  - 1.629008*x5*x17  - 7.120685*x5*x18  - 8.216363*x5*x19  - 2.443434*x5*x20  - 5.811563*x5*x21  - 3.603812*x5*x22  - 4.185633*x5*x23  - 1.813035*x5*x24  - 4.041430*x5*x25  - 5.333483*x5*x26  - 7.862015*x5*x27  - 5.145410*x5*x28  - 9.310105*x5*x29  - 4.773190*x5*x30  - 1.113445*x6*x1  - 7.885734*x6*x2  - 3.732515*x6*x3  - 5.639273*x6*x4  - 2.597194*x6*x5 + 1.427134*x6*x6  - 7.981768*x6*x7  - 2.736170*x6*x8  - 2.798427*x6*x9  - 8.830038*x6*x10  - 3.225596*x6*x11  - 4.453529*x6*x12  - 4.905727*x6*x13  - 5.577521*x6*x14  - 7.875810*x6*x15  - 5.967054*x6*x16  - 5.699745*x6*x17  - 7.146297*x6*x18  - 5.827300*x6*x19  - 6.198774*x6*x20  - 4.402925*x6*x21  - 4.886707*x6*x22  - 5.289592*x6*x23  - 3.372073*x6*x24  - 7.781969*x6*x25  - 0.913535*x6*x26  - 7.763250*x6*x27  - 4.889612*x6*x28  - 2.369959*x6*x29  - 1.100852*x6*x30  - 5.204646*x7*x1  - 7.683391*x7*x2  - 5.101760*x7*x3  - 4.667574*x7*x4  - 4.357696*x7*x5  - 7.981768*x7*x6 + 1.804934*x7*x7  - 7.070977*x7*x8  - 5.417394*x7*x9  - 6.898112*x7*x10  - 4.762037*x7*x11  - 2.705426*x7*x12  - 6.397835*x7*x13  - 4.676608*x7*x14  - 2.703585*x7*x15  - 4.362849*x7*x16  - 6.397498*x7*x17  - 4.038090*x7*x18  - 2.924347*x7*x19  - 6.364407*x7*x20  - 5.774917*x7*x21  - 8.232448*x7*x22  - 4.221386*x7*x23  - 7.083142*x7*x24  - 4.021598*x7*x25  - 4.761982*x7*x26  - 7.721019*x7*x27  - 3.860566*x7*x28  - 7.581643*x7*x29  - 5.295738*x7*x30  - 5.550266*x8*x1  - 8.449075*x8*x2  - 2.492733*x8*x3  - 4.509410*x8*x4  - 9.096212*x8*x5  - 2.736170*x8*x6  - 7.070977*x8*x7 + 2.420275*x8*x8  - 5.512220*x8*x9  - 2.594220*x8*x10  - 8.214408*x8*x11  - 7.783945*x8*x12  - 8.549286*x8*x13  - 8.933763*x8*x14  - 6.090558*x8*x15  - 2.608826*x8*x16  - 4.053813*x8*x17  - 5.579193*x8*x18  - 4.364982*x8*x19  - 4.693020*x8*x20  - 6.919804*x8*x21  - 5.832884*x8*x22  - 5.791560*x8*x23  - 6.820152*x8*x24  - 2.061672*x8*x25  - 7.975309*x8*x26  - 4.301957*x8*x27  - 8.645846*x8*x28  - 5.251054*x8*x29  - 7.750451*x8*x30  - 3.461941*x9*x1  - 2.413284*x9*x2  - 2.882765*x9*x3  - 3.466901*x9*x4  - 7.186398*x9*x5  - 2.798427*x9*x6  - 5.417394*x9*x7  - 5.512220*x9*x8 + 0.563446*x9*x9  - 6.453562*x9*x10  - 5.902796*x9*x11  - 5.647560*x9*x12  - 2.977887*x9*x13  - 2.976103*x9*x14  - 1.884661*x9*x15  - 4.572148*x9*x16  - 5.366633*x9*x17  - 1.915133*x9*x18  - 4.322508*x9*x19  - 6.265539*x9*x20  - 5.268660*x9*x21  - 4.367353*x9*x22  - 6.284524*x9*x23  - 3.345945*x9*x24  - 6.071328*x9*x25  - 2.592660*x9*x26  - 3.803210*x9*x27  - 7.060411*x9*x28  - 6.856512*x9*x29  - 2.604677*x9*x30  - 5.148030*x10*x1  - 2.973102*x10*x2  - 5.732683*x10*x3  - 2.347042*x10*x4  - 4.557579*x10*x5  - 8.830038*x10*x6  - 6.898112*x10*x7  - 2.594220*x10*x8  - 6.453562*x10*x9 + 0.390133*x10*x10  - 5.038302*x10*x11  - 5.038990*x10*x12  - 7.239422*x10*x13  - 1.738509*x10*x14  - 7.089418*x10*x15  - 2.225123*x10*x16  - 2.962304*x10*x17  - 5.513439*x10*x18  - 6.500680*x10*x19  - 5.521808*x10*x20  - 7.084176*x10*x21  - 6.630761*x10*x22  - 4.789822*x10*x23  - 2.638784*x10*x24  - 3.212810*x10*x25  - 6.298427*x10*x26  - 4.229863*x10*x27  - 1.425514*x10*x28  - 8.307411*x10*x29  - 5.275925*x10*x30  - 1.679264*x11*x1  - 5.774899*x11*x2  - 8.294267*x11*x3  - 6.686130*x11*x4  - 5.160588*x11*x5  - 3.225596*x11*x6  - 4.762037*x11*x7  - 8.214408*x11*x8  - 5.902796*x11*x9  - 5.038302*x11*x10 + 2.736605*x11*x11  - 6.558655*x11*x12  - 7.114593*x11*x13  - 3.022907*x11*x14  - 6.668524*x11*x15  - 4.782309*x11*x16  - 3.128874*x11*x17  - 3.314206*x11*x18  - 5.099392*x11*x19  - 4.101771*x11*x20  - 4.395984*x11*x21  - 6.174404*x11*x22  - 2.725657*x11*x23  - 1.927394*x11*x24  - 3.290106*x11*x25  - 5.028600*x11*x26  - 7.896120*x11*x27  - 6.059137*x11*x28  - 4.131070*x11*x29  - 5.826176*x11*x30  - 2.330533*x12*x1  - 2.298873*x12*x2  - 8.152494*x12*x3  - 3.969436*x12*x4  - 3.980970*x12*x5  - 4.453529*x12*x6  - 2.705426*x12*x7  - 7.783945*x12*x8  - 5.647560*x12*x9  - 5.038990*x12*x10  - 6.558655*x12*x11 + 3.406217*x12*x12  - 7.503646*x12*x13  - 8.425754*x12*x14  - 3.934290*x12*x15  - 6.794970*x12*x16  - 5.521901*x12*x17  - 2.565974*x12*x18  - 8.769947*x12*x19  - 5.701894*x12*x20  - 3.020521*x12*x21  - 1.745262*x12*x22  - 2.038099*x12*x23  - 3.010165*x12*x24  - 7.371378*x12*x25  - 2.886869*x12*x26  - 3.782691*x12*x27  - 6.022359*x12*x28  - 6.810977*x12*x29  - 3.394990*x12*x30  - 6.862939*x13*x1  - 2.768215*x13*x2  - 8.017108*x13*x3  - 4.466921*x13*x4  - 4.019907*x13*x5  - 4.905727*x13*x6  - 6.397835*x13*x7  - 8.549286*x13*x8  - 2.977887*x13*x9  - 7.239422*x13*x10  - 7.114593*x13*x11  - 7.503646*x13*x12 + 3.364579*x13*x13  - 4.947250*x13*x14  - 3.112101*x13*x15  - 1.510772*x13*x16  - 8.288639*x13*x17  - 4.871329*x13*x18  - 7.025092*x13*x19  - 4.094191*x13*x20  - 8.158562*x13*x21  - 3.281131*x13*x22  - 7.352739*x13*x23  - 7.054460*x13*x24  - 5.709677*x13*x25  - 7.150542*x13*x26  - 7.478554*x13*x27  - 6.995674*x13*x28  - 4.678449*x13*x29  - 5.171208*x13*x30  - 1.204029*x14*x1  - 1.196539*x14*x2  - 4.249146*x14*x3  - 2.474411*x14*x4  - 7.443681*x14*x5  - 5.577521*x14*x6  - 4.676608*x14*x7  - 8.933763*x14*x8  - 2.976103*x14*x9  - 1.738509*x14*x10  - 3.022907*x14*x11  - 8.425754*x14*x12  - 4.947250*x14*x13 + 1.324569*x14*x14  - 9.641410*x14*x15  - 9.167907*x14*x16  - 1.340148*x14*x17  - 2.712414*x14*x18  - 4.811736*x14*x19  - 7.737744*x14*x20  - 2.449132*x14*x21  - 2.983009*x14*x22  - 1.996833*x14*x23  - 6.612305*x14*x24  - 3.414811*x14*x25  - 9.687714*x14*x26  - 4.254058*x14*x27  - 5.676883*x14*x28  - 4.895586*x14*x29  - 5.119715*x14*x30  - 7.155544*x15*x1  - 3.334315*x15*x2  - 5.647337*x15*x3  - 3.348407*x15*x4  - 6.192363*x15*x5  - 7.875810*x15*x6  - 2.703585*x15*x7  - 6.090558*x15*x8  - 1.884661*x15*x9  - 7.089418*x15*x10  - 6.668524*x15*x11  - 3.934290*x15*x12  - 3.112101*x15*x13  - 9.641410*x15*x14 + 2.230964*x15*x15  - 8.993338*x15*x16  - 5.781476*x15*x17  - 4.907306*x15*x18  - 6.884305*x15*x19  - 4.645356*x15*x20  - 5.553386*x15*x21  - 4.845495*x15*x22  - 5.951030*x15*x23  - 6.228272*x15*x24  - 5.755172*x15*x25  - 6.173412*x15*x26  - 5.294951*x15*x27  - 5.963197*x15*x28  - 3.648674*x15*x29  - 5.996188*x15*x30  - 3.651176*x16*x1  - 3.190868*x16*x2  - 1.225083*x16*x3  - 3.661078*x16*x4  - 4.468245*x16*x5  - 5.967054*x16*x6  - 4.362849*x16*x7  - 2.608826*x16*x8  - 4.572148*x16*x9  - 2.225123*x16*x10  - 4.782309*x16*x11  - 6.794970*x16*x12  - 1.510772*x16*x13  - 9.167907*x16*x14  - 8.993338*x16*x15 + 2.581089*x16*x16  - 7.050587*x16*x17  - 4.135565*x16*x18  - 4.835410*x16*x19  - 3.242972*x16*x20  - 4.080028*x16*x21  - 4.117160*x16*x22  - 4.386204*x16*x23  - 4.716049*x16*x24  - 2.074497*x16*x25  - 6.649952*x16*x26  - 5.295673*x16*x27  - 5.845643*x16*x28  - 1.803750*x16*x29  - 5.004871*x16*x30  - 4.208897*x17*x1  - 5.964454*x17*x2  - 2.139790*x17*x3  - 6.645084*x17*x4  - 1.629008*x17*x5  - 5.699745*x17*x6  - 6.397498*x17*x7  - 4.053813*x17*x8  - 5.366633*x17*x9  - 2.962304*x17*x10  - 3.128874*x17*x11  - 5.521901*x17*x12  - 8.288639*x17*x13  - 1.340148*x17*x14  - 5.781476*x17*x15  - 7.050587*x17*x16 + 2.753559*x17*x17  - 5.066159*x17*x18  - 3.796615*x17*x19  - 7.476654*x17*x20  - 7.869204*x17*x21  - 2.538662*x17*x22  - 7.352781*x17*x23  - 4.157181*x17*x24  - 6.438006*x17*x25  - 6.640752*x17*x26  - 6.397426*x17*x27  - 5.392453*x17*x28  - 5.631939*x17*x29  - 4.944237*x17*x30  - 2.653723*x18*x1  - 1.543906*x18*x2  - 6.285478*x18*x3  - 6.054078*x18*x4  - 7.120685*x18*x5  - 7.146297*x18*x6  - 4.038090*x18*x7  - 5.579193*x18*x8  - 1.915133*x18*x9  - 5.513439*x18*x10  - 3.314206*x18*x11  - 2.565974*x18*x12  - 4.871329*x18*x13  - 2.712414*x18*x14  - 4.907306*x18*x15  - 4.135565*x18*x16  - 5.066159*x18*x17 + 2.795731*x18*x18  - 2.190238*x18*x19  - 7.854426*x18*x20  - 5.250944*x18*x21  - 7.600830*x18*x22  - 2.580664*x18*x23  - 5.920829*x18*x24  - 5.958443*x18*x25  - 5.740171*x18*x26  - 5.123952*x18*x27  - 7.472689*x18*x28  - 5.665526*x18*x29  - 2.842620*x18*x30  - 6.159530*x19*x1  - 7.462049*x19*x2  - 6.262451*x19*x3  - 1.691952*x19*x4  - 8.216363*x19*x5  - 5.827300*x19*x6  - 2.924347*x19*x7  - 4.364982*x19*x8  - 4.322508*x19*x9  - 6.500680*x19*x10  - 5.099392*x19*x11  - 8.769947*x19*x12  - 7.025092*x19*x13  - 4.811736*x19*x14  - 6.884305*x19*x15  - 4.835410*x19*x16  - 3.796615*x19*x17  - 2.190238*x19*x18 + 3.067166*x19*x19  - 4.367272*x19*x20  - 6.983418*x19*x21  - 4.747036*x19*x22  - 8.610775*x19*x23  - 4.583499*x19*x24  - 2.411733*x19*x25  - 2.752087*x19*x26  - 3.730631*x19*x27  - 4.278268*x19*x28  - 1.471586*x19*x29  - 2.355490*x19*x30  - 4.547694*x20*x1  - 6.398500*x20*x2  - 8.513666*x20*x3  - 7.649020*x20*x4  - 2.443434*x20*x5  - 6.198774*x20*x6  - 6.364407*x20*x7  - 4.693020*x20*x8  - 6.265539*x20*x9  - 5.521808*x20*x10  - 4.101771*x20*x11  - 5.701894*x20*x12  - 4.094191*x20*x13  - 7.737744*x20*x14  - 4.645356*x20*x15  - 3.242972*x20*x16  - 7.476654*x20*x17  - 7.854426*x20*x18  - 4.367272*x20*x19 + 2.945598*x20*x20  - 4.450917*x20*x21  - 1.788452*x20*x22  - 3.181367*x20*x23  - 6.283963*x20*x24  - 9.357295*x20*x25  - 7.368477*x20*x26  - 4.748514*x20*x27  - 5.395486*x20*x28  - 5.171562*x20*x29  - 8.445299*x20*x30  - 1.751271*x21*x1  - 7.602200*x21*x2  - 2.589577*x21*x3  - 4.857337*x21*x4  - 5.811563*x21*x5  - 4.402925*x21*x6  - 5.774917*x21*x7  - 6.919804*x21*x8  - 5.268660*x21*x9  - 7.084176*x21*x10  - 4.395984*x21*x11  - 3.020521*x21*x12  - 8.158562*x21*x13  - 2.449132*x21*x14  - 5.553386*x21*x15  - 4.080028*x21*x16  - 7.869204*x21*x17  - 5.250944*x21*x18  - 6.983418*x21*x19  - 4.450917*x21*x20 + 0.885802*x21*x21  - 0.574890*x21*x22  - 2.994858*x21*x23  - 5.861785*x21*x24  - 7.646024*x21*x25  - 4.562622*x21*x26  - 9.228899*x21*x27  - 5.504790*x21*x28  - 2.154353*x21*x29  - 5.574692*x21*x30  - 6.349776*x22*x1  - 4.315189*x22*x2  - 7.925050*x22*x3  - 4.313293*x22*x4  - 3.603812*x22*x5  - 4.886707*x22*x6  - 8.232448*x22*x7  - 5.832884*x22*x8  - 4.367353*x22*x9  - 6.630761*x22*x10  - 6.174404*x22*x11  - 1.745262*x22*x12  - 3.281131*x22*x13  - 2.983009*x22*x14  - 4.845495*x22*x15  - 4.117160*x22*x16  - 2.538662*x22*x17  - 7.600830*x22*x18  - 4.747036*x22*x19  - 1.788452*x22*x20  - 0.574890*x22*x21 + 3.703101*x22*x22  - 7.494578*x22*x23  - 4.842091*x22*x24  - 5.131614*x22*x25  - 4.256547*x22*x26  - 4.833440*x22*x27  - 6.199657*x22*x28  - 6.036627*x22*x29  - 1.690726*x22*x30  - 6.521829*x23*x1  - 6.988953*x23*x2  - 8.516098*x23*x3  - 2.333122*x23*x4  - 4.185633*x23*x5  - 5.289592*x23*x6  - 4.221386*x23*x7  - 5.791560*x23*x8  - 6.284524*x23*x9  - 4.789822*x23*x10  - 2.725657*x23*x11  - 2.038099*x23*x12  - 7.352739*x23*x13  - 1.996833*x23*x14  - 5.951030*x23*x15  - 4.386204*x23*x16  - 7.352781*x23*x17  - 2.580664*x23*x18  - 8.610775*x23*x19  - 3.181367*x23*x20  - 2.994858*x23*x21  - 7.494578*x23*x22 + 1.168541*x23*x23  - 7.380470*x23*x24  - 4.785305*x23*x25  - 3.536892*x23*x26  - 6.081495*x23*x27  - 3.651114*x23*x28  - 6.321708*x23*x29  - 4.738682*x23*x30  - 5.280033*x24*x1  - 0.186753*x24*x2  - 3.620719*x24*x3  - 3.201276*x24*x4  - 1.813035*x24*x5  - 3.372073*x24*x6  - 7.083142*x24*x7  - 6.820152*x24*x8  - 3.345945*x24*x9  - 2.638784*x24*x10  - 1.927394*x24*x11  - 3.010165*x24*x12  - 7.054460*x24*x13  - 6.612305*x24*x14  - 6.228272*x24*x15  - 4.716049*x24*x16  - 4.157181*x24*x17  - 5.920829*x24*x18  - 4.583499*x24*x19  - 6.283963*x24*x20  - 5.861785*x24*x21  - 4.842091*x24*x22  - 7.380470*x24*x23 + 3.298776*x24*x24  - 9.313806*x24*x25  - 2.088602*x24*x26  - 4.659189*x24*x27  - 6.915861*x24*x28  - 4.937902*x24*x29  - 2.889876*x24*x30  - 8.120014*x25*x1  - 3.749174*x25*x2  - 6.849378*x25*x3  - 5.133632*x25*x4  - 4.041430*x25*x5  - 7.781969*x25*x6  - 4.021598*x25*x7  - 2.061672*x25*x8  - 6.071328*x25*x9  - 3.212810*x25*x10  - 3.290106*x25*x11  - 7.371378*x25*x12  - 5.709677*x25*x13  - 3.414811*x25*x14  - 5.755172*x25*x15  - 2.074497*x25*x16  - 6.438006*x25*x17  - 5.958443*x25*x18  - 2.411733*x25*x19  - 9.357295*x25*x20  - 7.646024*x25*x21  - 5.131614*x25*x22  - 4.785305*x25*x23  - 9.313806*x25*x24 + 1.962272*x25*x25  - 7.092456*x25*x26  - 6.492481*x25*x27  - 3.677657*x25*x28  - 4.998343*x25*x29  - 7.462729*x25*x30  - 5.581312*x26*x1  - 8.782911*x26*x2  - 5.002844*x26*x3  - 6.665926*x26*x4  - 5.333483*x26*x5  - 0.913535*x26*x6  - 4.761982*x26*x7  - 7.975309*x26*x8  - 2.592660*x26*x9  - 6.298427*x26*x10  - 5.028600*x26*x11  - 2.886869*x26*x12  - 7.150542*x26*x13  - 9.687714*x26*x14  - 6.173412*x26*x15  - 6.649952*x26*x16  - 6.640752*x26*x17  - 5.740171*x26*x18  - 2.752087*x26*x19  - 7.368477*x26*x20  - 4.562622*x26*x21  - 4.256547*x26*x22  - 3.536892*x26*x23  - 2.088602*x26*x24  - 7.092456*x26*x25 + 2.562904*x26*x26  - 5.177655*x26*x27  - 3.067370*x26*x28  - 2.562475*x26*x29  - 5.511157*x26*x30  - 8.989703*x27*x1  - 4.799979*x27*x2  - 1.734730*x27*x3  - 4.461617*x27*x4  - 7.862015*x27*x5  - 7.763250*x27*x6  - 7.721019*x27*x7  - 4.301957*x27*x8  - 3.803210*x27*x9  - 4.229863*x27*x10  - 7.896120*x27*x11  - 3.782691*x27*x12  - 7.478554*x27*x13  - 4.254058*x27*x14  - 5.294951*x27*x15  - 5.295673*x27*x16  - 6.397426*x27*x17  - 5.123952*x27*x18  - 3.730631*x27*x19  - 4.748514*x27*x20  - 9.228899*x27*x21  - 4.833440*x27*x22  - 6.081495*x27*x23  - 4.659189*x27*x24  - 6.492481*x27*x25  - 5.177655*x27*x26 + 1.701982*x27*x27  - 5.369611*x27*x28  - 4.767713*x27*x29  - 4.026841*x27*x30  - 0.621361*x28*x1  - 3.326411*x28*x2  - 4.031608*x28*x3  - 2.698615*x28*x4  - 5.145410*x28*x5  - 4.889612*x28*x6  - 3.860566*x28*x7  - 8.645846*x28*x8  - 7.060411*x28*x9  - 1.425514*x28*x10  - 6.059137*x28*x11  - 6.022359*x28*x12  - 6.995674*x28*x13  - 5.676883*x28*x14  - 5.963197*x28*x15  - 5.845643*x28*x16  - 5.392453*x28*x17  - 7.472689*x28*x18  - 4.278268*x28*x19  - 5.395486*x28*x20  - 5.504790*x28*x21  - 6.199657*x28*x22  - 3.651114*x28*x23  - 6.915861*x28*x24  - 3.677657*x28*x25  - 3.067370*x28*x26  - 5.369611*x28*x27 + 1.396152*x28*x28  - 1.309085*x28*x29  - 2.068299*x28*x30  - 2.729103*x29*x1  - 3.390955*x29*x2  - 6.500169*x29*x3  - 5.556089*x29*x4  - 9.310105*x29*x5  - 2.369959*x29*x6  - 7.581643*x29*x7  - 5.251054*x29*x8  - 6.856512*x29*x9  - 8.307411*x29*x10  - 4.131070*x29*x11  - 6.810977*x29*x12  - 4.678449*x29*x13  - 4.895586*x29*x14  - 3.648674*x29*x15  - 1.803750*x29*x16  - 5.631939*x29*x17  - 5.665526*x29*x18  - 1.471586*x29*x19  - 5.171562*x29*x20  - 2.154353*x29*x21  - 6.036627*x29*x22  - 6.321708*x29*x23  - 4.937902*x29*x24  - 4.998343*x29*x25  - 2.562475*x29*x26  - 4.767713*x29*x27  - 1.309085*x29*x28 + 2.467425*x29*x29  - 2.807475*x29*x30  - 8.185044*x30*x1  - 8.729982*x30*x2  - 3.966574*x30*x3  - 9.611256*x30*x4  - 4.773190*x30*x5  - 1.100852*x30*x6  - 5.295738*x30*x7  - 7.750451*x30*x8  - 2.604677*x30*x9  - 5.275925*x30*x10  - 5.826176*x30*x11  - 3.394990*x30*x12  - 5.171208*x30*x13  - 5.119715*x30*x14  - 5.996188*x30*x15  - 5.004871*x30*x16  - 4.944237*x30*x17  - 2.842620*x30*x18  - 2.355490*x30*x19  - 8.445299*x30*x20  - 5.574692*x30*x21  - 1.690726*x30*x22  - 4.738682*x30*x23  - 2.889876*x30*x24  - 7.462729*x30*x25  - 5.511157*x30*x26  - 4.026841*x30*x27  - 2.068299*x30*x28  - 2.807475*x30*x29 + 4.264650*x30*x30 ;
