OPTIONS {
 MaxTime: 10000;
 EpsR: 0.000001;
 }
 
VARIABLES	x1,x2,x3,x4,x5,x6,x7,x8,x9,x10,x11,x12,x13,x14,x15,x16,x17,x18,x19,x20,x21,x22,x23,x24,x25,x26,x27,x28,x29,x30;
LOWER_BOUNDS {
x1: 0.000000;
x2: 0.000000;
x3: 0.000000;
x4: 0.000000;
x5: 0.000000;
x6: 0.000000;
x7: 0.000000;
x8: 0.000000;
x9: 0.000000;
x10: 0.000000;
x11: 0.000000;
x12: 0.000000;
x13: 0.000000;
x14: 0.000000;
x15: 0.000000;
x16: 0.000000;
x17: 0.000000;
x18: 0.000000;
x19: 0.000000;
x20: 0.000000;
x21: 0.000000;
x22: 0.000000;
x23: 0.000000;
x24: 0.000000;
x25: 0.000000;
x26: 0.000000;
x27: 0.000000;
x28: 0.000000;
x29: 0.000000;
x30: 0.000000;
}

UPPER_BOUNDS {
x1: 1.000000;
x2: 1.000000;
x3: 1.000000;
x4: 1.000000;
x5: 1.000000;
x6: 1.000000;
x7: 1.000000;
x8: 1.000000;
x9: 1.000000;
x10: 1.000000;
x11: 1.000000;
x12: 1.000000;
x13: 1.000000;
x14: 1.000000;
x15: 1.000000;
x16: 1.000000;
x17: 1.000000;
x18: 1.000000;
x19: 1.000000;
x20: 1.000000;
x21: 1.000000;
x22: 1.000000;
x23: 1.000000;
x24: 1.000000;
x25: 1.000000;
x26: 1.000000;
x27: 1.000000;
x28: 1.000000;
x29: 1.000000;
x30: 1.000000;
}

EQUATIONS e1;

e1:  1.000000*x1  + 1.000000*x2  + 1.000000*x3  + 1.000000*x4  + 1.000000*x5  + 1.000000*x6  + 1.000000*x7  + 1.000000*x8  + 1.000000*x9  + 1.000000*x10  + 1.000000*x11  + 1.000000*x12  + 1.000000*x13  + 1.000000*x14  + 1.000000*x15  + 1.000000*x16  + 1.000000*x17  + 1.000000*x18  + 1.000000*x19  + 1.000000*x20  + 1.000000*x21  + 1.000000*x22  + 1.000000*x23  + 1.000000*x24  + 1.000000*x25  + 1.000000*x26  + 1.000000*x27  + 1.000000*x28  + 1.000000*x29  + 1.000000*x30  == 1.000000;

OBJ: minimize	 0.605243*x1*x1  - 1.086966*x1*x2 + 7.389572*x1*x3  - 3.345937*x1*x4  - 3.648862*x1*x5 + 0.333853*x1*x6 + 5.935665*x1*x7 + 7.285203*x1*x8 + 3.292364*x1*x9 + 4.140075*x1*x10  - 1.856982*x1*x11  - 5.482103*x1*x12  - 4.839271*x1*x13  - 0.724729*x1*x14 + 8.779895*x1*x15 + 1.174588*x1*x16 + 1.665934*x1*x17 + 5.214170*x1*x18  - 6.815901*x1*x19  - 2.662001*x1*x20 + 1.942175*x1*x21 + 4.223874*x1*x22  - 1.705092*x1*x23  - 0.825642*x1*x24 + 1.310090*x1*x25  - 5.080553*x1*x26  - 0.593733*x1*x27  - 2.873398*x1*x28  - 1.768091*x1*x29  - 6.060627*x1*x30  - 1.086966*x2*x1 + 0.822084*x2*x2 + 7.595406*x2*x3  - 3.840121*x2*x4 + 1.484621*x2*x5  - 8.730368*x2*x6  - 0.719342*x2*x7  - 1.174176*x2*x8  - 7.076825*x2*x9  - 2.422303*x2*x10  - 2.530425*x2*x11 + 2.118182*x2*x12 + 6.241479*x2*x13  - 1.662910*x2*x14 + 1.559733*x2*x15  - 2.808968*x2*x16 + 6.921440*x2*x17 + 8.535881*x2*x18  - 4.244760*x2*x19  - 7.093235*x2*x20 + 6.625005*x2*x21 + 3.634906*x2*x22 + 7.760088*x2*x23 + 5.806287*x2*x24  - 6.569265*x2*x25  - 0.909516*x2*x26  - 3.532964*x2*x27 + 3.928531*x2*x28 + 5.478993*x2*x29 + 1.613024*x2*x30 + 7.389572*x3*x1 + 7.595406*x3*x2 + 0.660010*x3*x3  - 1.774902*x3*x4 + 2.621145*x3*x5  - 2.317143*x3*x6  - 9.333326*x3*x7 + 2.992084*x3*x8 + 0.480468*x3*x9  - 0.187580*x3*x10 + 1.156088*x3*x11 + 0.741204*x3*x12  - 8.034417*x3*x13 + 9.444806*x3*x14  - 6.233721*x3*x15 + 2.440379*x3*x16  - 1.698104*x3*x17 + 3.051297*x3*x18  - 2.015544*x3*x19 + 1.403249*x3*x20  - 2.614744*x3*x21  - 4.871078*x3*x22 + 3.602111*x3*x23  - 1.010551*x3*x24  - 5.354339*x3*x25 + 0.146097*x3*x26 + 1.210154*x3*x27 + 0.156486*x3*x28 + 1.393531*x3*x29  - 4.837495*x3*x30  - 3.345937*x4*x1  - 3.840121*x4*x2  - 1.774902*x4*x3 + 2.091663*x4*x4 + 7.038837*x4*x5  - 5.986403*x4*x6  - 0.715850*x4*x7 + 2.888609*x4*x8  - 2.660582*x4*x9 + 2.822784*x4*x10 + 2.224036*x4*x11 + 4.508078*x4*x12  - 1.478968*x4*x13 + 6.276096*x4*x14  - 0.319224*x4*x15 + 0.006664*x4*x16 + 1.753416*x4*x17  - 2.714737*x4*x18 + 4.353299*x4*x19  - 0.962405*x4*x20 + 3.326687*x4*x21  - 3.055660*x4*x22  - 7.154699*x4*x23 + 0.983887*x4*x24 + 7.618731*x4*x25  - 6.923878*x4*x26 + 3.596143*x4*x27 + 0.970617*x4*x28 + 2.761484*x4*x29  - 1.468180*x4*x30  - 3.648862*x5*x1 + 1.484621*x5*x2 + 2.621145*x5*x3 + 7.038837*x5*x4 + 1.046799*x5*x5  - 2.420283*x5*x6 + 8.808249*x5*x7 + 1.961851*x5*x8  - 1.613084*x5*x9 + 0.714366*x5*x10 + 0.802843*x5*x11  - 3.575821*x5*x12 + 7.344123*x5*x13 + 7.195575*x5*x14 + 4.410229*x5*x15  - 5.960367*x5*x16  - 1.362857*x5*x17  - 2.723504*x5*x18  - 2.471704*x5*x19 + 1.312679*x5*x20 + 3.805148*x5*x21 + 0.736994*x5*x22 + 0.829352*x5*x23 + 5.563101*x5*x24 + 2.077427*x5*x25 + 2.006613*x5*x26  - 3.508585*x5*x27  - 0.058478*x5*x28  - 8.420449*x5*x29 + 2.143324*x5*x30 + 0.333853*x6*x1  - 8.730368*x6*x2  - 2.317143*x6*x3  - 5.986403*x6*x4  - 2.420283*x6*x5 + 0.408164*x6*x6 + 3.351052*x6*x7 + 2.960094*x6*x8  - 4.426467*x6*x9  - 7.600754*x6*x10  - 3.129729*x6*x11  - 3.833013*x6*x12  - 2.437654*x6*x13  - 0.886610*x6*x14 + 1.170395*x6*x15 + 6.705899*x6*x16 + 3.173466*x6*x17  - 1.712986*x6*x18 + 2.868529*x6*x19  - 1.365247*x6*x20 + 1.755857*x6*x21 + 1.430521*x6*x22 + 7.167822*x6*x23 + 3.845539*x6*x24 + 2.280805*x6*x25  - 1.794134*x6*x26 + 2.947570*x6*x27  - 5.480089*x6*x28 + 2.028531*x6*x29 + 0.112164*x6*x30 + 5.935665*x7*x1  - 0.719342*x7*x2  - 9.333326*x7*x3  - 0.715850*x7*x4 + 8.808249*x7*x5 + 3.351052*x7*x6 + 1.635808*x7*x7 + 6.422473*x7*x8  - 4.197895*x7*x9 + 1.210720*x7*x10 + 1.731922*x7*x11 + 4.760993*x7*x12 + 6.544206*x7*x13  - 1.601224*x7*x14 + 5.167451*x7*x15 + 6.999355*x7*x16 + 1.957634*x7*x17  - 4.128312*x7*x18  - 3.527297*x7*x19 + 5.278992*x7*x20 + 3.899434*x7*x21 + 3.473814*x7*x22 + 4.979571*x7*x23  - 3.647172*x7*x24  - 0.398457*x7*x25  - 7.838493*x7*x26 + 0.112535*x7*x27 + 2.829970*x7*x28  - 0.097093*x7*x29  - 1.345724*x7*x30 + 7.285203*x8*x1  - 1.174176*x8*x2 + 2.992084*x8*x3 + 2.888609*x8*x4 + 1.961851*x8*x5 + 2.960094*x8*x6 + 6.422473*x8*x7 + 3.907545*x8*x8  - 0.111096*x8*x9 + 0.830889*x8*x10  - 2.128592*x8*x11 + 5.447158*x8*x12 + 7.038764*x8*x13 + 5.494956*x8*x14 + 8.816358*x8*x15 + 2.921922*x8*x16  - 3.024333*x8*x17 + 1.463200*x8*x18  - 5.248773*x8*x19  - 0.033788*x8*x20  - 5.710882*x8*x21 + 4.114980*x8*x22  - 0.379126*x8*x23  - 0.897918*x8*x24 + 1.047428*x8*x25 + 2.471702*x8*x26  - 1.445837*x8*x27  - 5.740161*x8*x28  - 0.744763*x8*x29  - 0.130757*x8*x30 + 3.292364*x9*x1  - 7.076825*x9*x2 + 0.480468*x9*x3  - 2.660582*x9*x4  - 1.613084*x9*x5  - 4.426467*x9*x6  - 4.197895*x9*x7  - 0.111096*x9*x8 + 1.284443*x9*x9  - 6.352915*x9*x10  - 0.244421*x9*x11  - 0.919424*x9*x12  - 3.414719*x9*x13  - 9.793045*x9*x14 + 2.608874*x9*x15 + 5.713592*x9*x16 + 4.515107*x9*x17  - 7.500525*x9*x18  - 1.298365*x9*x19 + 1.379091*x9*x20 + 2.007497*x9*x21 + 2.787791*x9*x22  - 5.205023*x9*x23 + 3.577267*x9*x24 + 1.086475*x9*x25  - 1.000960*x9*x26 + 3.458167*x9*x27  - 5.650326*x9*x28 + 3.551560*x9*x29 + 2.035141*x9*x30 + 4.140075*x10*x1  - 2.422303*x10*x2  - 0.187580*x10*x3 + 2.822784*x10*x4 + 0.714366*x10*x5  - 7.600754*x10*x6 + 1.210720*x10*x7 + 0.830889*x10*x8  - 6.352915*x10*x9 + 0.867033*x10*x10 + 7.883869*x10*x11 + 4.786687*x10*x12  - 2.627524*x10*x13 + 2.116967*x10*x14  - 0.018814*x10*x15 + 7.496897*x10*x16  - 6.321671*x10*x17  - 2.015052*x10*x18  - 0.585161*x10*x19 + 4.235422*x10*x20  - 1.238176*x10*x21  - 4.242232*x10*x22 + 2.687728*x10*x23  - 5.139635*x10*x24 + 3.824690*x10*x25  - 0.312452*x10*x26 + 0.765382*x10*x27  - 5.029471*x10*x28  - 5.881786*x10*x29  - 2.789005*x10*x30  - 1.856982*x11*x1  - 2.530425*x11*x2 + 1.156088*x11*x3 + 2.224036*x11*x4 + 0.802843*x11*x5  - 3.129729*x11*x6 + 1.731922*x11*x7  - 2.128592*x11*x8  - 0.244421*x11*x9 + 7.883869*x11*x10 + 1.153561*x11*x11 + 2.272966*x11*x12 + 2.723249*x11*x13  - 0.611333*x11*x14  - 2.813120*x11*x15  - 1.625661*x11*x16 + 1.230912*x11*x17 + 2.706359*x11*x18  - 5.905467*x11*x19  - 3.241263*x11*x20  - 0.171307*x11*x21 + 2.044232*x11*x22 + 0.969729*x11*x23  - 0.946843*x11*x24 + 2.679827*x11*x25 + 6.463798*x11*x26 + 1.639398*x11*x27  - 1.380050*x11*x28 + 5.462530*x11*x29  - 2.649186*x11*x30  - 5.482103*x12*x1 + 2.118182*x12*x2 + 0.741204*x12*x3 + 4.508078*x12*x4  - 3.575821*x12*x5  - 3.833013*x12*x6 + 4.760993*x12*x7 + 5.447158*x12*x8  - 0.919424*x12*x9 + 4.786687*x12*x10 + 2.272966*x12*x11 + 1.960282*x12*x12 + 7.269274*x12*x13  - 7.633561*x12*x14  - 5.850814*x12*x15  - 4.430990*x12*x16  - 4.854203*x12*x17  - 2.072339*x12*x18 + 3.595465*x12*x19  - 1.269787*x12*x20  - 3.506886*x12*x21 + 5.754144*x12*x22 + 0.771765*x12*x23  - 2.792572*x12*x24 + 4.520950*x12*x25  - 6.944019*x12*x26  - 6.075818*x12*x27 + 3.232644*x12*x28 + 0.286121*x12*x29  - 2.020083*x12*x30  - 4.839271*x13*x1 + 6.241479*x13*x2  - 8.034417*x13*x3  - 1.478968*x13*x4 + 7.344123*x13*x5  - 2.437654*x13*x6 + 6.544206*x13*x7 + 7.038764*x13*x8  - 3.414719*x13*x9  - 2.627524*x13*x10 + 2.723249*x13*x11 + 7.269274*x13*x12 + 1.478920*x13*x13  - 0.197153*x13*x14 + 2.874214*x13*x15  - 2.768066*x13*x16 + 3.357366*x13*x17  - 4.102488*x13*x18  - 1.225017*x13*x19  - 2.738864*x13*x20 + 0.840989*x13*x21  - 6.595460*x13*x22 + 0.062085*x13*x23 + 6.055568*x13*x24  - 6.065990*x13*x25 + 1.472098*x13*x26  - 1.461951*x13*x27 + 3.978269*x13*x28 + 1.127285*x13*x29  - 1.611293*x13*x30  - 0.724729*x14*x1  - 1.662910*x14*x2 + 9.444806*x14*x3 + 6.276096*x14*x4 + 7.195575*x14*x5  - 0.886610*x14*x6  - 1.601224*x14*x7 + 5.494956*x14*x8  - 9.793045*x14*x9 + 2.116967*x14*x10  - 0.611333*x14*x11  - 7.633561*x14*x12  - 0.197153*x14*x13 + 1.208427*x14*x14 + 5.808794*x14*x15  - 2.377952*x14*x16  - 7.832288*x14*x17 + 7.195954*x14*x18  - 5.360032*x14*x19  - 3.346645*x14*x20  - 3.854622*x14*x21  - 1.334409*x14*x22 + 0.680357*x14*x23  - 0.052206*x14*x24 + 7.257908*x14*x25 + 1.042668*x14*x26 + 1.504558*x14*x27 + 6.357196*x14*x28 + 6.936042*x14*x29  - 1.069396*x14*x30 + 8.779895*x15*x1 + 1.559733*x15*x2  - 6.233721*x15*x3  - 0.319224*x15*x4 + 4.410229*x15*x5 + 1.170395*x15*x6 + 5.167451*x15*x7 + 8.816358*x15*x8 + 2.608874*x15*x9  - 0.018814*x15*x10  - 2.813120*x15*x11  - 5.850814*x15*x12 + 2.874214*x15*x13 + 5.808794*x15*x14 + 3.353941*x15*x15 + 6.322554*x15*x16  - 3.825796*x15*x17  - 8.716163*x15*x18  - 2.003824*x15*x19  - 5.350941*x15*x20  - 2.123042*x15*x21  - 8.812936*x15*x22 + 0.101133*x15*x23 + 6.017190*x15*x24 + 3.376775*x15*x25  - 2.076186*x15*x26 + 3.702582*x15*x27  - 1.131016*x15*x28  - 5.745865*x15*x29 + 2.598534*x15*x30 + 1.174588*x16*x1  - 2.808968*x16*x2 + 2.440379*x16*x3 + 0.006664*x16*x4  - 5.960367*x16*x5 + 6.705899*x16*x6 + 6.999355*x16*x7 + 2.921922*x16*x8 + 5.713592*x16*x9 + 7.496897*x16*x10  - 1.625661*x16*x11  - 4.430990*x16*x12  - 2.768066*x16*x13  - 2.377952*x16*x14 + 6.322554*x16*x15 + 4.042317*x16*x16  - 0.937003*x16*x17 + 3.464470*x16*x18 + 3.985858*x16*x19 + 1.616925*x16*x20 + 1.688100*x16*x21 + 1.958921*x16*x22  - 4.492966*x16*x23  - 0.915222*x16*x24 + 1.425089*x16*x25  - 0.833201*x16*x26  - 1.095431*x16*x27 + 1.262338*x16*x28  - 7.786663*x16*x29 + 5.535315*x16*x30 + 1.665934*x17*x1 + 6.921440*x17*x2  - 1.698104*x17*x3 + 1.753416*x17*x4  - 1.362857*x17*x5 + 3.173466*x17*x6 + 1.957634*x17*x7  - 3.024333*x17*x8 + 4.515107*x17*x9  - 6.321671*x17*x10 + 1.230912*x17*x11  - 4.854203*x17*x12 + 3.357366*x17*x13  - 7.832288*x17*x14  - 3.825796*x17*x15  - 0.937003*x17*x16 + 0.070677*x17*x17  - 4.327803*x17*x18 + 7.079359*x17*x19  - 1.401975*x17*x20 + 3.697298*x17*x21 + 7.656525*x17*x22  - 4.867244*x17*x23 + 3.934717*x17*x24  - 3.123466*x17*x25 + 5.380548*x17*x26  - 6.160316*x17*x27  - 3.723377*x17*x28 + 0.664215*x17*x29 + 1.815188*x17*x30 + 5.214170*x18*x1 + 8.535881*x18*x2 + 3.051297*x18*x3  - 2.714737*x18*x4  - 2.723504*x18*x5  - 1.712986*x18*x6  - 4.128312*x18*x7 + 1.463200*x18*x8  - 7.500525*x18*x9  - 2.015052*x18*x10 + 2.706359*x18*x11  - 2.072339*x18*x12  - 4.102488*x18*x13 + 7.195954*x18*x14  - 8.716163*x18*x15 + 3.464470*x18*x16  - 4.327803*x18*x17 + 1.546285*x18*x18  - 0.297798*x18*x19  - 2.306004*x18*x20  - 1.861664*x18*x21 + 3.085327*x18*x22  - 1.058580*x18*x23 + 0.743875*x18*x24  - 3.441345*x18*x25 + 8.604720*x18*x26 + 0.301260*x18*x27 + 4.121767*x18*x28 + 3.986314*x18*x29 + 0.174735*x18*x30  - 6.815901*x19*x1  - 4.244760*x19*x2  - 2.015544*x19*x3 + 4.353299*x19*x4  - 2.471704*x19*x5 + 2.868529*x19*x6  - 3.527297*x19*x7  - 5.248773*x19*x8  - 1.298365*x19*x9  - 0.585161*x19*x10  - 5.905467*x19*x11 + 3.595465*x19*x12  - 1.225017*x19*x13  - 5.360032*x19*x14  - 2.003824*x19*x15 + 3.985858*x19*x16 + 7.079359*x19*x17  - 0.297798*x19*x18 + 2.251428*x19*x19 + 1.091667*x19*x20 + 5.420102*x19*x21  - 3.910823*x19*x22  - 1.492350*x19*x23 + 0.295354*x19*x24  - 6.015935*x19*x25 + 2.006774*x19*x26  - 3.643527*x19*x27 + 0.182520*x19*x28 + 1.679523*x19*x29 + 8.099101*x19*x30  - 2.662001*x20*x1  - 7.093235*x20*x2 + 1.403249*x20*x3  - 0.962405*x20*x4 + 1.312679*x20*x5  - 1.365247*x20*x6 + 5.278992*x20*x7  - 0.033788*x20*x8 + 1.379091*x20*x9 + 4.235422*x20*x10  - 3.241263*x20*x11  - 1.269787*x20*x12  - 2.738864*x20*x13  - 3.346645*x20*x14  - 5.350941*x20*x15 + 1.616925*x20*x16  - 1.401975*x20*x17  - 2.306004*x20*x18 + 1.091667*x20*x19 + 0.577189*x20*x20  - 0.510598*x20*x21  - 8.583454*x20*x22  - 3.418273*x20*x23  - 0.346628*x20*x24 + 5.131730*x20*x25 + 4.745649*x20*x26 + 5.734992*x20*x27  - 2.119143*x20*x28 + 1.389548*x20*x29  - 4.238821*x20*x30 + 1.942175*x21*x1 + 6.625005*x21*x2  - 2.614744*x21*x3 + 3.326687*x21*x4 + 3.805148*x21*x5 + 1.755857*x21*x6 + 3.899434*x21*x7  - 5.710882*x21*x8 + 2.007497*x21*x9  - 1.238176*x21*x10  - 0.171307*x21*x11  - 3.506886*x21*x12 + 0.840989*x21*x13  - 3.854622*x21*x14  - 2.123042*x21*x15 + 1.688100*x21*x16 + 3.697298*x21*x17  - 1.861664*x21*x18 + 5.420102*x21*x19  - 0.510598*x21*x20 + 0.535508*x21*x21 + 1.193170*x21*x22  - 1.854509*x21*x23  - 3.386880*x21*x24  - 4.457507*x21*x25 + 1.526614*x21*x26  - 5.643100*x21*x27  - 6.573971*x21*x28  - 0.954187*x21*x29 + 1.368133*x21*x30 + 4.223874*x22*x1 + 3.634906*x22*x2  - 4.871078*x22*x3  - 3.055660*x22*x4 + 0.736994*x22*x5 + 1.430521*x22*x6 + 3.473814*x22*x7 + 4.114980*x22*x8 + 2.787791*x22*x9  - 4.242232*x22*x10 + 2.044232*x22*x11 + 5.754144*x22*x12  - 6.595460*x22*x13  - 1.334409*x22*x14  - 8.812936*x22*x15 + 1.958921*x22*x16 + 7.656525*x22*x17 + 3.085327*x22*x18  - 3.910823*x22*x19  - 8.583454*x22*x20 + 1.193170*x22*x21 + 2.483979*x22*x22  - 1.703173*x22*x23 + 8.504925*x22*x24 + 4.500366*x22*x25 + 1.954403*x22*x26 + 0.132090*x22*x27 + 0.498595*x22*x28 + 6.001717*x22*x29  - 7.867987*x22*x30  - 1.705092*x23*x1 + 7.760088*x23*x2 + 3.602111*x23*x3  - 7.154699*x23*x4 + 0.829352*x23*x5 + 7.167822*x23*x6 + 4.979571*x23*x7  - 0.379126*x23*x8  - 5.205023*x23*x9 + 2.687728*x23*x10 + 0.969729*x23*x11 + 0.771765*x23*x12 + 0.062085*x23*x13 + 0.680357*x23*x14 + 0.101133*x23*x15  - 4.492966*x23*x16  - 4.867244*x23*x17  - 1.058580*x23*x18  - 1.492350*x23*x19  - 3.418273*x23*x20  - 1.854509*x23*x21  - 1.703173*x23*x22 + 3.062254*x23*x23  - 3.983166*x23*x24  - 4.737251*x23*x25 + 0.737136*x23*x26 + 6.427037*x23*x27 + 1.747981*x23*x28  - 4.396513*x23*x29 + 3.790085*x23*x30  - 0.825642*x24*x1 + 5.806287*x24*x2  - 1.010551*x24*x3 + 0.983887*x24*x4 + 5.563101*x24*x5 + 3.845539*x24*x6  - 3.647172*x24*x7  - 0.897918*x24*x8 + 3.577267*x24*x9  - 5.139635*x24*x10  - 0.946843*x24*x11  - 2.792572*x24*x12 + 6.055568*x24*x13  - 0.052206*x24*x14 + 6.017190*x24*x15  - 0.915222*x24*x16 + 3.934717*x24*x17 + 0.743875*x24*x18 + 0.295354*x24*x19  - 0.346628*x24*x20  - 3.386880*x24*x21 + 8.504925*x24*x22  - 3.983166*x24*x23 + 0.650153*x24*x24  - 1.103513*x24*x25 + 6.066995*x24*x26 + 2.110730*x24*x27 + 2.501672*x24*x28  - 4.423211*x24*x29  - 2.005018*x24*x30 + 1.310090*x25*x1  - 6.569265*x25*x2  - 5.354339*x25*x3 + 7.618731*x25*x4 + 2.077427*x25*x5 + 2.280805*x25*x6  - 0.398457*x25*x7 + 1.047428*x25*x8 + 1.086475*x25*x9 + 3.824690*x25*x10 + 2.679827*x25*x11 + 4.520950*x25*x12  - 6.065990*x25*x13 + 7.257908*x25*x14 + 3.376775*x25*x15 + 1.425089*x25*x16  - 3.123466*x25*x17  - 3.441345*x25*x18  - 6.015935*x25*x19 + 5.131730*x25*x20  - 4.457507*x25*x21 + 4.500366*x25*x22  - 4.737251*x25*x23  - 1.103513*x25*x24 + 1.402348*x25*x25 + 6.308313*x25*x26  - 2.081279*x25*x27  - 6.141851*x25*x28 + 8.932151*x25*x29  - 2.643072*x25*x30  - 5.080553*x26*x1  - 0.909516*x26*x2 + 0.146097*x26*x3  - 6.923878*x26*x4 + 2.006613*x26*x5  - 1.794134*x26*x6  - 7.838493*x26*x7 + 2.471702*x26*x8  - 1.000960*x26*x9  - 0.312452*x26*x10 + 6.463798*x26*x11  - 6.944019*x26*x12 + 1.472098*x26*x13 + 1.042668*x26*x14  - 2.076186*x26*x15  - 0.833201*x26*x16 + 5.380548*x26*x17 + 8.604720*x26*x18 + 2.006774*x26*x19 + 4.745649*x26*x20 + 1.526614*x26*x21 + 1.954403*x26*x22 + 0.737136*x26*x23 + 6.066995*x26*x24 + 6.308313*x26*x25 + 0.447566*x26*x26 + 7.466393*x26*x27  - 2.582917*x26*x28 + 1.751309*x26*x29  - 0.695689*x26*x30  - 0.593733*x27*x1  - 3.532964*x27*x2 + 1.210154*x27*x3 + 3.596143*x27*x4  - 3.508585*x27*x5 + 2.947570*x27*x6 + 0.112535*x27*x7  - 1.445837*x27*x8 + 3.458167*x27*x9 + 0.765382*x27*x10 + 1.639398*x27*x11  - 6.075818*x27*x12  - 1.461951*x27*x13 + 1.504558*x27*x14 + 3.702582*x27*x15  - 1.095431*x27*x16  - 6.160316*x27*x17 + 0.301260*x27*x18  - 3.643527*x27*x19 + 5.734992*x27*x20  - 5.643100*x27*x21 + 0.132090*x27*x22 + 6.427037*x27*x23 + 2.110730*x27*x24  - 2.081279*x27*x25 + 7.466393*x27*x26 + 0.095698*x27*x27 + 0.272798*x27*x28  - 0.260373*x27*x29 + 0.441408*x27*x30  - 2.873398*x28*x1 + 3.928531*x28*x2 + 0.156486*x28*x3 + 0.970617*x28*x4  - 0.058478*x28*x5  - 5.480089*x28*x6 + 2.829970*x28*x7  - 5.740161*x28*x8  - 5.650326*x28*x9  - 5.029471*x28*x10  - 1.380050*x28*x11 + 3.232644*x28*x12 + 3.978269*x28*x13 + 6.357196*x28*x14  - 1.131016*x28*x15 + 1.262338*x28*x16  - 3.723377*x28*x17 + 4.121767*x28*x18 + 0.182520*x28*x19  - 2.119143*x28*x20  - 6.573971*x28*x21 + 0.498595*x28*x22 + 1.747981*x28*x23 + 2.501672*x28*x24  - 6.141851*x28*x25  - 2.582917*x28*x26 + 0.272798*x28*x27 + 3.325711*x28*x28 + 0.962525*x28*x29 + 1.636609*x28*x30  - 1.768091*x29*x1 + 5.478993*x29*x2 + 1.393531*x29*x3 + 2.761484*x29*x4  - 8.420449*x29*x5 + 2.028531*x29*x6  - 0.097093*x29*x7  - 0.744763*x29*x8 + 3.551560*x29*x9  - 5.881786*x29*x10 + 5.462530*x29*x11 + 0.286121*x29*x12 + 1.127285*x29*x13 + 6.936042*x29*x14  - 5.745865*x29*x15  - 7.786663*x29*x16 + 0.664215*x29*x17 + 3.986314*x29*x18 + 1.679523*x29*x19 + 1.389548*x29*x20  - 0.954187*x29*x21 + 6.001717*x29*x22  - 4.396513*x29*x23  - 4.423211*x29*x24 + 8.932151*x29*x25 + 1.751309*x29*x26  - 0.260373*x29*x27 + 0.962525*x29*x28 + 0.342721*x29*x29  - 1.121850*x29*x30  - 6.060627*x30*x1 + 1.613024*x30*x2  - 4.837495*x30*x3  - 1.468180*x30*x4 + 2.143324*x30*x5 + 0.112164*x30*x6  - 1.345724*x30*x7  - 0.130757*x30*x8 + 2.035141*x30*x9  - 2.789005*x30*x10  - 2.649186*x30*x11  - 2.020083*x30*x12  - 1.611293*x30*x13  - 1.069396*x30*x14 + 2.598534*x30*x15 + 5.535315*x30*x16 + 1.815188*x30*x17 + 0.174735*x30*x18 + 8.099101*x30*x19  - 4.238821*x30*x20 + 1.368133*x30*x21  - 7.867987*x30*x22 + 3.790085*x30*x23  - 2.005018*x30*x24  - 2.643072*x30*x25  - 0.695689*x30*x26 + 0.441408*x30*x27 + 1.636609*x30*x28  - 1.121850*x30*x29 + 4.265839*x30*x30 ;
