OPTIONS {
 MaxTime: 10000;
 EpsR: 0.000001;
 }
 
VARIABLES	x1,x2,x3,x4,x5,x6,x7,x8,x9,x10,x11,x12,x13,x14,x15,x16,x17,x18,x19,x20,x21,x22,x23,x24,x25,x26,x27,x28,x29,x30;
LOWER_BOUNDS {
x1: 0.000000;
x2: 0.000000;
x3: 0.000000;
x4: 0.000000;
x5: 0.000000;
x6: 0.000000;
x7: 0.000000;
x8: 0.000000;
x9: 0.000000;
x10: 0.000000;
x11: 0.000000;
x12: 0.000000;
x13: 0.000000;
x14: 0.000000;
x15: 0.000000;
x16: 0.000000;
x17: 0.000000;
x18: 0.000000;
x19: 0.000000;
x20: 0.000000;
x21: 0.000000;
x22: 0.000000;
x23: 0.000000;
x24: 0.000000;
x25: 0.000000;
x26: 0.000000;
x27: 0.000000;
x28: 0.000000;
x29: 0.000000;
x30: 0.000000;
}

UPPER_BOUNDS {
x1: 1.000000;
x2: 1.000000;
x3: 1.000000;
x4: 1.000000;
x5: 1.000000;
x6: 1.000000;
x7: 1.000000;
x8: 1.000000;
x9: 1.000000;
x10: 1.000000;
x11: 1.000000;
x12: 1.000000;
x13: 1.000000;
x14: 1.000000;
x15: 1.000000;
x16: 1.000000;
x17: 1.000000;
x18: 1.000000;
x19: 1.000000;
x20: 1.000000;
x21: 1.000000;
x22: 1.000000;
x23: 1.000000;
x24: 1.000000;
x25: 1.000000;
x26: 1.000000;
x27: 1.000000;
x28: 1.000000;
x29: 1.000000;
x30: 1.000000;
}

EQUATIONS e1;

e1:  1.000000*x1  + 1.000000*x2  + 1.000000*x3  + 1.000000*x4  + 1.000000*x5  + 1.000000*x6  + 1.000000*x7  + 1.000000*x8  + 1.000000*x9  + 1.000000*x10  + 1.000000*x11  + 1.000000*x12  + 1.000000*x13  + 1.000000*x14  + 1.000000*x15  + 1.000000*x16  + 1.000000*x17  + 1.000000*x18  + 1.000000*x19  + 1.000000*x20  + 1.000000*x21  + 1.000000*x22  + 1.000000*x23  + 1.000000*x24  + 1.000000*x25  + 1.000000*x26  + 1.000000*x27  + 1.000000*x28  + 1.000000*x29  + 1.000000*x30  == 1.000000;

OBJ: minimize	 - 1.062417*x1*x1  - 3.248336*x1*x2  - 7.141453*x1*x3  - 6.106641*x1*x4  - 3.590160*x1*x5 + 0.512185*x1*x6  - 0.022957*x1*x7  - 4.651402*x1*x8 + 0.090090*x1*x9 + 5.381470*x1*x10  - 5.278427*x1*x11 + 3.156670*x1*x12  - 6.936810*x1*x13  - 7.880027*x1*x14  - 3.543453*x1*x15  - 7.871325*x1*x16 + 4.395526*x1*x17  - 5.005527*x1*x18  - 3.510067*x1*x19  - 1.006830*x1*x20 + 0.230706*x1*x21 + 3.393113*x1*x22  - 4.290675*x1*x23  - 3.127911*x1*x24  - 5.096567*x1*x25  - 2.556151*x1*x26  - 7.667385*x1*x27 + 4.510509*x1*x28  - 1.355352*x1*x29  - 7.633934*x1*x30  - 3.248336*x2*x1  - 3.051793*x2*x2 + 1.803286*x2*x3  - 2.973171*x2*x4 + 3.523239*x2*x5  - 3.705234*x2*x6  - 4.810801*x2*x7  - 2.396313*x2*x8  - 1.056141*x2*x9 + 6.925159*x2*x10  - 6.279191*x2*x11 + 2.526827*x2*x12  - 6.321215*x2*x13  - 2.031657*x2*x14 + 1.294630*x2*x15 + 1.143245*x2*x16  - 2.360353*x2*x17 + 1.646669*x2*x18 + 1.267841*x2*x19  - 2.705992*x2*x20 + 2.908035*x2*x21 + 4.847159*x2*x22 + 0.593154*x2*x23 + 2.358945*x2*x24  - 8.952181*x2*x25 + 5.010249*x2*x26 + 4.192165*x2*x27  - 1.321793*x2*x28 + 0.850170*x2*x29  - 5.120911*x2*x30  - 7.141453*x3*x1 + 1.803286*x3*x2  - 1.066797*x3*x3  - 2.666556*x3*x4 + 1.434620*x3*x5 + 1.476615*x3*x6 + 1.969802*x3*x7  - 0.100373*x3*x8  - 8.375696*x3*x9 + 3.980438*x3*x10 + 1.139794*x3*x11 + 5.640303*x3*x12  - 0.534132*x3*x13 + 5.188730*x3*x14  - 1.626967*x3*x15  - 2.979046*x3*x16  - 0.921822*x3*x17  - 2.031741*x3*x18  - 1.415215*x3*x19  - 8.194926*x3*x20 + 0.103885*x3*x21 + 3.279112*x3*x22  - 0.442853*x3*x23 + 1.472827*x3*x24 + 0.303298*x3*x25  - 0.681778*x3*x26  - 3.854108*x3*x27  - 3.967530*x3*x28  - 5.729755*x3*x29 + 6.204051*x3*x30  - 6.106641*x4*x1  - 2.973171*x4*x2  - 2.666556*x4*x3  - 1.769735*x4*x4 + 2.515573*x4*x5 + 1.790616*x4*x6  - 2.274130*x4*x7 + 4.078634*x4*x8  - 0.737269*x4*x9  - 0.913935*x4*x10 + 5.243238*x4*x11 + 7.762933*x4*x12 + 1.372428*x4*x13  - 2.272917*x4*x14 + 2.840287*x4*x15 + 0.332676*x4*x16 + 4.515567*x4*x17 + 7.918360*x4*x18 + 1.140181*x4*x19  - 5.020125*x4*x20  - 1.492075*x4*x21 + 0.612426*x4*x22  - 4.092219*x4*x23  - 8.417367*x4*x24  - 1.317515*x4*x25  - 5.098100*x4*x26  - 0.442626*x4*x27 + 1.536239*x4*x28 + 2.208616*x4*x29  - 6.078779*x4*x30  - 3.590160*x5*x1 + 3.523239*x5*x2 + 1.434620*x5*x3 + 2.515573*x5*x4  - 1.182525*x5*x5  - 3.110436*x5*x6  - 3.252022*x5*x7  - 4.402632*x5*x8 + 2.782280*x5*x9  - 3.303978*x5*x10 + 4.928047*x5*x11  - 0.433791*x5*x12 + 0.039589*x5*x13 + 4.489292*x5*x14  - 6.777800*x5*x15  - 7.360371*x5*x16  - 1.554052*x5*x17  - 0.030241*x5*x18  - 6.444376*x5*x19  - 0.783796*x5*x20 + 0.065107*x5*x21  - 3.985753*x5*x22 + 1.900491*x5*x23  - 2.735138*x5*x24  - 4.175974*x5*x25 + 1.504071*x5*x26  - 0.810725*x5*x27 + 1.728863*x5*x28  - 0.951722*x5*x29 + 5.353188*x5*x30 + 0.512185*x6*x1  - 3.705234*x6*x2 + 1.476615*x6*x3 + 1.790616*x6*x4  - 3.110436*x6*x5  - 0.471279*x6*x6  - 3.110412*x6*x7  - 0.773194*x6*x8 + 1.684721*x6*x9  - 4.580654*x6*x10 + 1.238331*x6*x11 + 6.041828*x6*x12 + 1.818339*x6*x13  - 1.753649*x6*x14 + 0.093619*x6*x15  - 6.157132*x6*x16  - 9.139264*x6*x17 + 5.492360*x6*x18 + 5.503623*x6*x19 + 0.809287*x6*x20  - 0.668525*x6*x21 + 2.741870*x6*x22  - 1.498546*x6*x23 + 3.768757*x6*x24  - 9.379847*x6*x25 + 3.674769*x6*x26 + 5.881743*x6*x27 + 9.006183*x6*x28 + 7.879575*x6*x29 + 3.692511*x6*x30  - 0.022957*x7*x1  - 4.810801*x7*x2 + 1.969802*x7*x3  - 2.274130*x7*x4  - 3.252022*x7*x5  - 3.110412*x7*x6  - 1.473513*x7*x7  - 8.274371*x7*x8 + 3.851240*x7*x9 + 1.079658*x7*x10  - 5.875625*x7*x11 + 5.150657*x7*x12  - 0.377891*x7*x13 + 2.029345*x7*x14 + 6.226171*x7*x15  - 6.541177*x7*x16  - 8.134123*x7*x17  - 3.283437*x7*x18 + 0.345486*x7*x19 + 5.639657*x7*x20 + 3.623787*x7*x21  - 4.142879*x7*x22  - 2.616242*x7*x23  - 1.877950*x7*x24  - 8.102264*x7*x25  - 4.249165*x7*x26  - 2.264545*x7*x27  - 1.075188*x7*x28 + 1.091231*x7*x29 + 1.529946*x7*x30  - 4.651402*x8*x1  - 2.396313*x8*x2  - 0.100373*x8*x3 + 4.078634*x8*x4  - 4.402632*x8*x5  - 0.773194*x8*x6  - 8.274371*x8*x7  - 2.471806*x8*x8 + 3.471445*x8*x9  - 2.856822*x8*x10 + 2.547296*x8*x11  - 3.342627*x8*x12  - 1.097703*x8*x13 + 5.526193*x8*x14 + 1.293366*x8*x15  - 6.428697*x8*x16 + 3.590328*x8*x17 + 6.398107*x8*x18 + 5.481072*x8*x19  - 1.767880*x8*x20 + 8.114351*x8*x21 + 1.917507*x8*x22 + 5.871617*x8*x23  - 5.293047*x8*x24 + 5.883110*x8*x25  - 0.648262*x8*x26  - 6.822954*x8*x27 + 3.571369*x8*x28  - 3.695601*x8*x29  - 1.047937*x8*x30 + 0.090090*x9*x1  - 1.056141*x9*x2  - 8.375696*x9*x3  - 0.737269*x9*x4 + 2.782280*x9*x5 + 1.684721*x9*x6 + 3.851240*x9*x7 + 3.471445*x9*x8  - 0.220335*x9*x9  - 0.854193*x9*x10 + 3.130309*x9*x11  - 8.448342*x9*x12 + 2.107008*x9*x13  - 4.601737*x9*x14 + 4.582636*x9*x15  - 3.655516*x9*x16  - 1.997067*x9*x17  - 8.638896*x9*x18  - 3.438656*x9*x19  - 0.605768*x9*x20  - 6.182603*x9*x21 + 1.542884*x9*x22 + 5.285409*x9*x23 + 1.276388*x9*x24  - 3.631419*x9*x25 + 4.887814*x9*x26  - 7.788412*x9*x27 + 5.873541*x9*x28 + 0.741088*x9*x29 + 1.075428*x9*x30 + 5.381470*x10*x1 + 6.925159*x10*x2 + 3.980438*x10*x3  - 0.913935*x10*x4  - 3.303978*x10*x5  - 4.580654*x10*x6 + 1.079658*x10*x7  - 2.856822*x10*x8  - 0.854193*x10*x9  - 2.787069*x10*x10  - 4.540297*x10*x11  - 6.970060*x10*x12 + 0.591448*x10*x13  - 3.318804*x10*x14  - 1.149784*x10*x15  - 9.179673*x10*x16 + 5.428570*x10*x17 + 1.189799*x10*x18 + 6.115536*x10*x19  - 1.997096*x10*x20 + 1.478275*x10*x21  - 3.160157*x10*x22 + 0.936699*x10*x23 + 4.991950*x10*x24  - 7.844978*x10*x25 + 6.599708*x10*x26  - 4.483282*x10*x27 + 4.160454*x10*x28 + 1.402371*x10*x29  - 0.606972*x10*x30  - 5.278427*x11*x1  - 6.279191*x11*x2 + 1.139794*x11*x3 + 5.243238*x11*x4 + 4.928047*x11*x5 + 1.238331*x11*x6  - 5.875625*x11*x7 + 2.547296*x11*x8 + 3.130309*x11*x9  - 4.540297*x11*x10  - 1.137424*x11*x11 + 7.302700*x11*x12  - 1.823644*x11*x13 + 1.235005*x11*x14 + 7.475439*x11*x15  - 5.606686*x11*x16 + 6.486316*x11*x17 + 1.403992*x11*x18 + 0.222574*x11*x19  - 7.214737*x11*x20 + 1.052186*x11*x21  - 4.791552*x11*x22 + 2.008423*x11*x23  - 2.194350*x11*x24 + 0.841621*x11*x25  - 4.978769*x11*x26 + 1.310366*x11*x27 + 4.123728*x11*x28 + 0.177084*x11*x29 + 2.579608*x11*x30 + 3.156670*x12*x1 + 2.526827*x12*x2 + 5.640303*x12*x3 + 7.762933*x12*x4  - 0.433791*x12*x5 + 6.041828*x12*x6 + 5.150657*x12*x7  - 3.342627*x12*x8  - 8.448342*x12*x9  - 6.970060*x12*x10 + 7.302700*x12*x11  - 1.349355*x12*x12  - 8.682672*x12*x13  - 1.331009*x12*x14 + 3.045495*x12*x15  - 1.049960*x12*x16  - 2.613466*x12*x17  - 0.548291*x12*x18  - 0.892594*x12*x19 + 4.951508*x12*x20 + 3.678295*x12*x21  - 3.097418*x12*x22  - 4.932972*x12*x23 + 5.160397*x12*x24 + 0.324800*x12*x25 + 0.463418*x12*x26 + 1.342458*x12*x27 + 4.979853*x12*x28  - 6.910674*x12*x29  - 0.579417*x12*x30  - 6.936810*x13*x1  - 6.321215*x13*x2  - 0.534132*x13*x3 + 1.372428*x13*x4 + 0.039589*x13*x5 + 1.818339*x13*x6  - 0.377891*x13*x7  - 1.097703*x13*x8 + 2.107008*x13*x9 + 0.591448*x13*x10  - 1.823644*x13*x11  - 8.682672*x13*x12  - 4.037954*x13*x13 + 6.074158*x13*x14 + 3.205321*x13*x15  - 2.273098*x13*x16  - 1.542247*x13*x17  - 6.438848*x13*x18 + 4.670468*x13*x19 + 1.584492*x13*x20  - 6.669141*x13*x21 + 2.917293*x13*x22 + 2.130751*x13*x23  - 1.662976*x13*x24  - 3.612610*x13*x25 + 0.621658*x13*x26  - 1.199511*x13*x27 + 5.365519*x13*x28 + 0.427736*x13*x29 + 1.593115*x13*x30  - 7.880027*x14*x1  - 2.031657*x14*x2 + 5.188730*x14*x3  - 2.272917*x14*x4 + 4.489292*x14*x5  - 1.753649*x14*x6 + 2.029345*x14*x7 + 5.526193*x14*x8  - 4.601737*x14*x9  - 3.318804*x14*x10 + 1.235005*x14*x11  - 1.331009*x14*x12 + 6.074158*x14*x13  - 3.658962*x14*x14  - 4.283634*x14*x15 + 6.902490*x14*x16  - 2.054879*x14*x17  - 2.569205*x14*x18 + 5.844849*x14*x19 + 1.421131*x14*x20  - 5.484529*x14*x21 + 1.172419*x14*x22  - 1.125025*x14*x23 + 1.336106*x14*x24 + 0.973688*x14*x25 + 5.082955*x14*x26 + 3.473734*x14*x27 + 3.319239*x14*x28  - 1.876373*x14*x29 + 1.669258*x14*x30  - 3.543453*x15*x1 + 1.294630*x15*x2  - 1.626967*x15*x3 + 2.840287*x15*x4  - 6.777800*x15*x5 + 0.093619*x15*x6 + 6.226171*x15*x7 + 1.293366*x15*x8 + 4.582636*x15*x9  - 1.149784*x15*x10 + 7.475439*x15*x11 + 3.045495*x15*x12 + 3.205321*x15*x13  - 4.283634*x15*x14  - 0.176744*x15*x15  - 0.827458*x15*x16 + 4.598163*x15*x17  - 1.285533*x15*x18 + 6.646957*x15*x19 + 1.688097*x15*x20  - 3.921501*x15*x21 + 5.561085*x15*x22  - 4.059883*x15*x23 + 2.918908*x15*x24 + 0.606843*x15*x25 + 1.802731*x15*x26 + 1.560526*x15*x27 + 3.201434*x15*x28 + 2.539128*x15*x29  - 6.655929*x15*x30  - 7.871325*x16*x1 + 1.143245*x16*x2  - 2.979046*x16*x3 + 0.332676*x16*x4  - 7.360371*x16*x5  - 6.157132*x16*x6  - 6.541177*x16*x7  - 6.428697*x16*x8  - 3.655516*x16*x9  - 9.179673*x16*x10  - 5.606686*x16*x11  - 1.049960*x16*x12  - 2.273098*x16*x13 + 6.902490*x16*x14  - 0.827458*x16*x15  - 2.571777*x16*x16  - 1.225501*x16*x17 + 3.251460*x16*x18 + 4.814284*x16*x19 + 0.250558*x16*x20  - 5.733087*x16*x21 + 0.098994*x16*x22 + 0.466420*x16*x23 + 2.593299*x16*x24  - 5.392920*x16*x25 + 7.586911*x16*x26 + 3.088526*x16*x27  - 1.517116*x16*x28  - 2.256099*x16*x29 + 3.284513*x16*x30 + 4.395526*x17*x1  - 2.360353*x17*x2  - 0.921822*x17*x3 + 4.515567*x17*x4  - 1.554052*x17*x5  - 9.139264*x17*x6  - 8.134123*x17*x7 + 3.590328*x17*x8  - 1.997067*x17*x9 + 5.428570*x17*x10 + 6.486316*x17*x11  - 2.613466*x17*x12  - 1.542247*x17*x13  - 2.054879*x17*x14 + 4.598163*x17*x15  - 1.225501*x17*x16  - 1.750526*x17*x17 + 0.746738*x17*x18  - 1.243129*x17*x19  - 0.244181*x17*x20  - 2.132198*x17*x21 + 3.419249*x17*x22  - 6.004710*x17*x23 + 3.130505*x17*x24 + 1.730396*x17*x25  - 4.014555*x17*x26  - 7.089689*x17*x27  - 2.529384*x17*x28 + 3.486279*x17*x29 + 7.896383*x17*x30  - 5.005527*x18*x1 + 1.646669*x18*x2  - 2.031741*x18*x3 + 7.918360*x18*x4  - 0.030241*x18*x5 + 5.492360*x18*x6  - 3.283437*x18*x7 + 6.398107*x18*x8  - 8.638896*x18*x9 + 1.189799*x18*x10 + 1.403992*x18*x11  - 0.548291*x18*x12  - 6.438848*x18*x13  - 2.569205*x18*x14  - 1.285533*x18*x15 + 3.251460*x18*x16 + 0.746738*x18*x17  - 3.344792*x18*x18  - 3.141502*x18*x19  - 5.554055*x18*x20 + 1.463551*x18*x21  - 3.097817*x18*x22 + 1.254502*x18*x23 + 1.085895*x18*x24 + 4.790130*x18*x25  - 8.434817*x18*x26  - 6.691393*x18*x27  - 4.579257*x18*x28 + 0.021522*x18*x29  - 1.236180*x18*x30  - 3.510067*x19*x1 + 1.267841*x19*x2  - 1.415215*x19*x3 + 1.140181*x19*x4  - 6.444376*x19*x5 + 5.503623*x19*x6 + 0.345486*x19*x7 + 5.481072*x19*x8  - 3.438656*x19*x9 + 6.115536*x19*x10 + 0.222574*x19*x11  - 0.892594*x19*x12 + 4.670468*x19*x13 + 5.844849*x19*x14 + 6.646957*x19*x15 + 4.814284*x19*x16  - 1.243129*x19*x17  - 3.141502*x19*x18  - 4.158589*x19*x19 + 4.931498*x19*x20  - 5.284166*x19*x21 + 3.997479*x19*x22  - 0.139260*x19*x23 + 0.170836*x19*x24  - 4.332574*x19*x25 + 3.637100*x19*x26  - 2.537903*x19*x27  - 1.439083*x19*x28  - 6.106194*x19*x29 + 1.787362*x19*x30  - 1.006830*x20*x1  - 2.705992*x20*x2  - 8.194926*x20*x3  - 5.020125*x20*x4  - 0.783796*x20*x5 + 0.809287*x20*x6 + 5.639657*x20*x7  - 1.767880*x20*x8  - 0.605768*x20*x9  - 1.997096*x20*x10  - 7.214737*x20*x11 + 4.951508*x20*x12 + 1.584492*x20*x13 + 1.421131*x20*x14 + 1.688097*x20*x15 + 0.250558*x20*x16  - 0.244181*x20*x17  - 5.554055*x20*x18 + 4.931498*x20*x19  - 0.099133*x20*x20 + 7.026550*x20*x21  - 4.180253*x20*x22 + 2.465191*x20*x23  - 2.075922*x20*x24  - 2.205691*x20*x25  - 4.777674*x20*x26  - 1.729054*x20*x27  - 2.177727*x20*x28  - 3.615503*x20*x29  - 1.453045*x20*x30 + 0.230706*x21*x1 + 2.908035*x21*x2 + 0.103885*x21*x3  - 1.492075*x21*x4 + 0.065107*x21*x5  - 0.668525*x21*x6 + 3.623787*x21*x7 + 8.114351*x21*x8  - 6.182603*x21*x9 + 1.478275*x21*x10 + 1.052186*x21*x11 + 3.678295*x21*x12  - 6.669141*x21*x13  - 5.484529*x21*x14  - 3.921501*x21*x15  - 5.733087*x21*x16  - 2.132198*x21*x17 + 1.463551*x21*x18  - 5.284166*x21*x19 + 7.026550*x21*x20  - 0.416185*x21*x21 + 1.623836*x21*x22 + 0.771754*x21*x23  - 2.814093*x21*x24  - 4.713650*x21*x25 + 1.060993*x21*x26 + 6.881621*x21*x27 + 0.353277*x21*x28  - 4.682915*x21*x29  - 6.621860*x21*x30 + 3.393113*x22*x1 + 4.847159*x22*x2 + 3.279112*x22*x3 + 0.612426*x22*x4  - 3.985753*x22*x5 + 2.741870*x22*x6  - 4.142879*x22*x7 + 1.917507*x22*x8 + 1.542884*x22*x9  - 3.160157*x22*x10  - 4.791552*x22*x11  - 3.097418*x22*x12 + 2.917293*x22*x13 + 1.172419*x22*x14 + 5.561085*x22*x15 + 0.098994*x22*x16 + 3.419249*x22*x17  - 3.097817*x22*x18 + 3.997479*x22*x19  - 4.180253*x22*x20 + 1.623836*x22*x21  - 0.435268*x22*x22  - 3.084351*x22*x23 + 7.519972*x22*x24  - 7.148711*x22*x25  - 4.062384*x22*x26  - 3.845494*x22*x27  - 3.173857*x22*x28 + 4.076519*x22*x29 + 2.017882*x22*x30  - 4.290675*x23*x1 + 0.593154*x23*x2  - 0.442853*x23*x3  - 4.092219*x23*x4 + 1.900491*x23*x5  - 1.498546*x23*x6  - 2.616242*x23*x7 + 5.871617*x23*x8 + 5.285409*x23*x9 + 0.936699*x23*x10 + 2.008423*x23*x11  - 4.932972*x23*x12 + 2.130751*x23*x13  - 1.125025*x23*x14  - 4.059883*x23*x15 + 0.466420*x23*x16  - 6.004710*x23*x17 + 1.254502*x23*x18  - 0.139260*x23*x19 + 2.465191*x23*x20 + 0.771754*x23*x21  - 3.084351*x23*x22  - 4.539171*x23*x23  - 1.034037*x23*x24 + 2.186104*x23*x25 + 1.833373*x23*x26 + 1.632745*x23*x27  - 3.774356*x23*x28  - 1.446864*x23*x29  - 7.122942*x23*x30  - 3.127911*x24*x1 + 2.358945*x24*x2 + 1.472827*x24*x3  - 8.417367*x24*x4  - 2.735138*x24*x5 + 3.768757*x24*x6  - 1.877950*x24*x7  - 5.293047*x24*x8 + 1.276388*x24*x9 + 4.991950*x24*x10  - 2.194350*x24*x11 + 5.160397*x24*x12  - 1.662976*x24*x13 + 1.336106*x24*x14 + 2.918908*x24*x15 + 2.593299*x24*x16 + 3.130505*x24*x17 + 1.085895*x24*x18 + 0.170836*x24*x19  - 2.075922*x24*x20  - 2.814093*x24*x21 + 7.519972*x24*x22  - 1.034037*x24*x23  - 3.443210*x24*x24  - 3.400988*x24*x25  - 1.035790*x24*x26 + 7.928196*x24*x27 + 3.003529*x24*x28  - 0.522229*x24*x29  - 4.958863*x24*x30  - 5.096567*x25*x1  - 8.952181*x25*x2 + 0.303298*x25*x3  - 1.317515*x25*x4  - 4.175974*x25*x5  - 9.379847*x25*x6  - 8.102264*x25*x7 + 5.883110*x25*x8  - 3.631419*x25*x9  - 7.844978*x25*x10 + 0.841621*x25*x11 + 0.324800*x25*x12  - 3.612610*x25*x13 + 0.973688*x25*x14 + 0.606843*x25*x15  - 5.392920*x25*x16 + 1.730396*x25*x17 + 4.790130*x25*x18  - 4.332574*x25*x19  - 2.205691*x25*x20  - 4.713650*x25*x21  - 7.148711*x25*x22 + 2.186104*x25*x23  - 3.400988*x25*x24  - 3.675353*x25*x25  - 6.403212*x25*x26 + 3.293093*x25*x27 + 3.448732*x25*x28  - 2.607229*x25*x29 + 1.594875*x25*x30  - 2.556151*x26*x1 + 5.010249*x26*x2  - 0.681778*x26*x3  - 5.098100*x26*x4 + 1.504071*x26*x5 + 3.674769*x26*x6  - 4.249165*x26*x7  - 0.648262*x26*x8 + 4.887814*x26*x9 + 6.599708*x26*x10  - 4.978769*x26*x11 + 0.463418*x26*x12 + 0.621658*x26*x13 + 5.082955*x26*x14 + 1.802731*x26*x15 + 7.586911*x26*x16  - 4.014555*x26*x17  - 8.434817*x26*x18 + 3.637100*x26*x19  - 4.777674*x26*x20 + 1.060993*x26*x21  - 4.062384*x26*x22 + 1.833373*x26*x23  - 1.035790*x26*x24  - 6.403212*x26*x25  - 1.312695*x26*x26  - 0.302167*x26*x27  - 5.684265*x26*x28  - 1.446629*x26*x29  - 7.044851*x26*x30  - 7.667385*x27*x1 + 4.192165*x27*x2  - 3.854108*x27*x3  - 0.442626*x27*x4  - 0.810725*x27*x5 + 5.881743*x27*x6  - 2.264545*x27*x7  - 6.822954*x27*x8  - 7.788412*x27*x9  - 4.483282*x27*x10 + 1.310366*x27*x11 + 1.342458*x27*x12  - 1.199511*x27*x13 + 3.473734*x27*x14 + 1.560526*x27*x15 + 3.088526*x27*x16  - 7.089689*x27*x17  - 6.691393*x27*x18  - 2.537903*x27*x19  - 1.729054*x27*x20 + 6.881621*x27*x21  - 3.845494*x27*x22 + 1.632745*x27*x23 + 7.928196*x27*x24 + 3.293093*x27*x25  - 0.302167*x27*x26  - 1.594713*x27*x27 + 1.565742*x27*x28 + 3.975765*x27*x29  - 4.004420*x27*x30 + 4.510509*x28*x1  - 1.321793*x28*x2  - 3.967530*x28*x3 + 1.536239*x28*x4 + 1.728863*x28*x5 + 9.006183*x28*x6  - 1.075188*x28*x7 + 3.571369*x28*x8 + 5.873541*x28*x9 + 4.160454*x28*x10 + 4.123728*x28*x11 + 4.979853*x28*x12 + 5.365519*x28*x13 + 3.319239*x28*x14 + 3.201434*x28*x15  - 1.517116*x28*x16  - 2.529384*x28*x17  - 4.579257*x28*x18  - 1.439083*x28*x19  - 2.177727*x28*x20 + 0.353277*x28*x21  - 3.173857*x28*x22  - 3.774356*x28*x23 + 3.003529*x28*x24 + 3.448732*x28*x25  - 5.684265*x28*x26 + 1.565742*x28*x27  - 0.390488*x28*x28  - 2.769965*x28*x29  - 7.483272*x28*x30  - 1.355352*x29*x1 + 0.850170*x29*x2  - 5.729755*x29*x3 + 2.208616*x29*x4  - 0.951722*x29*x5 + 7.879575*x29*x6 + 1.091231*x29*x7  - 3.695601*x29*x8 + 0.741088*x29*x9 + 1.402371*x29*x10 + 0.177084*x29*x11  - 6.910674*x29*x12 + 0.427736*x29*x13  - 1.876373*x29*x14 + 2.539128*x29*x15  - 2.256099*x29*x16 + 3.486279*x29*x17 + 0.021522*x29*x18  - 6.106194*x29*x19  - 3.615503*x29*x20  - 4.682915*x29*x21 + 4.076519*x29*x22  - 1.446864*x29*x23  - 0.522229*x29*x24  - 2.607229*x29*x25  - 1.446629*x29*x26 + 3.975765*x29*x27  - 2.769965*x29*x28  - 0.212645*x29*x29 + 1.965828*x29*x30  - 7.633934*x30*x1  - 5.120911*x30*x2 + 6.204051*x30*x3  - 6.078779*x30*x4 + 5.353188*x30*x5 + 3.692511*x30*x6 + 1.529946*x30*x7  - 1.047937*x30*x8 + 1.075428*x30*x9  - 0.606972*x30*x10 + 2.579608*x30*x11  - 0.579417*x30*x12 + 1.593115*x30*x13 + 1.669258*x30*x14  - 6.655929*x30*x15 + 3.284513*x30*x16 + 7.896383*x30*x17  - 1.236180*x30*x18 + 1.787362*x30*x19  - 1.453045*x30*x20  - 6.621860*x30*x21 + 2.017882*x30*x22  - 7.122942*x30*x23  - 4.958863*x30*x24 + 1.594875*x30*x25  - 7.044851*x30*x26  - 4.004420*x30*x27  - 7.483272*x30*x28 + 1.965828*x30*x29  - 2.405791*x30*x30 ;
