OPTIONS {
 MaxTime: 10000;
 EpsR: 0.000001;
 }
 
VARIABLES	x1,x2,x3,x4,x5,x6,x7,x8,x9,x10,x11,x12,x13,x14,x15,x16,x17,x18,x19,x20,x21,x22,x23,x24,x25,x26,x27,x28,x29,x30;
LOWER_BOUNDS {
x1: 0.000000;
x2: 0.000000;
x3: 0.000000;
x4: 0.000000;
x5: 0.000000;
x6: 0.000000;
x7: 0.000000;
x8: 0.000000;
x9: 0.000000;
x10: 0.000000;
x11: 0.000000;
x12: 0.000000;
x13: 0.000000;
x14: 0.000000;
x15: 0.000000;
x16: 0.000000;
x17: 0.000000;
x18: 0.000000;
x19: 0.000000;
x20: 0.000000;
x21: 0.000000;
x22: 0.000000;
x23: 0.000000;
x24: 0.000000;
x25: 0.000000;
x26: 0.000000;
x27: 0.000000;
x28: 0.000000;
x29: 0.000000;
x30: 0.000000;
}

UPPER_BOUNDS {
x1: 1.000000;
x2: 1.000000;
x3: 1.000000;
x4: 1.000000;
x5: 1.000000;
x6: 1.000000;
x7: 1.000000;
x8: 1.000000;
x9: 1.000000;
x10: 1.000000;
x11: 1.000000;
x12: 1.000000;
x13: 1.000000;
x14: 1.000000;
x15: 1.000000;
x16: 1.000000;
x17: 1.000000;
x18: 1.000000;
x19: 1.000000;
x20: 1.000000;
x21: 1.000000;
x22: 1.000000;
x23: 1.000000;
x24: 1.000000;
x25: 1.000000;
x26: 1.000000;
x27: 1.000000;
x28: 1.000000;
x29: 1.000000;
x30: 1.000000;
}

EQUATIONS e1;

e1:  1.000000*x1  + 1.000000*x2  + 1.000000*x3  + 1.000000*x4  + 1.000000*x5  + 1.000000*x6  + 1.000000*x7  + 1.000000*x8  + 1.000000*x9  + 1.000000*x10  + 1.000000*x11  + 1.000000*x12  + 1.000000*x13  + 1.000000*x14  + 1.000000*x15  + 1.000000*x16  + 1.000000*x17  + 1.000000*x18  + 1.000000*x19  + 1.000000*x20  + 1.000000*x21  + 1.000000*x22  + 1.000000*x23  + 1.000000*x24  + 1.000000*x25  + 1.000000*x26  + 1.000000*x27  + 1.000000*x28  + 1.000000*x29  + 1.000000*x30  == 1.000000;

OBJ: minimize	 - 2.332337*x1*x1  - 0.271492*x1*x2  - 3.105878*x1*x3  - 5.661589*x1*x4  - 6.763105*x1*x5  - 3.638920*x1*x6  - 8.344927*x1*x7  - 6.162964*x1*x8  - 5.861781*x1*x9  - 6.864677*x1*x10  - 8.080424*x1*x11  - 1.445916*x1*x12  - 4.042193*x1*x13  - 2.870161*x1*x14  - 8.136781*x1*x15  - 3.863199*x1*x16  - 2.261942*x1*x17  - 8.678038*x1*x18  - 5.011601*x1*x19  - 8.967477*x1*x20  - 6.558185*x1*x21  - 1.949586*x1*x22  - 4.512506*x1*x23  - 4.745835*x1*x24  - 4.875438*x1*x25  - 3.857154*x1*x26  - 1.349244*x1*x27  - 6.814444*x1*x28  - 1.638969*x1*x29  - 4.108044*x1*x30  - 0.271492*x2*x1  - 4.599087*x2*x2  - 6.837856*x2*x3  - 5.053975*x2*x4  - 2.659076*x2*x5  - 7.807457*x2*x6  - 4.180361*x2*x7  - 6.169921*x2*x8  - 5.473463*x2*x9  - 3.844825*x2*x10  - 7.878571*x2*x11  - 5.648018*x2*x12  - 2.983742*x2*x13  - 4.299077*x2*x14  - 4.118506*x2*x15  - 7.192874*x2*x16  - 4.118168*x2*x17  - 2.649901*x2*x18  - 2.466807*x2*x19  - 3.706222*x2*x20  - 8.466672*x2*x21  - 7.121402*x2*x22  - 3.577165*x2*x23  - 5.521774*x2*x24  - 5.876985*x2*x25  - 5.232057*x2*x26  - 0.538563*x2*x27  - 5.915148*x2*x28  - 2.936437*x2*x29  - 7.179279*x2*x30  - 3.105878*x3*x1  - 6.837856*x3*x2  - 1.635954*x3*x3  - 4.218521*x3*x4  - 4.776333*x3*x5  - 0.824191*x3*x6  - 7.926418*x3*x7  - 5.388246*x3*x8  - 7.441597*x3*x9  - 3.105763*x3*x10  - 4.498064*x3*x11  - 1.727449*x3*x12  - 8.513789*x3*x13  - 7.534124*x3*x14  - 5.985643*x3*x15  - 3.445604*x3*x16  - 5.214147*x3*x17  - 6.969391*x3*x18  - 5.872585*x3*x19  - 4.755032*x3*x20  - 3.335279*x3*x21  - 7.227324*x3*x22  - 4.843704*x3*x23  - 3.537862*x3*x24  - 2.050286*x3*x25  - 2.414284*x3*x26  - 6.995252*x3*x27  - 5.426585*x3*x28  - 5.720457*x3*x29  - 5.537672*x3*x30  - 5.661589*x4*x1  - 5.053975*x4*x2  - 4.218521*x4*x3  - 2.231488*x4*x4  - 4.522309*x4*x5  - 7.267130*x4*x6  - 3.578049*x4*x7  - 0.282592*x4*x8  - 6.820409*x4*x9  - 4.224101*x4*x10  - 6.324695*x4*x11  - 6.746257*x4*x12  - 2.068370*x4*x13  - 5.997641*x4*x14  - 4.163199*x4*x15  - 7.358527*x4*x16  - 1.592437*x4*x17  - 0.999726*x4*x18  - 8.989143*x4*x19  - 5.738358*x4*x20  - 8.979108*x4*x21  - 5.843648*x4*x22  - 5.222879*x4*x23  - 7.961430*x4*x24  - 4.306365*x4*x25  - 8.243907*x4*x26  - 5.875065*x4*x27  - 5.313866*x4*x28  - 5.150856*x4*x29  - 8.986476*x4*x30  - 6.763105*x5*x1  - 2.659076*x5*x2  - 4.776333*x5*x3  - 4.522309*x5*x4  - 1.522887*x5*x5  - 1.991365*x5*x6  - 5.627547*x5*x7  - 6.704874*x5*x8  - 2.217294*x5*x9  - 3.789501*x5*x10  - 4.591336*x5*x11  - 0.238557*x5*x12  - 7.882144*x5*x13  - 1.689944*x5*x14  - 8.299658*x5*x15  - 5.079565*x5*x16  - 4.829889*x5*x17  - 3.355862*x5*x18  - 6.756095*x5*x19  - 1.535927*x5*x20  - 3.648058*x5*x21  - 3.502248*x5*x22  - 2.963621*x5*x23  - 3.673610*x5*x24  - 7.657290*x5*x25  - 6.391233*x5*x26  - 5.051002*x5*x27  - 4.306296*x5*x28  - 6.726952*x5*x29  - 5.190977*x5*x30  - 3.638920*x6*x1  - 7.807457*x6*x2  - 0.824191*x6*x3  - 7.267130*x6*x4  - 1.991365*x6*x5  - 2.738997*x6*x6  - 6.392114*x6*x7  - 3.853527*x6*x8  - 9.215517*x6*x9  - 2.739646*x6*x10  - 7.519452*x6*x11  - 1.379851*x6*x12  - 2.754772*x6*x13  - 1.467410*x6*x14  - 4.364126*x6*x15  - 3.662296*x6*x16  - 3.722380*x6*x17  - 5.668712*x6*x18  - 3.900262*x6*x19  - 1.985806*x6*x20  - 8.307458*x6*x21  - 9.354322*x6*x22  - 7.972685*x6*x23  - 4.986999*x6*x24  - 4.299158*x6*x25  - 4.836301*x6*x26  - 9.000503*x6*x27  - 4.191602*x6*x28  - 8.106897*x6*x29  - 7.085567*x6*x30  - 8.344927*x7*x1  - 4.180361*x7*x2  - 7.926418*x7*x3  - 3.578049*x7*x4  - 5.627547*x7*x5  - 6.392114*x7*x6  - 3.476053*x7*x7  - 5.344158*x7*x8  - 2.499579*x7*x9  - 2.137857*x7*x10  - 1.209052*x7*x11  - 5.048438*x7*x12  - 2.015454*x7*x13  - 7.142450*x7*x14  - 4.775666*x7*x15  - 5.739650*x7*x16  - 5.646606*x7*x17  - 6.303329*x7*x18  - 1.795698*x7*x19  - 3.509557*x7*x20  - 3.771160*x7*x21  - 6.921511*x7*x22  - 8.726491*x7*x23  - 6.411317*x7*x24  - 3.714062*x7*x25  - 5.252659*x7*x26  - 6.240526*x7*x27  - 8.220406*x7*x28  - 1.932059*x7*x29  - 4.436345*x7*x30  - 6.162964*x8*x1  - 6.169921*x8*x2  - 5.388246*x8*x3  - 0.282592*x8*x4  - 6.704874*x8*x5  - 3.853527*x8*x6  - 5.344158*x8*x7  - 3.980381*x8*x8  - 4.960474*x8*x9  - 7.336442*x8*x10  - 5.710104*x8*x11  - 2.846416*x8*x12  - 3.357822*x8*x13  - 0.962518*x8*x14  - 2.591649*x8*x15  - 8.165701*x8*x16  - 4.110387*x8*x17  - 1.318779*x8*x18  - 1.503335*x8*x19  - 6.430922*x8*x20  - 2.150019*x8*x21  - 5.422163*x8*x22  - 6.323226*x8*x23  - 6.437044*x8*x24  - 4.285588*x8*x25  - 6.798368*x8*x26  - 4.313724*x8*x27  - 5.774932*x8*x28  - 1.037033*x8*x29  - 7.517173*x8*x30  - 5.861781*x9*x1  - 5.473463*x9*x2  - 7.441597*x9*x3  - 6.820409*x9*x4  - 2.217294*x9*x5  - 9.215517*x9*x6  - 2.499579*x9*x7  - 4.960474*x9*x8  - 1.351355*x9*x9  - 4.891842*x9*x10  - 6.357677*x9*x11  - 5.794137*x9*x12  - 1.510221*x9*x13  - 3.130826*x9*x14  - 7.358668*x9*x15  - 1.140335*x9*x16  - 4.491086*x9*x17  - 8.034510*x9*x18  - 4.532655*x9*x19  - 4.358253*x9*x20  - 8.991221*x9*x21  - 6.484438*x9*x22  - 2.213285*x9*x23  - 0.418107*x9*x24  - 2.850102*x9*x25  - 3.922308*x9*x26  - 6.137410*x9*x27  - 5.285479*x9*x28  - 3.336046*x9*x29  - 4.173538*x9*x30  - 6.864677*x10*x1  - 3.844825*x10*x2  - 3.105763*x10*x3  - 4.224101*x10*x4  - 3.789501*x10*x5  - 2.739646*x10*x6  - 2.137857*x10*x7  - 7.336442*x10*x8  - 4.891842*x10*x9  - 3.949513*x10*x10  - 5.356313*x10*x11  - 6.837854*x10*x12  - 6.666159*x10*x13  - 3.882939*x10*x14  - 3.232296*x10*x15  - 6.225665*x10*x16  - 3.165101*x10*x17  - 2.866799*x10*x18  - 2.270641*x10*x19  - 4.422912*x10*x20  - 5.749944*x10*x21  - 0.673886*x10*x22  - 4.828277*x10*x23  - 4.108681*x10*x24  - 7.208407*x10*x25  - 0.855312*x10*x26  - 3.448713*x10*x27  - 6.914497*x10*x28  - 3.421499*x10*x29  - 4.981082*x10*x30  - 8.080424*x11*x1  - 7.878571*x11*x2  - 4.498064*x11*x3  - 6.324695*x11*x4  - 4.591336*x11*x5  - 7.519452*x11*x6  - 1.209052*x11*x7  - 5.710104*x11*x8  - 6.357677*x11*x9  - 5.356313*x11*x10  - 3.026221*x11*x11  - 6.708103*x11*x12  - 5.555497*x11*x13  - 2.448456*x11*x14  - 2.279493*x11*x15  - 1.823339*x11*x16  - 4.769276*x11*x17  - 2.188830*x11*x18  - 5.048655*x11*x19  - 3.675026*x11*x20  - 6.649740*x11*x21  - 5.627033*x11*x22  - 6.860902*x11*x23  - 1.791124*x11*x24  - 7.755159*x11*x25  - 2.561107*x11*x26  - 5.693599*x11*x27  - 5.448436*x11*x28  - 3.620337*x11*x29  - 3.643300*x11*x30  - 1.445916*x12*x1  - 5.648018*x12*x2  - 1.727449*x12*x3  - 6.746257*x12*x4  - 0.238557*x12*x5  - 1.379851*x12*x6  - 5.048438*x12*x7  - 2.846416*x12*x8  - 5.794137*x12*x9  - 6.837854*x12*x10  - 6.708103*x12*x11  - 2.835366*x12*x12  - 3.561953*x12*x13  - 4.161745*x12*x14  - 3.637143*x12*x15  - 7.582695*x12*x16  - 3.893329*x12*x17  - 3.827828*x12*x18  - 5.507443*x12*x19  - 5.192198*x12*x20  - 9.366284*x12*x21  - 5.418081*x12*x22  - 4.986959*x12*x23  - 4.394394*x12*x24  - 2.512851*x12*x25  - 5.530382*x12*x26  - 1.904574*x12*x27  - 4.836896*x12*x28  - 6.424840*x12*x29  - 2.604408*x12*x30  - 4.042193*x13*x1  - 2.983742*x13*x2  - 8.513789*x13*x3  - 2.068370*x13*x4  - 7.882144*x13*x5  - 2.754772*x13*x6  - 2.015454*x13*x7  - 3.357822*x13*x8  - 1.510221*x13*x9  - 6.666159*x13*x10  - 5.555497*x13*x11  - 3.561953*x13*x12  - 2.526031*x13*x13  - 2.581015*x13*x14  - 4.928648*x13*x15  - 2.100943*x13*x16  - 4.879514*x13*x17  - 3.231769*x13*x18  - 6.337552*x13*x19  - 4.905513*x13*x20  - 7.285418*x13*x21  - 1.621870*x13*x22  - 4.437034*x13*x23  - 8.241277*x13*x24  - 5.436381*x13*x25  - 5.006231*x13*x26  - 2.342335*x13*x27  - 7.665556*x13*x28  - 3.734442*x13*x29  - 7.849390*x13*x30  - 2.870161*x14*x1  - 4.299077*x14*x2  - 7.534124*x14*x3  - 5.997641*x14*x4  - 1.689944*x14*x5  - 1.467410*x14*x6  - 7.142450*x14*x7  - 0.962518*x14*x8  - 3.130826*x14*x9  - 3.882939*x14*x10  - 2.448456*x14*x11  - 4.161745*x14*x12  - 2.581015*x14*x13  - 1.207006*x14*x14  - 1.968105*x14*x15  - 7.306548*x14*x16  - 7.557122*x14*x17  - 4.978956*x14*x18  - 0.782050*x14*x19  - 7.987538*x14*x20  - 6.488300*x14*x21  - 2.368564*x14*x22  - 6.873136*x14*x23  - 3.803047*x14*x24  - 5.214619*x14*x25  - 6.913154*x14*x26  - 7.182689*x14*x27  - 4.663210*x14*x28  - 3.325736*x14*x29  - 6.982907*x14*x30  - 8.136781*x15*x1  - 4.118506*x15*x2  - 5.985643*x15*x3  - 4.163199*x15*x4  - 8.299658*x15*x5  - 4.364126*x15*x6  - 4.775666*x15*x7  - 2.591649*x15*x8  - 7.358668*x15*x9  - 3.232296*x15*x10  - 2.279493*x15*x11  - 3.637143*x15*x12  - 4.928648*x15*x13  - 1.968105*x15*x14  - 0.946828*x15*x15  - 6.885471*x15*x16  - 3.003251*x15*x17  - 5.851674*x15*x18  - 1.915435*x15*x19  - 6.100209*x15*x20  - 0.398758*x15*x21  - 3.081624*x15*x22  - 3.690638*x15*x23  - 6.014423*x15*x24  - 5.555492*x15*x25  - 7.095440*x15*x26  - 1.315499*x15*x27  - 6.256631*x15*x28  - 4.911308*x15*x29  - 7.795795*x15*x30  - 3.863199*x16*x1  - 7.192874*x16*x2  - 3.445604*x16*x3  - 7.358527*x16*x4  - 5.079565*x16*x5  - 3.662296*x16*x6  - 5.739650*x16*x7  - 8.165701*x16*x8  - 1.140335*x16*x9  - 6.225665*x16*x10  - 1.823339*x16*x11  - 7.582695*x16*x12  - 2.100943*x16*x13  - 7.306548*x16*x14  - 6.885471*x16*x15  - 2.688668*x16*x16  - 3.567301*x16*x17  - 6.265937*x16*x18  - 6.485094*x16*x19  - 4.564787*x16*x20  - 6.267539*x16*x21  - 3.463389*x16*x22  - 8.621597*x16*x23  - 6.444910*x16*x24  - 7.666466*x16*x25  - 4.212143*x16*x26  - 2.083016*x16*x27  - 6.702253*x16*x28  - 5.065956*x16*x29  - 2.485598*x16*x30  - 2.261942*x17*x1  - 4.118168*x17*x2  - 5.214147*x17*x3  - 1.592437*x17*x4  - 4.829889*x17*x5  - 3.722380*x17*x6  - 5.646606*x17*x7  - 4.110387*x17*x8  - 4.491086*x17*x9  - 3.165101*x17*x10  - 4.769276*x17*x11  - 3.893329*x17*x12  - 4.879514*x17*x13  - 7.557122*x17*x14  - 3.003251*x17*x15  - 3.567301*x17*x16  - 3.122605*x17*x17  - 3.374323*x17*x18  - 2.073152*x17*x19  - 3.422023*x17*x20  - 4.558096*x17*x21  - 5.458722*x17*x22  - 4.187298*x17*x23  - 7.693364*x17*x24  - 6.130770*x17*x25  - 6.264305*x17*x26  - 5.951307*x17*x27  - 6.545681*x17*x28  - 8.496961*x17*x29  - 8.463217*x17*x30  - 8.678038*x18*x1  - 2.649901*x18*x2  - 6.969391*x18*x3  - 0.999726*x18*x4  - 3.355862*x18*x5  - 5.668712*x18*x6  - 6.303329*x18*x7  - 1.318779*x18*x8  - 8.034510*x18*x9  - 2.866799*x18*x10  - 2.188830*x18*x11  - 3.827828*x18*x12  - 3.231769*x18*x13  - 4.978956*x18*x14  - 5.851674*x18*x15  - 6.265937*x18*x16  - 3.374323*x18*x17  - 2.384598*x18*x18  - 5.230147*x18*x19  - 1.800880*x18*x20  - 4.510213*x18*x21  - 3.135008*x18*x22  - 7.341653*x18*x23  - 4.764943*x18*x24  - 4.786754*x18*x25  - 6.499770*x18*x26  - 7.367144*x18*x27  - 5.667421*x18*x28  - 4.656735*x18*x29  - 1.128479*x18*x30  - 5.011601*x19*x1  - 2.466807*x19*x2  - 5.872585*x19*x3  - 8.989143*x19*x4  - 6.756095*x19*x5  - 3.900262*x19*x6  - 1.795698*x19*x7  - 1.503335*x19*x8  - 4.532655*x19*x9  - 2.270641*x19*x10  - 5.048655*x19*x11  - 5.507443*x19*x12  - 6.337552*x19*x13  - 0.782050*x19*x14  - 1.915435*x19*x15  - 6.485094*x19*x16  - 2.073152*x19*x17  - 5.230147*x19*x18  - 1.756554*x19*x19  - 8.624163*x19*x20  - 6.481832*x19*x21  - 1.432431*x19*x22  - 2.670386*x19*x23  - 6.080039*x19*x24  - 6.238112*x19*x25  - 2.342823*x19*x26  - 4.885449*x19*x27  - 3.082018*x19*x28  - 4.985854*x19*x29  - 6.493719*x19*x30  - 8.967477*x20*x1  - 3.706222*x20*x2  - 4.755032*x20*x3  - 5.738358*x20*x4  - 1.535927*x20*x5  - 1.985806*x20*x6  - 3.509557*x20*x7  - 6.430922*x20*x8  - 4.358253*x20*x9  - 4.422912*x20*x10  - 3.675026*x20*x11  - 5.192198*x20*x12  - 4.905513*x20*x13  - 7.987538*x20*x14  - 6.100209*x20*x15  - 4.564787*x20*x16  - 3.422023*x20*x17  - 1.800880*x20*x18  - 8.624163*x20*x19  - 2.080883*x20*x20  - 5.310284*x20*x21  - 5.087997*x20*x22  - 5.031969*x20*x23  - 4.858289*x20*x24  - 4.387455*x20*x25  - 5.082511*x20*x26  - 4.830155*x20*x27  - 4.617324*x20*x28  - 5.695609*x20*x29  - 1.356549*x20*x30  - 6.558185*x21*x1  - 8.466672*x21*x2  - 3.335279*x21*x3  - 8.979108*x21*x4  - 3.648058*x21*x5  - 8.307458*x21*x6  - 3.771160*x21*x7  - 2.150019*x21*x8  - 8.991221*x21*x9  - 5.749944*x21*x10  - 6.649740*x21*x11  - 9.366284*x21*x12  - 7.285418*x21*x13  - 6.488300*x21*x14  - 0.398758*x21*x15  - 6.267539*x21*x16  - 4.558096*x21*x17  - 4.510213*x21*x18  - 6.481832*x21*x19  - 5.310284*x21*x20  - 2.314604*x21*x21  - 4.451962*x21*x22  - 6.956296*x21*x23  - 3.349051*x21*x24  - 4.514470*x21*x25  - 3.094059*x21*x26  - 4.710775*x21*x27  - 5.585816*x21*x28  - 4.500872*x21*x29  - 6.176757*x21*x30  - 1.949586*x22*x1  - 7.121402*x22*x2  - 7.227324*x22*x3  - 5.843648*x22*x4  - 3.502248*x22*x5  - 9.354322*x22*x6  - 6.921511*x22*x7  - 5.422163*x22*x8  - 6.484438*x22*x9  - 0.673886*x22*x10  - 5.627033*x22*x11  - 5.418081*x22*x12  - 1.621870*x22*x13  - 2.368564*x22*x14  - 3.081624*x22*x15  - 3.463389*x22*x16  - 5.458722*x22*x17  - 3.135008*x22*x18  - 1.432431*x22*x19  - 5.087997*x22*x20  - 4.451962*x22*x21  - 2.513699*x22*x22  - 4.590460*x22*x23  - 6.060321*x22*x24  - 5.709086*x22*x25  - 1.703490*x22*x26  - 3.687202*x22*x27  - 6.781949*x22*x28  - 3.794484*x22*x29  - 3.179196*x22*x30  - 4.512506*x23*x1  - 3.577165*x23*x2  - 4.843704*x23*x3  - 5.222879*x23*x4  - 2.963621*x23*x5  - 7.972685*x23*x6  - 8.726491*x23*x7  - 6.323226*x23*x8  - 2.213285*x23*x9  - 4.828277*x23*x10  - 6.860902*x23*x11  - 4.986959*x23*x12  - 4.437034*x23*x13  - 6.873136*x23*x14  - 3.690638*x23*x15  - 8.621597*x23*x16  - 4.187298*x23*x17  - 7.341653*x23*x18  - 2.670386*x23*x19  - 5.031969*x23*x20  - 6.956296*x23*x21  - 4.590460*x23*x22  - 3.395980*x23*x23  - 8.221692*x23*x24  - 6.437139*x23*x25  - 6.599722*x23*x26  - 1.851840*x23*x27  - 7.626858*x23*x28  - 5.103413*x23*x29  - 4.468766*x23*x30  - 4.745835*x24*x1  - 5.521774*x24*x2  - 3.537862*x24*x3  - 7.961430*x24*x4  - 3.673610*x24*x5  - 4.986999*x24*x6  - 6.411317*x24*x7  - 6.437044*x24*x8  - 0.418107*x24*x9  - 4.108681*x24*x10  - 1.791124*x24*x11  - 4.394394*x24*x12  - 8.241277*x24*x13  - 3.803047*x24*x14  - 6.014423*x24*x15  - 6.444910*x24*x16  - 7.693364*x24*x17  - 4.764943*x24*x18  - 6.080039*x24*x19  - 4.858289*x24*x20  - 3.349051*x24*x21  - 6.060321*x24*x22  - 8.221692*x24*x23  - 2.785032*x24*x24  - 5.500610*x24*x25  - 4.317694*x24*x26  - 6.573427*x24*x27  - 3.605169*x24*x28  - 0.863418*x24*x29  - 6.161858*x24*x30  - 4.875438*x25*x1  - 5.876985*x25*x2  - 2.050286*x25*x3  - 4.306365*x25*x4  - 7.657290*x25*x5  - 4.299158*x25*x6  - 3.714062*x25*x7  - 4.285588*x25*x8  - 2.850102*x25*x9  - 7.208407*x25*x10  - 7.755159*x25*x11  - 2.512851*x25*x12  - 5.436381*x25*x13  - 5.214619*x25*x14  - 5.555492*x25*x15  - 7.666466*x25*x16  - 6.130770*x25*x17  - 4.786754*x25*x18  - 6.238112*x25*x19  - 4.387455*x25*x20  - 4.514470*x25*x21  - 5.709086*x25*x22  - 6.437139*x25*x23  - 5.500610*x25*x24  - 3.800161*x25*x25  - 4.014354*x25*x26  - 8.695883*x25*x27  - 6.353615*x25*x28  - 5.630960*x25*x29  - 6.416109*x25*x30  - 3.857154*x26*x1  - 5.232057*x26*x2  - 2.414284*x26*x3  - 8.243907*x26*x4  - 6.391233*x26*x5  - 4.836301*x26*x6  - 5.252659*x26*x7  - 6.798368*x26*x8  - 3.922308*x26*x9  - 0.855312*x26*x10  - 2.561107*x26*x11  - 5.530382*x26*x12  - 5.006231*x26*x13  - 6.913154*x26*x14  - 7.095440*x26*x15  - 4.212143*x26*x16  - 6.264305*x26*x17  - 6.499770*x26*x18  - 2.342823*x26*x19  - 5.082511*x26*x20  - 3.094059*x26*x21  - 1.703490*x26*x22  - 6.599722*x26*x23  - 4.317694*x26*x24  - 4.014354*x26*x25  - 2.263301*x26*x26  - 4.320415*x26*x27  - 2.271640*x26*x28  - 7.969615*x26*x29  - 2.591503*x26*x30  - 1.349244*x27*x1  - 0.538563*x27*x2  - 6.995252*x27*x3  - 5.875065*x27*x4  - 5.051002*x27*x5  - 9.000503*x27*x6  - 6.240526*x27*x7  - 4.313724*x27*x8  - 6.137410*x27*x9  - 3.448713*x27*x10  - 5.693599*x27*x11  - 1.904574*x27*x12  - 2.342335*x27*x13  - 7.182689*x27*x14  - 1.315499*x27*x15  - 2.083016*x27*x16  - 5.951307*x27*x17  - 7.367144*x27*x18  - 4.885449*x27*x19  - 4.830155*x27*x20  - 4.710775*x27*x21  - 3.687202*x27*x22  - 1.851840*x27*x23  - 6.573427*x27*x24  - 8.695883*x27*x25  - 4.320415*x27*x26  - 2.860493*x27*x27  - 1.965232*x27*x28  - 7.903028*x27*x29  - 3.933721*x27*x30  - 6.814444*x28*x1  - 5.915148*x28*x2  - 5.426585*x28*x3  - 5.313866*x28*x4  - 4.306296*x28*x5  - 4.191602*x28*x6  - 8.220406*x28*x7  - 5.774932*x28*x8  - 5.285479*x28*x9  - 6.914497*x28*x10  - 5.448436*x28*x11  - 4.836896*x28*x12  - 7.665556*x28*x13  - 4.663210*x28*x14  - 6.256631*x28*x15  - 6.702253*x28*x16  - 6.545681*x28*x17  - 5.667421*x28*x18  - 3.082018*x28*x19  - 4.617324*x28*x20  - 5.585816*x28*x21  - 6.781949*x28*x22  - 7.626858*x28*x23  - 3.605169*x28*x24  - 6.353615*x28*x25  - 2.271640*x28*x26  - 1.965232*x28*x27  - 3.302115*x28*x28  - 3.663267*x28*x29  - 7.808904*x28*x30  - 1.638969*x29*x1  - 2.936437*x29*x2  - 5.720457*x29*x3  - 5.150856*x29*x4  - 6.726952*x29*x5  - 8.106897*x29*x6  - 1.932059*x29*x7  - 1.037033*x29*x8  - 3.336046*x29*x9  - 3.421499*x29*x10  - 3.620337*x29*x11  - 6.424840*x29*x12  - 3.734442*x29*x13  - 3.325736*x29*x14  - 4.911308*x29*x15  - 5.065956*x29*x16  - 8.496961*x29*x17  - 4.656735*x29*x18  - 4.985854*x29*x19  - 5.695609*x29*x20  - 4.500872*x29*x21  - 3.794484*x29*x22  - 5.103413*x29*x23  - 0.863418*x29*x24  - 5.630960*x29*x25  - 7.969615*x29*x26  - 7.903028*x29*x27  - 3.663267*x29*x28  - 1.493172*x29*x29  - 6.025866*x29*x30  - 4.108044*x30*x1  - 7.179279*x30*x2  - 5.537672*x30*x3  - 8.986476*x30*x4  - 5.190977*x30*x5  - 7.085567*x30*x6  - 4.436345*x30*x7  - 7.517173*x30*x8  - 4.173538*x30*x9  - 4.981082*x30*x10  - 3.643300*x30*x11  - 2.604408*x30*x12  - 7.849390*x30*x13  - 6.982907*x30*x14  - 7.795795*x30*x15  - 2.485598*x30*x16  - 8.463217*x30*x17  - 1.128479*x30*x18  - 6.493719*x30*x19  - 1.356549*x30*x20  - 6.176757*x30*x21  - 3.179196*x30*x22  - 4.468766*x30*x23  - 6.161858*x30*x24  - 6.416109*x30*x25  - 2.591503*x30*x26  - 3.933721*x30*x27  - 7.808904*x30*x28  - 6.025866*x30*x29  - 1.206640*x30*x30 ;
