OPTIONS {
 MaxTime: 10000;
 EpsR: 0.000001;
 }
 
VARIABLES	x1,x2,x3,x4,x5,x6,x7,x8,x9,x10,x11,x12,x13,x14,x15,x16,x17,x18,x19,x20,x21,x22,x23,x24,x25,x26,x27,x28,x29,x30;
LOWER_BOUNDS {
x1: 0.000000;
x2: 0.000000;
x3: 0.000000;
x4: 0.000000;
x5: 0.000000;
x6: 0.000000;
x7: 0.000000;
x8: 0.000000;
x9: 0.000000;
x10: 0.000000;
x11: 0.000000;
x12: 0.000000;
x13: 0.000000;
x14: 0.000000;
x15: 0.000000;
x16: 0.000000;
x17: 0.000000;
x18: 0.000000;
x19: 0.000000;
x20: 0.000000;
x21: 0.000000;
x22: 0.000000;
x23: 0.000000;
x24: 0.000000;
x25: 0.000000;
x26: 0.000000;
x27: 0.000000;
x28: 0.000000;
x29: 0.000000;
x30: 0.000000;
}

UPPER_BOUNDS {
x1: 1.000000;
x2: 1.000000;
x3: 1.000000;
x4: 1.000000;
x5: 1.000000;
x6: 1.000000;
x7: 1.000000;
x8: 1.000000;
x9: 1.000000;
x10: 1.000000;
x11: 1.000000;
x12: 1.000000;
x13: 1.000000;
x14: 1.000000;
x15: 1.000000;
x16: 1.000000;
x17: 1.000000;
x18: 1.000000;
x19: 1.000000;
x20: 1.000000;
x21: 1.000000;
x22: 1.000000;
x23: 1.000000;
x24: 1.000000;
x25: 1.000000;
x26: 1.000000;
x27: 1.000000;
x28: 1.000000;
x29: 1.000000;
x30: 1.000000;
}

EQUATIONS e1;

e1:  1.000000*x1  + 1.000000*x2  + 1.000000*x3  + 1.000000*x4  + 1.000000*x5  + 1.000000*x6  + 1.000000*x7  + 1.000000*x8  + 1.000000*x9  + 1.000000*x10  + 1.000000*x11  + 1.000000*x12  + 1.000000*x13  + 1.000000*x14  + 1.000000*x15  + 1.000000*x16  + 1.000000*x17  + 1.000000*x18  + 1.000000*x19  + 1.000000*x20  + 1.000000*x21  + 1.000000*x22  + 1.000000*x23  + 1.000000*x24  + 1.000000*x25  + 1.000000*x26  + 1.000000*x27  + 1.000000*x28  + 1.000000*x29  + 1.000000*x30  == 1.000000;

OBJ: minimize	 0.405693*x1*x1  - 4.883756*x1*x2  - 4.394541*x1*x3  - 5.115196*x1*x4  - 3.925436*x1*x5  - 3.791032*x1*x6  - 3.231253*x1*x7  - 4.350716*x1*x8  - 4.918518*x1*x9  - 5.603388*x1*x10  - 6.485372*x1*x11  - 4.070093*x1*x12  - 5.321148*x1*x13  - 5.075812*x1*x14  - 6.636728*x1*x15  - 4.243124*x1*x16  - 4.397169*x1*x17  - 3.523365*x1*x18  - 7.768518*x1*x19  - 5.673840*x1*x20  - 6.688968*x1*x21  - 4.428808*x1*x22  - 3.998007*x1*x23  - 3.091627*x1*x24  - 5.435008*x1*x25  - 7.496478*x1*x26  - 6.482858*x1*x27  - 7.201859*x1*x28  - 8.630817*x1*x29  - 5.281822*x1*x30  - 4.883756*x2*x1 + 1.321915*x2*x2  - 4.539991*x2*x3  - 3.887626*x2*x4  - 4.684163*x2*x5  - 6.100228*x2*x6  - 5.653104*x2*x7  - 5.105607*x2*x8  - 8.076283*x2*x9  - 5.379949*x2*x10  - 5.193230*x2*x11  - 4.670819*x2*x12  - 5.881635*x2*x13  - 5.487258*x2*x14  - 4.302554*x2*x15  - 3.532200*x2*x16  - 1.141043*x2*x17  - 9.337899*x2*x18  - 5.683598*x2*x19  - 3.748445*x2*x20  - 3.382418*x2*x21  - 9.403121*x2*x22  - 1.092339*x2*x23  - 5.093677*x2*x24  - 6.480017*x2*x25  - 7.891608*x2*x26  - 7.833115*x2*x27  - 5.110085*x2*x28  - 5.613784*x2*x29  - 2.596608*x2*x30  - 4.394541*x3*x1  - 4.539991*x3*x2 + 1.849526*x3*x3  - 7.338061*x3*x4  - 5.831794*x3*x5  - 2.417684*x3*x6  - 6.027519*x3*x7  - 1.114610*x3*x8  - 4.042322*x3*x9  - 5.407044*x3*x10  - 2.952050*x3*x11  - 4.789179*x3*x12  - 3.274203*x3*x13  - 3.342137*x3*x14  - 7.397632*x3*x15  - 7.008314*x3*x16  - 2.506185*x3*x17  - 4.731988*x3*x18  - 4.578428*x3*x19  - 6.312446*x3*x20  - 6.153524*x3*x21  - 4.133644*x3*x22  - 3.522960*x3*x23  - 5.701683*x3*x24  - 5.849252*x3*x25  - 3.180084*x3*x26  - 0.979890*x3*x27  - 5.438658*x3*x28  - 1.630405*x3*x29  - 1.353163*x3*x30  - 5.115196*x4*x1  - 3.887626*x4*x2  - 7.338061*x4*x3 + 4.182439*x4*x4  - 7.157918*x4*x5  - 3.273417*x4*x6  - 9.437870*x4*x7  - 5.728562*x4*x8  - 6.057836*x4*x9  - 7.503733*x4*x10  - 3.654645*x4*x11  - 4.547767*x4*x12  - 7.114565*x4*x13  - 4.835068*x4*x14  - 1.733423*x4*x15  - 5.127864*x4*x16  - 3.426238*x4*x17  - 3.234435*x4*x18  - 3.482032*x4*x19  - 7.559641*x4*x20  - 6.299543*x4*x21  - 6.936645*x4*x22  - 5.771275*x4*x23  - 7.050254*x4*x24  - 5.253091*x4*x25  - 6.518298*x4*x26  - 2.104267*x4*x27  - 5.009612*x4*x28  - 7.906010*x4*x29  - 5.573431*x4*x30  - 3.925436*x5*x1  - 4.684163*x5*x2  - 5.831794*x5*x3  - 7.157918*x5*x4 + 3.158714*x5*x5  - 4.117840*x5*x6  - 5.315023*x5*x7  - 6.591465*x5*x8  - 1.300541*x5*x9  - 4.743682*x5*x10  - 2.653362*x5*x11  - 3.700922*x5*x12  - 4.015639*x5*x13  - 2.145068*x5*x14  - 5.233285*x5*x15  - 8.179078*x5*x16  - 0.639270*x5*x17  - 0.656577*x5*x18  - 4.593000*x5*x19  - 4.239179*x5*x20  - 6.784809*x5*x21  - 6.343237*x5*x22  - 5.265571*x5*x23  - 4.786980*x5*x24  - 3.844857*x5*x25  - 7.007141*x5*x26  - 6.126524*x5*x27  - 7.839525*x5*x28  - 5.872657*x5*x29  - 5.987233*x5*x30  - 3.791032*x6*x1  - 6.100228*x6*x2  - 2.417684*x6*x3  - 3.273417*x6*x4  - 4.117840*x6*x5 + 3.525080*x6*x6  - 7.615817*x6*x7  - 9.180563*x6*x8  - 7.707641*x6*x9  - 7.736910*x6*x10  - 3.152070*x6*x11  - 6.027489*x6*x12  - 1.901951*x6*x13  - 1.416061*x6*x14  - 5.061012*x6*x15  - 1.834493*x6*x16  - 2.450066*x6*x17  - 4.511169*x6*x18  - 4.398173*x6*x19  - 3.248415*x6*x20  - 6.587078*x6*x21  - 5.821097*x6*x22  - 4.227841*x6*x23  - 4.323269*x6*x24  - 6.211190*x6*x25  - 5.575480*x6*x26  - 4.257527*x6*x27  - 5.800617*x6*x28  - 5.002710*x6*x29  - 0.583160*x6*x30  - 3.231253*x7*x1  - 5.653104*x7*x2  - 6.027519*x7*x3  - 9.437870*x7*x4  - 5.315023*x7*x5  - 7.615817*x7*x6 + 2.613912*x7*x7  - 3.701752*x7*x8  - 3.416744*x7*x9  - 5.071945*x7*x10  - 4.169511*x7*x11  - 7.788354*x7*x12  - 6.547500*x7*x13  - 3.549524*x7*x14  - 5.166100*x7*x15  - 1.986582*x7*x16  - 1.389613*x7*x17  - 6.889750*x7*x18  - 4.740624*x7*x19  - 3.008945*x7*x20  - 9.687788*x7*x21  - 6.028667*x7*x22  - 1.439175*x7*x23  - 3.908869*x7*x24  - 5.605620*x7*x25  - 4.148368*x7*x26  - 6.409822*x7*x27  - 5.690250*x7*x28  - 5.511983*x7*x29  - 5.098448*x7*x30  - 4.350716*x8*x1  - 5.105607*x8*x2  - 1.114610*x8*x3  - 5.728562*x8*x4  - 6.591465*x8*x5  - 9.180563*x8*x6  - 3.701752*x8*x7 + 1.700291*x8*x8  - 6.751000*x8*x9  - 3.368911*x8*x10  - 2.719332*x8*x11  - 2.664509*x8*x12  - 4.552085*x8*x13  - 6.350672*x8*x14  - 1.955822*x8*x15  - 5.356671*x8*x16  - 3.471926*x8*x17  - 9.056582*x8*x18  - 5.532793*x8*x19  - 5.329872*x8*x20  - 6.325131*x8*x21  - 2.064176*x8*x22  - 1.044787*x8*x23  - 5.173188*x8*x24  - 4.580249*x8*x25  - 4.118336*x8*x26  - 6.843443*x8*x27  - 2.701199*x8*x28  - 6.295693*x8*x29  - 7.392998*x8*x30  - 4.918518*x9*x1  - 8.076283*x9*x2  - 4.042322*x9*x3  - 6.057836*x9*x4  - 1.300541*x9*x5  - 7.707641*x9*x6  - 3.416744*x9*x7  - 6.751000*x9*x8 + 3.460141*x9*x9  - 2.377135*x9*x10  - 4.888739*x9*x11  - 6.243321*x9*x12  - 1.678894*x9*x13  - 4.121481*x9*x14  - 1.574853*x9*x15  - 9.564180*x9*x16  - 4.790446*x9*x17  - 3.823038*x9*x18  - 2.627439*x9*x19  - 1.298555*x9*x20  - 5.134907*x9*x21  - 5.446097*x9*x22  - 5.398346*x9*x23  - 1.113290*x9*x24  - 5.623894*x9*x25  - 8.496815*x9*x26  - 5.584243*x9*x27  - 1.026363*x9*x28  - 4.955343*x9*x29  - 3.870413*x9*x30  - 5.603388*x10*x1  - 5.379949*x10*x2  - 5.407044*x10*x3  - 7.503733*x10*x4  - 4.743682*x10*x5  - 7.736910*x10*x6  - 5.071945*x10*x7  - 3.368911*x10*x8  - 2.377135*x10*x9 + 3.121411*x10*x10  - 5.595425*x10*x11  - 4.873589*x10*x12  - 2.985515*x10*x13  - 2.184993*x10*x14  - 3.935071*x10*x15  - 2.151660*x10*x16  - 5.251378*x10*x17  - 5.610894*x10*x18  - 5.766226*x10*x19  - 7.088702*x10*x20  - 4.508050*x10*x21  - 4.345294*x10*x22  - 8.772072*x10*x23  - 6.749956*x10*x24  - 4.043387*x10*x25  - 7.842745*x10*x26  - 5.338005*x10*x27  - 8.101028*x10*x28  - 6.309825*x10*x29  - 4.729606*x10*x30  - 6.485372*x11*x1  - 5.193230*x11*x2  - 2.952050*x11*x3  - 3.654645*x11*x4  - 2.653362*x11*x5  - 3.152070*x11*x6  - 4.169511*x11*x7  - 2.719332*x11*x8  - 4.888739*x11*x9  - 5.595425*x11*x10 + 1.387529*x11*x11  - 5.945803*x11*x12  - 2.167132*x11*x13  - 5.717465*x11*x14  - 3.886852*x11*x15  - 4.610967*x11*x16  - 7.537785*x11*x17  - 5.960429*x11*x18  - 8.505134*x11*x19  - 8.197416*x11*x20  - 7.026341*x11*x21  - 6.337579*x11*x22  - 2.033923*x11*x23  - 5.817679*x11*x24  - 8.380686*x11*x25  - 7.271354*x11*x26  - 2.813301*x11*x27  - 4.249655*x11*x28  - 8.288957*x11*x29  - 3.045869*x11*x30  - 4.070093*x12*x1  - 4.670819*x12*x2  - 4.789179*x12*x3  - 4.547767*x12*x4  - 3.700922*x12*x5  - 6.027489*x12*x6  - 7.788354*x12*x7  - 2.664509*x12*x8  - 6.243321*x12*x9  - 4.873589*x12*x10  - 5.945803*x12*x11 + 4.236267*x12*x12  - 2.573949*x12*x13  - 7.484293*x12*x14  - 2.428165*x12*x15  - 5.445583*x12*x16  - 5.562068*x12*x17  - 9.146317*x12*x18  - 7.319706*x12*x19  - 5.700530*x12*x20  - 7.475009*x12*x21  - 1.887250*x12*x22  - 4.071506*x12*x23  - 4.782883*x12*x24  - 2.341471*x12*x25  - 2.521615*x12*x26  - 6.173142*x12*x27  - 1.862285*x12*x28  - 0.944847*x12*x29  - 4.746633*x12*x30  - 5.321148*x13*x1  - 5.881635*x13*x2  - 3.274203*x13*x3  - 7.114565*x13*x4  - 4.015639*x13*x5  - 1.901951*x13*x6  - 6.547500*x13*x7  - 4.552085*x13*x8  - 1.678894*x13*x9  - 2.985515*x13*x10  - 2.167132*x13*x11  - 2.573949*x13*x12 + 2.107064*x13*x13  - 9.426034*x13*x14  - 5.259571*x13*x15  - 6.731189*x13*x16  - 4.002784*x13*x17  - 5.579088*x13*x18  - 1.022170*x13*x19  - 6.104692*x13*x20  - 4.964807*x13*x21  - 5.737296*x13*x22  - 3.075796*x13*x23  - 7.706073*x13*x24  - 8.080835*x13*x25  - 6.484734*x13*x26  - 6.347233*x13*x27  - 5.262619*x13*x28  - 6.673129*x13*x29  - 0.811042*x13*x30  - 5.075812*x14*x1  - 5.487258*x14*x2  - 3.342137*x14*x3  - 4.835068*x14*x4  - 2.145068*x14*x5  - 1.416061*x14*x6  - 3.549524*x14*x7  - 6.350672*x14*x8  - 4.121481*x14*x9  - 2.184993*x14*x10  - 5.717465*x14*x11  - 7.484293*x14*x12  - 9.426034*x14*x13 + 0.977899*x14*x14  - 5.407930*x14*x15  - 3.327081*x14*x16  - 4.750652*x14*x17  - 6.591626*x14*x18  - 8.048783*x14*x19  - 6.193963*x14*x20  - 7.175893*x14*x21  - 8.549607*x14*x22  - 7.755519*x14*x23  - 5.056505*x14*x24  - 8.826438*x14*x25  - 3.724122*x14*x26  - 5.919048*x14*x27  - 4.958406*x14*x28  - 1.768114*x14*x29  - 6.748654*x14*x30  - 6.636728*x15*x1  - 4.302554*x15*x2  - 7.397632*x15*x3  - 1.733423*x15*x4  - 5.233285*x15*x5  - 5.061012*x15*x6  - 5.166100*x15*x7  - 1.955822*x15*x8  - 1.574853*x15*x9  - 3.935071*x15*x10  - 3.886852*x15*x11  - 2.428165*x15*x12  - 5.259571*x15*x13  - 5.407930*x15*x14 + 2.372515*x15*x15  - 5.925237*x15*x16  - 4.741617*x15*x17  - 1.870892*x15*x18  - 2.645069*x15*x19  - 3.800949*x15*x20  - 5.157233*x15*x21  - 5.595146*x15*x22  - 0.748358*x15*x23  - 7.285606*x15*x24  - 5.453409*x15*x25  - 5.208581*x15*x26  - 7.143505*x15*x27  - 5.952087*x15*x28  - 6.057631*x15*x29  - 3.782815*x15*x30  - 4.243124*x16*x1  - 3.532200*x16*x2  - 7.008314*x16*x3  - 5.127864*x16*x4  - 8.179078*x16*x5  - 1.834493*x16*x6  - 1.986582*x16*x7  - 5.356671*x16*x8  - 9.564180*x16*x9  - 2.151660*x16*x10  - 4.610967*x16*x11  - 5.445583*x16*x12  - 6.731189*x16*x13  - 3.327081*x16*x14  - 5.925237*x16*x15 + 2.214592*x16*x16  - 4.363070*x16*x17  - 5.516096*x16*x18  - 1.314997*x16*x19  - 3.012441*x16*x20  - 5.502360*x16*x21  - 8.659742*x16*x22  - 3.001575*x16*x23  - 3.008131*x16*x24  - 3.844232*x16*x25  - 6.450084*x16*x26  - 5.256434*x16*x27  - 4.816040*x16*x28  - 7.602715*x16*x29  - 4.338065*x16*x30  - 4.397169*x17*x1  - 1.141043*x17*x2  - 2.506185*x17*x3  - 3.426238*x17*x4  - 0.639270*x17*x5  - 2.450066*x17*x6  - 1.389613*x17*x7  - 3.471926*x17*x8  - 4.790446*x17*x9  - 5.251378*x17*x10  - 7.537785*x17*x11  - 5.562068*x17*x12  - 4.002784*x17*x13  - 4.750652*x17*x14  - 4.741617*x17*x15  - 4.363070*x17*x16 + 2.182366*x17*x17  - 1.474402*x17*x18  - 5.060674*x17*x19  - 4.959113*x17*x20  - 5.481805*x17*x21  - 2.911092*x17*x22  - 6.984925*x17*x23  - 6.128615*x17*x24  - 3.401266*x17*x25  - 1.830032*x17*x26  - 5.318541*x17*x27  - 5.981423*x17*x28  - 6.021945*x17*x29  - 5.630330*x17*x30  - 3.523365*x18*x1  - 9.337899*x18*x2  - 4.731988*x18*x3  - 3.234435*x18*x4  - 0.656577*x18*x5  - 4.511169*x18*x6  - 6.889750*x18*x7  - 9.056582*x18*x8  - 3.823038*x18*x9  - 5.610894*x18*x10  - 5.960429*x18*x11  - 9.146317*x18*x12  - 5.579088*x18*x13  - 6.591626*x18*x14  - 1.870892*x18*x15  - 5.516096*x18*x16  - 1.474402*x18*x17 + 3.764302*x18*x18  - 4.042245*x18*x19  - 1.850621*x18*x20  - 0.950459*x18*x21  - 5.390091*x18*x22  - 0.987632*x18*x23  - 4.897558*x18*x24  - 9.390512*x18*x25  - 5.978413*x18*x26  - 2.163679*x18*x27  - 3.697030*x18*x28  - 7.095136*x18*x29  - 3.806666*x18*x30  - 7.768518*x19*x1  - 5.683598*x19*x2  - 4.578428*x19*x3  - 3.482032*x19*x4  - 4.593000*x19*x5  - 4.398173*x19*x6  - 4.740624*x19*x7  - 5.532793*x19*x8  - 2.627439*x19*x9  - 5.766226*x19*x10  - 8.505134*x19*x11  - 7.319706*x19*x12  - 1.022170*x19*x13  - 8.048783*x19*x14  - 2.645069*x19*x15  - 1.314997*x19*x16  - 5.060674*x19*x17  - 4.042245*x19*x18 + 2.519068*x19*x19  - 8.280881*x19*x20  - 6.032504*x19*x21  - 5.407398*x19*x22  - 1.333310*x19*x23  - 3.583924*x19*x24  - 5.998738*x19*x25  - 8.806897*x19*x26  - 5.049519*x19*x27  - 7.345842*x19*x28  - 8.543570*x19*x29  - 7.679888*x19*x30  - 5.673840*x20*x1  - 3.748445*x20*x2  - 6.312446*x20*x3  - 7.559641*x20*x4  - 4.239179*x20*x5  - 3.248415*x20*x6  - 3.008945*x20*x7  - 5.329872*x20*x8  - 1.298555*x20*x9  - 7.088702*x20*x10  - 8.197416*x20*x11  - 5.700530*x20*x12  - 6.104692*x20*x13  - 6.193963*x20*x14  - 3.800949*x20*x15  - 3.012441*x20*x16  - 4.959113*x20*x17  - 1.850621*x20*x18  - 8.280881*x20*x19 + 1.530964*x20*x20  - 4.825764*x20*x21  - 1.845299*x20*x22  - 9.418542*x20*x23  - 4.446716*x20*x24  - 5.109930*x20*x25  - 5.569771*x20*x26  - 9.022405*x20*x27  - 1.805401*x20*x28  - 3.079511*x20*x29  - 7.273431*x20*x30  - 6.688968*x21*x1  - 3.382418*x21*x2  - 6.153524*x21*x3  - 6.299543*x21*x4  - 6.784809*x21*x5  - 6.587078*x21*x6  - 9.687788*x21*x7  - 6.325131*x21*x8  - 5.134907*x21*x9  - 4.508050*x21*x10  - 7.026341*x21*x11  - 7.475009*x21*x12  - 4.964807*x21*x13  - 7.175893*x21*x14  - 5.157233*x21*x15  - 5.502360*x21*x16  - 5.481805*x21*x17  - 0.950459*x21*x18  - 6.032504*x21*x19  - 4.825764*x21*x20 + 1.949566*x21*x21  - 6.604252*x21*x22  - 1.090530*x21*x23  - 5.441392*x21*x24  - 2.165740*x21*x25  - 4.887122*x21*x26  - 2.770392*x21*x27  - 7.240063*x21*x28  - 4.958353*x21*x29  - 6.843165*x21*x30  - 4.428808*x22*x1  - 9.403121*x22*x2  - 4.133644*x22*x3  - 6.936645*x22*x4  - 6.343237*x22*x5  - 5.821097*x22*x6  - 6.028667*x22*x7  - 2.064176*x22*x8  - 5.446097*x22*x9  - 4.345294*x22*x10  - 6.337579*x22*x11  - 1.887250*x22*x12  - 5.737296*x22*x13  - 8.549607*x22*x14  - 5.595146*x22*x15  - 8.659742*x22*x16  - 2.911092*x22*x17  - 5.390091*x22*x18  - 5.407398*x22*x19  - 1.845299*x22*x20  - 6.604252*x22*x21 + 0.924787*x22*x22  - 6.149752*x22*x23  - 5.151951*x22*x24  - 2.487885*x22*x25  - 6.129652*x22*x26  - 6.923806*x22*x27  - 7.836389*x22*x28  - 5.043388*x22*x29  - 2.324129*x22*x30  - 3.998007*x23*x1  - 1.092339*x23*x2  - 3.522960*x23*x3  - 5.771275*x23*x4  - 5.265571*x23*x5  - 4.227841*x23*x6  - 1.439175*x23*x7  - 1.044787*x23*x8  - 5.398346*x23*x9  - 8.772072*x23*x10  - 2.033923*x23*x11  - 4.071506*x23*x12  - 3.075796*x23*x13  - 7.755519*x23*x14  - 0.748358*x23*x15  - 3.001575*x23*x16  - 6.984925*x23*x17  - 0.987632*x23*x18  - 1.333310*x23*x19  - 9.418542*x23*x20  - 1.090530*x23*x21  - 6.149752*x23*x22 + 1.858727*x23*x23  - 3.856997*x23*x24  - 5.538743*x23*x25  - 5.383749*x23*x26  - 6.197374*x23*x27  - 3.979778*x23*x28  - 5.349838*x23*x29  - 5.096755*x23*x30  - 3.091627*x24*x1  - 5.093677*x24*x2  - 5.701683*x24*x3  - 7.050254*x24*x4  - 4.786980*x24*x5  - 4.323269*x24*x6  - 3.908869*x24*x7  - 5.173188*x24*x8  - 1.113290*x24*x9  - 6.749956*x24*x10  - 5.817679*x24*x11  - 4.782883*x24*x12  - 7.706073*x24*x13  - 5.056505*x24*x14  - 7.285606*x24*x15  - 3.008131*x24*x16  - 6.128615*x24*x17  - 4.897558*x24*x18  - 3.583924*x24*x19  - 4.446716*x24*x20  - 5.441392*x24*x21  - 5.151951*x24*x22  - 3.856997*x24*x23 + 2.021140*x24*x24  - 6.997998*x24*x25  - 7.465393*x24*x26  - 5.769241*x24*x27  - 8.938019*x24*x28  - 1.781525*x24*x29  - 4.209298*x24*x30  - 5.435008*x25*x1  - 6.480017*x25*x2  - 5.849252*x25*x3  - 5.253091*x25*x4  - 3.844857*x25*x5  - 6.211190*x25*x6  - 5.605620*x25*x7  - 4.580249*x25*x8  - 5.623894*x25*x9  - 4.043387*x25*x10  - 8.380686*x25*x11  - 2.341471*x25*x12  - 8.080835*x25*x13  - 8.826438*x25*x14  - 5.453409*x25*x15  - 3.844232*x25*x16  - 3.401266*x25*x17  - 9.390512*x25*x18  - 5.998738*x25*x19  - 5.109930*x25*x20  - 2.165740*x25*x21  - 2.487885*x25*x22  - 5.538743*x25*x23  - 6.997998*x25*x24 + 1.677296*x25*x25  - 3.782285*x25*x26  - 4.488807*x25*x27  - 2.026339*x25*x28  - 4.665071*x25*x29  - 8.080880*x25*x30  - 7.496478*x26*x1  - 7.891608*x26*x2  - 3.180084*x26*x3  - 6.518298*x26*x4  - 7.007141*x26*x5  - 5.575480*x26*x6  - 4.148368*x26*x7  - 4.118336*x26*x8  - 8.496815*x26*x9  - 7.842745*x26*x10  - 7.271354*x26*x11  - 2.521615*x26*x12  - 6.484734*x26*x13  - 3.724122*x26*x14  - 5.208581*x26*x15  - 6.450084*x26*x16  - 1.830032*x26*x17  - 5.978413*x26*x18  - 8.806897*x26*x19  - 5.569771*x26*x20  - 4.887122*x26*x21  - 6.129652*x26*x22  - 5.383749*x26*x23  - 7.465393*x26*x24  - 3.782285*x26*x25 + 2.837930*x26*x26  - 5.579479*x26*x27  - 4.147869*x26*x28  - 5.892459*x26*x29  - 6.413847*x26*x30  - 6.482858*x27*x1  - 7.833115*x27*x2  - 0.979890*x27*x3  - 2.104267*x27*x4  - 6.126524*x27*x5  - 4.257527*x27*x6  - 6.409822*x27*x7  - 6.843443*x27*x8  - 5.584243*x27*x9  - 5.338005*x27*x10  - 2.813301*x27*x11  - 6.173142*x27*x12  - 6.347233*x27*x13  - 5.919048*x27*x14  - 7.143505*x27*x15  - 5.256434*x27*x16  - 5.318541*x27*x17  - 2.163679*x27*x18  - 5.049519*x27*x19  - 9.022405*x27*x20  - 2.770392*x27*x21  - 6.923806*x27*x22  - 6.197374*x27*x23  - 5.769241*x27*x24  - 4.488807*x27*x25  - 5.579479*x27*x26 + 3.900345*x27*x27  - 1.479807*x27*x28  - 9.964848*x27*x29  - 4.785662*x27*x30  - 7.201859*x28*x1  - 5.110085*x28*x2  - 5.438658*x28*x3  - 5.009612*x28*x4  - 7.839525*x28*x5  - 5.800617*x28*x6  - 5.690250*x28*x7  - 2.701199*x28*x8  - 1.026363*x28*x9  - 8.101028*x28*x10  - 4.249655*x28*x11  - 1.862285*x28*x12  - 5.262619*x28*x13  - 4.958406*x28*x14  - 5.952087*x28*x15  - 4.816040*x28*x16  - 5.981423*x28*x17  - 3.697030*x28*x18  - 7.345842*x28*x19  - 1.805401*x28*x20  - 7.240063*x28*x21  - 7.836389*x28*x22  - 3.979778*x28*x23  - 8.938019*x28*x24  - 2.026339*x28*x25  - 4.147869*x28*x26  - 1.479807*x28*x27 + 2.310520*x28*x28  - 3.162653*x28*x29  - 6.605801*x28*x30  - 8.630817*x29*x1  - 5.613784*x29*x2  - 1.630405*x29*x3  - 7.906010*x29*x4  - 5.872657*x29*x5  - 5.002710*x29*x6  - 5.511983*x29*x7  - 6.295693*x29*x8  - 4.955343*x29*x9  - 6.309825*x29*x10  - 8.288957*x29*x11  - 0.944847*x29*x12  - 6.673129*x29*x13  - 1.768114*x29*x14  - 6.057631*x29*x15  - 7.602715*x29*x16  - 6.021945*x29*x17  - 7.095136*x29*x18  - 8.543570*x29*x19  - 3.079511*x29*x20  - 4.958353*x29*x21  - 5.043388*x29*x22  - 5.349838*x29*x23  - 1.781525*x29*x24  - 4.665071*x29*x25  - 5.892459*x29*x26  - 9.964848*x29*x27  - 3.162653*x29*x28 + 3.796868*x29*x29  - 1.036419*x29*x30  - 5.281822*x30*x1  - 2.596608*x30*x2  - 1.353163*x30*x3  - 5.573431*x30*x4  - 5.987233*x30*x5  - 0.583160*x30*x6  - 5.098448*x30*x7  - 7.392998*x30*x8  - 3.870413*x30*x9  - 4.729606*x30*x10  - 3.045869*x30*x11  - 4.746633*x30*x12  - 0.811042*x30*x13  - 6.748654*x30*x14  - 3.782815*x30*x15  - 4.338065*x30*x16  - 5.630330*x30*x17  - 3.806666*x30*x18  - 7.679888*x30*x19  - 7.273431*x30*x20  - 6.843165*x30*x21  - 2.324129*x30*x22  - 5.096755*x30*x23  - 4.209298*x30*x24  - 8.080880*x30*x25  - 6.413847*x30*x26  - 4.785662*x30*x27  - 6.605801*x30*x28  - 1.036419*x30*x29 + 1.599731*x30*x30 ;
