OPTIONS {
 MaxTime: 10000;
 EpsR: 0.000001;
 }
 
VARIABLES	x1,x2,x3,x4,x5,x6,x7,x8,x9,x10,x11,x12,x13,x14,x15,x16,x17,x18,x19,x20,x21,x22,x23,x24,x25,x26,x27,x28,x29,x30;
LOWER_BOUNDS {
x1: 0.000000;
x2: 0.000000;
x3: 0.000000;
x4: 0.000000;
x5: 0.000000;
x6: 0.000000;
x7: 0.000000;
x8: 0.000000;
x9: 0.000000;
x10: 0.000000;
x11: 0.000000;
x12: 0.000000;
x13: 0.000000;
x14: 0.000000;
x15: 0.000000;
x16: 0.000000;
x17: 0.000000;
x18: 0.000000;
x19: 0.000000;
x20: 0.000000;
x21: 0.000000;
x22: 0.000000;
x23: 0.000000;
x24: 0.000000;
x25: 0.000000;
x26: 0.000000;
x27: 0.000000;
x28: 0.000000;
x29: 0.000000;
x30: 0.000000;
}

UPPER_BOUNDS {
x1: 1.000000;
x2: 1.000000;
x3: 1.000000;
x4: 1.000000;
x5: 1.000000;
x6: 1.000000;
x7: 1.000000;
x8: 1.000000;
x9: 1.000000;
x10: 1.000000;
x11: 1.000000;
x12: 1.000000;
x13: 1.000000;
x14: 1.000000;
x15: 1.000000;
x16: 1.000000;
x17: 1.000000;
x18: 1.000000;
x19: 1.000000;
x20: 1.000000;
x21: 1.000000;
x22: 1.000000;
x23: 1.000000;
x24: 1.000000;
x25: 1.000000;
x26: 1.000000;
x27: 1.000000;
x28: 1.000000;
x29: 1.000000;
x30: 1.000000;
}

EQUATIONS e1;

e1:  1.000000*x1  + 1.000000*x2  + 1.000000*x3  + 1.000000*x4  + 1.000000*x5  + 1.000000*x6  + 1.000000*x7  + 1.000000*x8  + 1.000000*x9  + 1.000000*x10  + 1.000000*x11  + 1.000000*x12  + 1.000000*x13  + 1.000000*x14  + 1.000000*x15  + 1.000000*x16  + 1.000000*x17  + 1.000000*x18  + 1.000000*x19  + 1.000000*x20  + 1.000000*x21  + 1.000000*x22  + 1.000000*x23  + 1.000000*x24  + 1.000000*x25  + 1.000000*x26  + 1.000000*x27  + 1.000000*x28  + 1.000000*x29  + 1.000000*x30  == 1.000000;

OBJ: minimize	 - 2.741245*x1*x1 + 3.407966*x1*x2 + 0.212293*x1*x3 + 3.514021*x1*x4  - 3.632297*x1*x5  - 0.856431*x1*x6  - 2.428083*x1*x7  - 4.098284*x1*x8  - 6.602761*x1*x9 + 4.509104*x1*x10 + 1.526116*x1*x11  - 5.721477*x1*x12 + 3.059393*x1*x13 + 1.649614*x1*x14  - 2.185342*x1*x15 + 3.917268*x1*x16  - 0.825411*x1*x17  - 3.468612*x1*x18 + 5.103817*x1*x19  - 3.081067*x1*x20  - 4.917773*x1*x21  - 1.354819*x1*x22 + 2.019784*x1*x23 + 1.641877*x1*x24  - 1.904598*x1*x25 + 1.817475*x1*x26 + 0.938369*x1*x27  - 2.999843*x1*x28 + 6.417964*x1*x29 + 3.299816*x1*x30 + 3.407966*x2*x1 + 1.526616*x2*x2 + 6.673263*x2*x3  - 7.824045*x2*x4  - 3.613976*x2*x5 + 0.626581*x2*x6  - 3.028736*x2*x7 + 5.368183*x2*x8  - 7.216060*x2*x9 + 5.173460*x2*x10 + 8.930856*x2*x11  - 3.233708*x2*x12  - 1.443240*x2*x13  - 1.079417*x2*x14 + 2.285697*x2*x15  - 4.363029*x2*x16 + 0.763336*x2*x17  - 1.509041*x2*x18  - 2.452463*x2*x19  - 8.294759*x2*x20  - 3.602418*x2*x21  - 7.090563*x2*x22  - 1.925630*x2*x23  - 6.282962*x2*x24  - 2.358743*x2*x25 + 4.517560*x2*x26  - 2.936051*x2*x27  - 0.862984*x2*x28  - 0.323522*x2*x29  - 3.664775*x2*x30 + 0.212293*x3*x1 + 6.673263*x3*x2  - 0.982515*x3*x3  - 0.605419*x3*x4  - 1.473204*x3*x5 + 4.075192*x3*x6  - 0.140247*x3*x7 + 0.369200*x3*x8 + 5.666115*x3*x9  - 3.571421*x3*x10  - 2.110978*x3*x11  - 8.704007*x3*x12 + 5.122264*x3*x13 + 5.301231*x3*x14 + 3.546354*x3*x15  - 2.078469*x3*x16 + 0.477273*x3*x17 + 2.406530*x3*x18  - 5.791885*x3*x19  - 7.392262*x3*x20  - 3.505454*x3*x21  - 7.031814*x3*x22  - 6.659020*x3*x23  - 4.902804*x3*x24  - 4.283798*x3*x25  - 0.600728*x3*x26  - 0.591709*x3*x27 + 6.899677*x3*x28  - 1.778158*x3*x29 + 2.447468*x3*x30 + 3.514021*x4*x1  - 7.824045*x4*x2  - 0.605419*x4*x3  - 1.475234*x4*x4  - 5.411656*x4*x5  - 1.921159*x4*x6  - 4.386849*x4*x7  - 5.750933*x4*x8  - 1.928889*x4*x9 + 2.082019*x4*x10  - 2.826650*x4*x11  - 4.683565*x4*x12  - 2.490441*x4*x13 + 4.530848*x4*x14 + 3.370015*x4*x15  - 3.464664*x4*x16  - 0.811698*x4*x17  - 2.863415*x4*x18  - 0.638488*x4*x19  - 7.492634*x4*x20  - 5.658378*x4*x21  - 3.981143*x4*x22  - 3.333606*x4*x23 + 4.822987*x4*x24 + 0.716928*x4*x25  - 7.428141*x4*x26  - 2.070399*x4*x27  - 3.305706*x4*x28  - 4.512305*x4*x29  - 3.409015*x4*x30  - 3.632297*x5*x1  - 3.613976*x5*x2  - 1.473204*x5*x3  - 5.411656*x5*x4  - 1.356118*x5*x5  - 1.342196*x5*x6  - 7.199312*x5*x7  - 7.523064*x5*x8  - 1.318700*x5*x9  - 6.951267*x5*x10  - 7.260142*x5*x11  - 2.407257*x5*x12  - 0.271543*x5*x13  - 3.667901*x5*x14  - 4.736737*x5*x15  - 7.289099*x5*x16 + 3.327849*x5*x17  - 2.784806*x5*x18 + 0.351357*x5*x19  - 6.868012*x5*x20  - 2.911247*x5*x21  - 6.651430*x5*x22  - 1.229192*x5*x23  - 1.606437*x5*x24  - 5.186949*x5*x25  - 0.770902*x5*x26  - 0.722550*x5*x27  - 1.587237*x5*x28  - 8.110226*x5*x29 + 1.248210*x5*x30  - 0.856431*x6*x1 + 0.626581*x6*x2 + 4.075192*x6*x3  - 1.921159*x6*x4  - 1.342196*x6*x5 + 0.470443*x6*x6 + 0.096417*x6*x7 + 3.346507*x6*x8 + 6.767549*x6*x9 + 4.825743*x6*x10  - 2.140588*x6*x11  - 4.132640*x6*x12  - 5.066360*x6*x13  - 4.268425*x6*x14  - 4.820554*x6*x15 + 2.904822*x6*x16 + 2.586231*x6*x17 + 0.650636*x6*x18  - 2.153914*x6*x19 + 6.360875*x6*x20 + 2.977352*x6*x21  - 0.161909*x6*x22  - 3.040211*x6*x23  - 5.522668*x6*x24  - 5.876141*x6*x25  - 5.159006*x6*x26 + 3.059052*x6*x27 + 1.955191*x6*x28 + 1.288870*x6*x29  - 4.907510*x6*x30  - 2.428083*x7*x1  - 3.028736*x7*x2  - 0.140247*x7*x3  - 4.386849*x7*x4  - 7.199312*x7*x5 + 0.096417*x7*x6 + 0.990969*x7*x7  - 9.465051*x7*x8 + 3.747325*x7*x9 + 8.847627*x7*x10 + 2.542428*x7*x11 + 1.308409*x7*x12 + 3.570555*x7*x13  - 2.302364*x7*x14  - 6.225137*x7*x15 + 0.266869*x7*x16  - 1.869801*x7*x17  - 6.914405*x7*x18  - 7.699838*x7*x19 + 7.222955*x7*x20 + 2.207386*x7*x21  - 8.266698*x7*x22 + 4.536505*x7*x23  - 4.991135*x7*x24  - 5.056938*x7*x25  - 4.854024*x7*x26  - 3.382386*x7*x27  - 2.248521*x7*x28  - 7.082381*x7*x29  - 8.774256*x7*x30  - 4.098284*x8*x1 + 5.368183*x8*x2 + 0.369200*x8*x3  - 5.750933*x8*x4  - 7.523064*x8*x5 + 3.346507*x8*x6  - 9.465051*x8*x7  - 0.111005*x8*x8  - 3.766253*x8*x9  - 5.141169*x8*x10  - 2.571193*x8*x11  - 3.666424*x8*x12  - 1.839398*x8*x13 + 3.264288*x8*x14  - 1.772546*x8*x15  - 3.264905*x8*x16  - 3.919579*x8*x17 + 2.675542*x8*x18  - 4.492762*x8*x19  - 4.995751*x8*x20 + 4.673434*x8*x21  - 5.342474*x8*x22 + 5.515623*x8*x23  - 0.274208*x8*x24  - 1.760075*x8*x25  - 4.055921*x8*x26  - 4.364993*x8*x27 + 5.199703*x8*x28  - 2.356177*x8*x29 + 1.311853*x8*x30  - 6.602761*x9*x1  - 7.216060*x9*x2 + 5.666115*x9*x3  - 1.928889*x9*x4  - 1.318700*x9*x5 + 6.767549*x9*x6 + 3.747325*x9*x7  - 3.766253*x9*x8 + 0.012057*x9*x9 + 6.730100*x9*x10  - 1.607509*x9*x11 + 7.684646*x9*x12 + 4.022283*x9*x13  - 0.336026*x9*x14  - 8.755026*x9*x15  - 1.343048*x9*x16  - 6.317435*x9*x17 + 3.184881*x9*x18 + 1.536842*x9*x19  - 3.856274*x9*x20  - 2.432672*x9*x21  - 0.906765*x9*x22 + 5.042864*x9*x23  - 0.252369*x9*x24 + 2.681574*x9*x25  - 4.237423*x9*x26  - 1.649577*x9*x27 + 5.812616*x9*x28 + 0.670840*x9*x29 + 3.317278*x9*x30 + 4.509104*x10*x1 + 5.173460*x10*x2  - 3.571421*x10*x3 + 2.082019*x10*x4  - 6.951267*x10*x5 + 4.825743*x10*x6 + 8.847627*x10*x7  - 5.141169*x10*x8 + 6.730100*x10*x9  - 2.968226*x10*x10  - 3.390701*x10*x11  - 3.181773*x10*x12  - 2.248239*x10*x13 + 3.336644*x10*x14 + 0.304955*x10*x15  - 1.870401*x10*x16  - 1.053477*x10*x17  - 1.381138*x10*x18 + 4.120114*x10*x19  - 4.148748*x10*x20 + 1.833869*x10*x21  - 6.049573*x10*x22 + 0.198044*x10*x23  - 6.307266*x10*x24 + 4.148202*x10*x25  - 6.046631*x10*x26 + 8.659965*x10*x27  - 4.055360*x10*x28  - 2.543281*x10*x29  - 4.778044*x10*x30 + 1.526116*x11*x1 + 8.930856*x11*x2  - 2.110978*x11*x3  - 2.826650*x11*x4  - 7.260142*x11*x5  - 2.140588*x11*x6 + 2.542428*x11*x7  - 2.571193*x11*x8  - 1.607509*x11*x9  - 3.390701*x11*x10 + 0.693736*x11*x11  - 0.888016*x11*x12  - 0.934306*x11*x13  - 7.783925*x11*x14  - 6.918338*x11*x15  - 4.060575*x11*x16  - 6.697108*x11*x17  - 5.722116*x11*x18  - 1.407164*x11*x19  - 5.096940*x11*x20 + 0.369899*x11*x21  - 5.636959*x11*x22  - 3.986201*x11*x23 + 5.685969*x11*x24  - 5.931767*x11*x25 + 0.332304*x11*x26  - 8.044909*x11*x27  - 0.902791*x11*x28 + 5.200554*x11*x29  - 7.746608*x11*x30  - 5.721477*x12*x1  - 3.233708*x12*x2  - 8.704007*x12*x3  - 4.683565*x12*x4  - 2.407257*x12*x5  - 4.132640*x12*x6 + 1.308409*x12*x7  - 3.666424*x12*x8 + 7.684646*x12*x9  - 3.181773*x12*x10  - 0.888016*x12*x11  - 1.139716*x12*x12  - 2.730352*x12*x13 + 4.284548*x12*x14 + 1.213646*x12*x15  - 0.617672*x12*x16  - 1.132160*x12*x17 + 2.513958*x12*x18  - 3.413344*x12*x19  - 1.933359*x12*x20  - 8.309403*x12*x21  - 1.490076*x12*x22  - 1.193179*x12*x23  - 0.167859*x12*x24  - 0.852815*x12*x25  - 3.462075*x12*x26 + 6.685391*x12*x27 + 3.407524*x12*x28  - 7.314679*x12*x29  - 2.899682*x12*x30 + 3.059393*x13*x1  - 1.443240*x13*x2 + 5.122264*x13*x3  - 2.490441*x13*x4  - 0.271543*x13*x5  - 5.066360*x13*x6 + 3.570555*x13*x7  - 1.839398*x13*x8 + 4.022283*x13*x9  - 2.248239*x13*x10  - 0.934306*x13*x11  - 2.730352*x13*x12  - 0.956796*x13*x13  - 2.223274*x13*x14  - 4.022764*x13*x15  - 0.915773*x13*x16  - 3.926624*x13*x17  - 7.227576*x13*x18 + 3.079859*x13*x19  - 6.145641*x13*x20  - 1.402013*x13*x21  - 5.711613*x13*x22 + 5.834001*x13*x23  - 0.621126*x13*x24 + 0.256431*x13*x25  - 4.375367*x13*x26 + 2.765358*x13*x27 + 5.099724*x13*x28  - 5.421545*x13*x29  - 4.988415*x13*x30 + 1.649614*x14*x1  - 1.079417*x14*x2 + 5.301231*x14*x3 + 4.530848*x14*x4  - 3.667901*x14*x5  - 4.268425*x14*x6  - 2.302364*x14*x7 + 3.264288*x14*x8  - 0.336026*x14*x9 + 3.336644*x14*x10  - 7.783925*x14*x11 + 4.284548*x14*x12  - 2.223274*x14*x13  - 0.637486*x14*x14  - 0.761088*x14*x15  - 4.405267*x14*x16  - 2.709055*x14*x17  - 8.974240*x14*x18  - 2.518404*x14*x19  - 1.319004*x14*x20  - 3.447203*x14*x21  - 1.705062*x14*x22  - 4.413040*x14*x23 + 5.493783*x14*x24  - 0.937035*x14*x25  - 3.366740*x14*x26  - 6.082079*x14*x27  - 0.604145*x14*x28  - 0.397972*x14*x29  - 2.205416*x14*x30  - 2.185342*x15*x1 + 2.285697*x15*x2 + 3.546354*x15*x3 + 3.370015*x15*x4  - 4.736737*x15*x5  - 4.820554*x15*x6  - 6.225137*x15*x7  - 1.772546*x15*x8  - 8.755026*x15*x9 + 0.304955*x15*x10  - 6.918338*x15*x11 + 1.213646*x15*x12  - 4.022764*x15*x13  - 0.761088*x15*x14  - 1.509996*x15*x15  - 2.262190*x15*x16 + 0.615939*x15*x17  - 1.983842*x15*x18  - 3.059234*x15*x19  - 1.400704*x15*x20 + 2.201258*x15*x21 + 4.279109*x15*x22  - 6.203802*x15*x23 + 0.854583*x15*x24 + 3.559963*x15*x25 + 5.064292*x15*x26 + 7.202284*x15*x27 + 2.425144*x15*x28 + 0.235828*x15*x29  - 0.867113*x15*x30 + 3.917268*x16*x1  - 4.363029*x16*x2  - 2.078469*x16*x3  - 3.464664*x16*x4  - 7.289099*x16*x5 + 2.904822*x16*x6 + 0.266869*x16*x7  - 3.264905*x16*x8  - 1.343048*x16*x9  - 1.870401*x16*x10  - 4.060575*x16*x11  - 0.617672*x16*x12  - 0.915773*x16*x13  - 4.405267*x16*x14  - 2.262190*x16*x15  - 2.210412*x16*x16  - 3.404907*x16*x17  - 1.178115*x16*x18  - 3.246197*x16*x19  - 1.231103*x16*x20 + 8.969000*x16*x21 + 1.045243*x16*x22  - 3.606487*x16*x23  - 7.618046*x16*x24  - 1.206185*x16*x25  - 0.838007*x16*x26  - 2.954772*x16*x27  - 2.508862*x16*x28 + 7.704770*x16*x29 + 2.864368*x16*x30  - 0.825411*x17*x1 + 0.763336*x17*x2 + 0.477273*x17*x3  - 0.811698*x17*x4 + 3.327849*x17*x5 + 2.586231*x17*x6  - 1.869801*x17*x7  - 3.919579*x17*x8  - 6.317435*x17*x9  - 1.053477*x17*x10  - 6.697108*x17*x11  - 1.132160*x17*x12  - 3.926624*x17*x13  - 2.709055*x17*x14 + 0.615939*x17*x15  - 3.404907*x17*x16 + 1.619082*x17*x17  - 2.110276*x17*x18  - 3.274503*x17*x19 + 0.562071*x17*x20  - 3.269501*x17*x21  - 7.473527*x17*x22  - 1.671321*x17*x23  - 1.526308*x17*x24  - 2.309456*x17*x25 + 2.529863*x17*x26  - 4.514633*x17*x27  - 1.134751*x17*x28  - 6.291736*x17*x29 + 1.301594*x17*x30  - 3.468612*x18*x1  - 1.509041*x18*x2 + 2.406530*x18*x3  - 2.863415*x18*x4  - 2.784806*x18*x5 + 0.650636*x18*x6  - 6.914405*x18*x7 + 2.675542*x18*x8 + 3.184881*x18*x9  - 1.381138*x18*x10  - 5.722116*x18*x11 + 2.513958*x18*x12  - 7.227576*x18*x13  - 8.974240*x18*x14  - 1.983842*x18*x15  - 1.178115*x18*x16  - 2.110276*x18*x17  - 1.215083*x18*x18 + 2.611685*x18*x19  - 5.461554*x18*x20 + 0.121016*x18*x21  - 4.548033*x18*x22  - 5.984164*x18*x23  - 1.699400*x18*x24 + 6.061942*x18*x25  - 1.092689*x18*x26 + 7.301182*x18*x27 + 6.862108*x18*x28 + 1.718974*x18*x29 + 1.154886*x18*x30 + 5.103817*x19*x1  - 2.452463*x19*x2  - 5.791885*x19*x3  - 0.638488*x19*x4 + 0.351357*x19*x5  - 2.153914*x19*x6  - 7.699838*x19*x7  - 4.492762*x19*x8 + 1.536842*x19*x9 + 4.120114*x19*x10  - 1.407164*x19*x11  - 3.413344*x19*x12 + 3.079859*x19*x13  - 2.518404*x19*x14  - 3.059234*x19*x15  - 3.246197*x19*x16  - 3.274503*x19*x17 + 2.611685*x19*x18  - 1.784726*x19*x19  - 7.457548*x19*x20  - 4.929807*x19*x21 + 2.159945*x19*x22  - 5.108100*x19*x23 + 8.482309*x19*x24  - 6.035413*x19*x25 + 1.527376*x19*x26 + 5.248140*x19*x27 + 4.281464*x19*x28 + 3.922583*x19*x29  - 6.346858*x19*x30  - 3.081067*x20*x1  - 8.294759*x20*x2  - 7.392262*x20*x3  - 7.492634*x20*x4  - 6.868012*x20*x5 + 6.360875*x20*x6 + 7.222955*x20*x7  - 4.995751*x20*x8  - 3.856274*x20*x9  - 4.148748*x20*x10  - 5.096940*x20*x11  - 1.933359*x20*x12  - 6.145641*x20*x13  - 1.319004*x20*x14  - 1.400704*x20*x15  - 1.231103*x20*x16 + 0.562071*x20*x17  - 5.461554*x20*x18  - 7.457548*x20*x19  - 3.797439*x20*x20  - 2.608913*x20*x21  - 3.844049*x20*x22 + 7.925658*x20*x23  - 1.072994*x20*x24  - 1.905824*x20*x25 + 4.750833*x20*x26 + 3.828690*x20*x27  - 0.324075*x20*x28 + 1.423275*x20*x29  - 4.943602*x20*x30  - 4.917773*x21*x1  - 3.602418*x21*x2  - 3.505454*x21*x3  - 5.658378*x21*x4  - 2.911247*x21*x5 + 2.977352*x21*x6 + 2.207386*x21*x7 + 4.673434*x21*x8  - 2.432672*x21*x9 + 1.833869*x21*x10 + 0.369899*x21*x11  - 8.309403*x21*x12  - 1.402013*x21*x13  - 3.447203*x21*x14 + 2.201258*x21*x15 + 8.969000*x21*x16  - 3.269501*x21*x17 + 0.121016*x21*x18  - 4.929807*x21*x19  - 2.608913*x21*x20  - 2.174829*x21*x21 + 2.267485*x21*x22  - 4.648267*x21*x23  - 6.426479*x21*x24 + 0.968906*x21*x25  - 2.795369*x21*x26  - 4.809313*x21*x27  - 5.519488*x21*x28 + 7.024502*x21*x29 + 1.277685*x21*x30  - 1.354819*x22*x1  - 7.090563*x22*x2  - 7.031814*x22*x3  - 3.981143*x22*x4  - 6.651430*x22*x5  - 0.161909*x22*x6  - 8.266698*x22*x7  - 5.342474*x22*x8  - 0.906765*x22*x9  - 6.049573*x22*x10  - 5.636959*x22*x11  - 1.490076*x22*x12  - 5.711613*x22*x13  - 1.705062*x22*x14 + 4.279109*x22*x15 + 1.045243*x22*x16  - 7.473527*x22*x17  - 4.548033*x22*x18 + 2.159945*x22*x19  - 3.844049*x22*x20 + 2.267485*x22*x21 + 1.474738*x22*x22  - 0.945409*x22*x23 + 2.627084*x22*x24 + 6.583242*x22*x25  - 0.519765*x22*x26 + 4.906445*x22*x27 + 8.170437*x22*x28  - 2.987610*x22*x29  - 6.957639*x22*x30 + 2.019784*x23*x1  - 1.925630*x23*x2  - 6.659020*x23*x3  - 3.333606*x23*x4  - 1.229192*x23*x5  - 3.040211*x23*x6 + 4.536505*x23*x7 + 5.515623*x23*x8 + 5.042864*x23*x9 + 0.198044*x23*x10  - 3.986201*x23*x11  - 1.193179*x23*x12 + 5.834001*x23*x13  - 4.413040*x23*x14  - 6.203802*x23*x15  - 3.606487*x23*x16  - 1.671321*x23*x17  - 5.984164*x23*x18  - 5.108100*x23*x19 + 7.925658*x23*x20  - 4.648267*x23*x21  - 0.945409*x23*x22  - 1.885215*x23*x23 + 1.214339*x23*x24  - 1.135322*x23*x25  - 5.767365*x23*x26  - 9.550468*x23*x27  - 7.217359*x23*x28 + 6.522929*x23*x29 + 2.246833*x23*x30 + 1.641877*x24*x1  - 6.282962*x24*x2  - 4.902804*x24*x3 + 4.822987*x24*x4  - 1.606437*x24*x5  - 5.522668*x24*x6  - 4.991135*x24*x7  - 0.274208*x24*x8  - 0.252369*x24*x9  - 6.307266*x24*x10 + 5.685969*x24*x11  - 0.167859*x24*x12  - 0.621126*x24*x13 + 5.493783*x24*x14 + 0.854583*x24*x15  - 7.618046*x24*x16  - 1.526308*x24*x17  - 1.699400*x24*x18 + 8.482309*x24*x19  - 1.072994*x24*x20  - 6.426479*x24*x21 + 2.627084*x24*x22 + 1.214339*x24*x23  - 1.127912*x24*x24  - 4.373844*x24*x25 + 4.769542*x24*x26  - 2.615741*x24*x27 + 2.769296*x24*x28  - 3.903058*x24*x29  - 3.975908*x24*x30  - 1.904598*x25*x1  - 2.358743*x25*x2  - 4.283798*x25*x3 + 0.716928*x25*x4  - 5.186949*x25*x5  - 5.876141*x25*x6  - 5.056938*x25*x7  - 1.760075*x25*x8 + 2.681574*x25*x9 + 4.148202*x25*x10  - 5.931767*x25*x11  - 0.852815*x25*x12 + 0.256431*x25*x13  - 0.937035*x25*x14 + 3.559963*x25*x15  - 1.206185*x25*x16  - 2.309456*x25*x17 + 6.061942*x25*x18  - 6.035413*x25*x19  - 1.905824*x25*x20 + 0.968906*x25*x21 + 6.583242*x25*x22  - 1.135322*x25*x23  - 4.373844*x25*x24  - 2.265885*x25*x25  - 1.083981*x25*x26  - 6.234398*x25*x27  - 3.227755*x25*x28  - 0.885529*x25*x29  - 1.238954*x25*x30 + 1.817475*x26*x1 + 4.517560*x26*x2  - 0.600728*x26*x3  - 7.428141*x26*x4  - 0.770902*x26*x5  - 5.159006*x26*x6  - 4.854024*x26*x7  - 4.055921*x26*x8  - 4.237423*x26*x9  - 6.046631*x26*x10 + 0.332304*x26*x11  - 3.462075*x26*x12  - 4.375367*x26*x13  - 3.366740*x26*x14 + 5.064292*x26*x15  - 0.838007*x26*x16 + 2.529863*x26*x17  - 1.092689*x26*x18 + 1.527376*x26*x19 + 4.750833*x26*x20  - 2.795369*x26*x21  - 0.519765*x26*x22  - 5.767365*x26*x23 + 4.769542*x26*x24  - 1.083981*x26*x25 + 2.596602*x26*x26  - 6.421575*x26*x27  - 4.746595*x26*x28  - 5.244112*x26*x29  - 2.931072*x26*x30 + 0.938369*x27*x1  - 2.936051*x27*x2  - 0.591709*x27*x3  - 2.070399*x27*x4  - 0.722550*x27*x5 + 3.059052*x27*x6  - 3.382386*x27*x7  - 4.364993*x27*x8  - 1.649577*x27*x9 + 8.659965*x27*x10  - 8.044909*x27*x11 + 6.685391*x27*x12 + 2.765358*x27*x13  - 6.082079*x27*x14 + 7.202284*x27*x15  - 2.954772*x27*x16  - 4.514633*x27*x17 + 7.301182*x27*x18 + 5.248140*x27*x19 + 3.828690*x27*x20  - 4.809313*x27*x21 + 4.906445*x27*x22  - 9.550468*x27*x23  - 2.615741*x27*x24  - 6.234398*x27*x25  - 6.421575*x27*x26  - 2.860894*x27*x27  - 1.126499*x27*x28  - 4.361534*x27*x29 + 4.624623*x27*x30  - 2.999843*x28*x1  - 0.862984*x28*x2 + 6.899677*x28*x3  - 3.305706*x28*x4  - 1.587237*x28*x5 + 1.955191*x28*x6  - 2.248521*x28*x7 + 5.199703*x28*x8 + 5.812616*x28*x9  - 4.055360*x28*x10  - 0.902791*x28*x11 + 3.407524*x28*x12 + 5.099724*x28*x13  - 0.604145*x28*x14 + 2.425144*x28*x15  - 2.508862*x28*x16  - 1.134751*x28*x17 + 6.862108*x28*x18 + 4.281464*x28*x19  - 0.324075*x28*x20  - 5.519488*x28*x21 + 8.170437*x28*x22  - 7.217359*x28*x23 + 2.769296*x28*x24  - 3.227755*x28*x25  - 4.746595*x28*x26  - 1.126499*x28*x27 + 0.945672*x28*x28  - 3.315916*x28*x29  - 1.933957*x28*x30 + 6.417964*x29*x1  - 0.323522*x29*x2  - 1.778158*x29*x3  - 4.512305*x29*x4  - 8.110226*x29*x5 + 1.288870*x29*x6  - 7.082381*x29*x7  - 2.356177*x29*x8 + 0.670840*x29*x9  - 2.543281*x29*x10 + 5.200554*x29*x11  - 7.314679*x29*x12  - 5.421545*x29*x13  - 0.397972*x29*x14 + 0.235828*x29*x15 + 7.704770*x29*x16  - 6.291736*x29*x17 + 1.718974*x29*x18 + 3.922583*x29*x19 + 1.423275*x29*x20 + 7.024502*x29*x21  - 2.987610*x29*x22 + 6.522929*x29*x23  - 3.903058*x29*x24  - 0.885529*x29*x25  - 5.244112*x29*x26  - 4.361534*x29*x27  - 3.315916*x29*x28 + 1.214754*x29*x29  - 1.583373*x29*x30 + 3.299816*x30*x1  - 3.664775*x30*x2 + 2.447468*x30*x3  - 3.409015*x30*x4 + 1.248210*x30*x5  - 4.907510*x30*x6  - 8.774256*x30*x7 + 1.311853*x30*x8 + 3.317278*x30*x9  - 4.778044*x30*x10  - 7.746608*x30*x11  - 2.899682*x30*x12  - 4.988415*x30*x13  - 2.205416*x30*x14  - 0.867113*x30*x15 + 2.864368*x30*x16 + 1.301594*x30*x17 + 1.154886*x30*x18  - 6.346858*x30*x19  - 4.943602*x30*x20 + 1.277685*x30*x21  - 6.957639*x30*x22 + 2.246833*x30*x23  - 3.975908*x30*x24  - 1.238954*x30*x25  - 2.931072*x30*x26 + 4.624623*x30*x27  - 1.933957*x30*x28  - 1.583373*x30*x29 + 1.906023*x30*x30 ;
