OPTIONS {
 MaxTime: 10000;
 EpsR: 0.000001;
 }
 
VARIABLES	x1,x2,x3,x4,x5,x6,x7,x8,x9,x10,x11,x12,x13,x14,x15,x16,x17,x18,x19,x20,x21,x22,x23,x24,x25,x26,x27,x28,x29,x30;
LOWER_BOUNDS {
x1: 0.000000;
x2: 0.000000;
x3: 0.000000;
x4: 0.000000;
x5: 0.000000;
x6: 0.000000;
x7: 0.000000;
x8: 0.000000;
x9: 0.000000;
x10: 0.000000;
x11: 0.000000;
x12: 0.000000;
x13: 0.000000;
x14: 0.000000;
x15: 0.000000;
x16: 0.000000;
x17: 0.000000;
x18: 0.000000;
x19: 0.000000;
x20: 0.000000;
x21: 0.000000;
x22: 0.000000;
x23: 0.000000;
x24: 0.000000;
x25: 0.000000;
x26: 0.000000;
x27: 0.000000;
x28: 0.000000;
x29: 0.000000;
x30: 0.000000;
}

UPPER_BOUNDS {
x1: 1.000000;
x2: 1.000000;
x3: 1.000000;
x4: 1.000000;
x5: 1.000000;
x6: 1.000000;
x7: 1.000000;
x8: 1.000000;
x9: 1.000000;
x10: 1.000000;
x11: 1.000000;
x12: 1.000000;
x13: 1.000000;
x14: 1.000000;
x15: 1.000000;
x16: 1.000000;
x17: 1.000000;
x18: 1.000000;
x19: 1.000000;
x20: 1.000000;
x21: 1.000000;
x22: 1.000000;
x23: 1.000000;
x24: 1.000000;
x25: 1.000000;
x26: 1.000000;
x27: 1.000000;
x28: 1.000000;
x29: 1.000000;
x30: 1.000000;
}

EQUATIONS e1;

e1:  1.000000*x1  + 1.000000*x2  + 1.000000*x3  + 1.000000*x4  + 1.000000*x5  + 1.000000*x6  + 1.000000*x7  + 1.000000*x8  + 1.000000*x9  + 1.000000*x10  + 1.000000*x11  + 1.000000*x12  + 1.000000*x13  + 1.000000*x14  + 1.000000*x15  + 1.000000*x16  + 1.000000*x17  + 1.000000*x18  + 1.000000*x19  + 1.000000*x20  + 1.000000*x21  + 1.000000*x22  + 1.000000*x23  + 1.000000*x24  + 1.000000*x25  + 1.000000*x26  + 1.000000*x27  + 1.000000*x28  + 1.000000*x29  + 1.000000*x30  == 1.000000;

OBJ: minimize	 0.598945*x1*x1 + 2.298555*x1*x2 + 8.278981*x1*x3 + 6.063439*x1*x4 + 1.903309*x1*x5 + 3.485047*x1*x6 + 5.565331*x1*x7 + 7.186135*x1*x8 + 5.226946*x1*x9 + 4.670969*x1*x10 + 4.840980*x1*x11 + 3.012775*x1*x12 + 4.879598*x1*x13 + 4.727793*x1*x14 + 7.686880*x1*x15 + 6.340863*x1*x16 + 3.516622*x1*x17 + 4.009073*x1*x18 + 1.791593*x1*x19 + 4.778153*x1*x20 + 5.791058*x1*x21 + 6.861702*x1*x22 + 4.006056*x1*x23 + 5.026728*x1*x24 + 4.444517*x1*x25 + 9.196603*x1*x26 + 4.470670*x1*x27 + 6.121153*x1*x28 + 8.134307*x1*x29 + 6.063652*x1*x30 + 2.298555*x2*x1 + 2.470363*x2*x2 + 2.972679*x2*x3 + 6.978788*x2*x4 + 6.681769*x2*x5 + 5.821403*x2*x6 + 5.256211*x2*x7 + 6.810890*x2*x8 + 7.259263*x2*x9 + 2.118029*x2*x10 + 6.395211*x2*x11 + 4.672545*x2*x12 + 2.846398*x2*x13 + 2.131473*x2*x14 + 5.865705*x2*x15 + 1.733906*x2*x16 + 2.994801*x2*x17 + 3.294927*x2*x18 + 7.329377*x2*x19 + 5.670694*x2*x20 + 6.818668*x2*x21 + 5.915851*x2*x22 + 1.789051*x2*x23 + 6.471394*x2*x24 + 1.019523*x2*x25 + 8.450414*x2*x26 + 9.175675*x2*x27 + 3.204166*x2*x28 + 3.485262*x2*x29 + 6.815518*x2*x30 + 8.278981*x3*x1 + 2.972679*x3*x2 + 2.430119*x3*x3 + 2.441260*x3*x4 + 7.053141*x3*x5 + 4.160391*x3*x6 + 4.268771*x3*x7 + 5.457448*x3*x8 + 5.653951*x3*x9 + 7.902272*x3*x10 + 7.850914*x3*x11 + 6.786333*x3*x12 + 9.082860*x3*x13 + 2.054070*x3*x14 + 3.291863*x3*x15 + 3.118999*x3*x16 + 2.840980*x3*x17 + 2.192573*x3*x18 + 3.223975*x3*x19 + 3.513074*x3*x20 + 5.371323*x3*x21 + 4.383449*x3*x22 + 1.677275*x3*x23 + 6.832749*x3*x24 + 3.417684*x3*x25 + 4.576488*x3*x26 + 7.174332*x3*x27 + 1.694977*x3*x28 + 4.939267*x3*x29 + 4.945025*x3*x30 + 6.063439*x4*x1 + 6.978788*x4*x2 + 2.441260*x4*x3 + 1.958649*x4*x4 + 2.494486*x4*x5 + 6.815825*x4*x6 + 7.041001*x4*x7 + 8.322548*x4*x8 + 7.544084*x4*x9 + 4.521814*x4*x10 + 5.813830*x4*x11 + 8.406945*x4*x12 + 7.350197*x4*x13 + 9.537679*x4*x14 + 5.671705*x4*x15 + 7.272514*x4*x16 + 4.391579*x4*x17 + 3.261759*x4*x18 + 5.361182*x4*x19 + 1.490276*x4*x20 + 4.429083*x4*x21 + 3.154421*x4*x22 + 1.294887*x4*x23 + 6.012854*x4*x24 + 3.512039*x4*x25 + 5.639815*x4*x26 + 3.964780*x4*x27 + 9.038685*x4*x28 + 2.551857*x4*x29 + 5.315510*x4*x30 + 1.903309*x5*x1 + 6.681769*x5*x2 + 7.053141*x5*x3 + 2.494486*x5*x4 + 1.470294*x5*x5 + 5.252820*x5*x6 + 1.866485*x5*x7 + 3.611756*x5*x8 + 5.717563*x5*x9 + 8.678140*x5*x10 + 1.659799*x5*x11 + 3.566705*x5*x12 + 1.188004*x5*x13 + 8.677617*x5*x14 + 6.565232*x5*x15 + 7.256616*x5*x16 + 5.806336*x5*x17 + 1.917625*x5*x18 + 3.211429*x5*x19 + 4.986260*x5*x20 + 3.522269*x5*x21 + 8.146102*x5*x22 + 5.188505*x5*x23 + 3.153148*x5*x24 + 8.185023*x5*x25 + 5.316749*x5*x26 + 5.185495*x5*x27 + 4.427568*x5*x28 + 7.987893*x5*x29 + 3.086736*x5*x30 + 3.485047*x6*x1 + 5.821403*x6*x2 + 4.160391*x6*x3 + 6.815825*x6*x4 + 5.252820*x6*x5 + 1.012829*x6*x6 + 4.652475*x6*x7 + 4.487240*x6*x8 + 4.971124*x6*x9 + 2.150344*x6*x10 + 7.597155*x6*x11 + 4.033646*x6*x12 + 0.323873*x6*x13 + 4.754581*x6*x14 + 2.623749*x6*x15 + 3.276356*x6*x16 + 5.354921*x6*x17 + 4.942467*x6*x18 + 4.558217*x6*x19 + 2.270392*x6*x20 + 3.060225*x6*x21 + 3.382159*x6*x22 + 4.784236*x6*x23 + 7.533963*x6*x24 + 1.491081*x6*x25 + 4.525239*x6*x26 + 6.439753*x6*x27 + 3.850786*x6*x28 + 2.262089*x6*x29 + 5.709503*x6*x30 + 5.565331*x7*x1 + 5.256211*x7*x2 + 4.268771*x7*x3 + 7.041001*x7*x4 + 1.866485*x7*x5 + 4.652475*x7*x6 + 3.614715*x7*x7 + 4.090582*x7*x8 + 7.120684*x7*x9 + 8.120858*x7*x10 + 6.431776*x7*x11 + 7.999227*x7*x12 + 6.551748*x7*x13 + 5.523935*x7*x14 + 2.794706*x7*x15 + 5.240940*x7*x16 + 4.537188*x7*x17 + 3.301770*x7*x18 + 4.838972*x7*x19 + 5.828267*x7*x20 + 4.604702*x7*x21 + 1.061497*x7*x22 + 6.497974*x7*x23 + 4.407228*x7*x24 + 4.883665*x7*x25 + 5.457366*x7*x26 + 7.738564*x7*x27 + 6.986237*x7*x28 + 2.520494*x7*x29 + 6.085780*x7*x30 + 7.186135*x8*x1 + 6.810890*x8*x2 + 5.457448*x8*x3 + 8.322548*x8*x4 + 3.611756*x8*x5 + 4.487240*x8*x6 + 4.090582*x8*x7 + 1.763298*x8*x8 + 3.702666*x8*x9 + 5.471913*x8*x10 + 4.747939*x8*x11 + 8.544195*x8*x12 + 4.837286*x8*x13 + 4.369053*x8*x14 + 5.241518*x8*x15 + 8.345768*x8*x16 + 7.943201*x8*x17 + 3.079777*x8*x18 + 5.103328*x8*x19 + 4.699684*x8*x20 + 7.420321*x8*x21 + 6.127353*x8*x22 + 3.861252*x8*x23 + 5.833660*x8*x24 + 5.763398*x8*x25 + 5.079425*x8*x26 + 5.363682*x8*x27 + 6.074761*x8*x28 + 6.602820*x8*x29 + 4.571325*x8*x30 + 5.226946*x9*x1 + 7.259263*x9*x2 + 5.653951*x9*x3 + 7.544084*x9*x4 + 5.717563*x9*x5 + 4.971124*x9*x6 + 7.120684*x9*x7 + 3.702666*x9*x8 + 2.395091*x9*x9 + 7.126614*x9*x10 + 8.020368*x9*x11 + 2.520086*x9*x12 + 4.535757*x9*x13 + 3.938038*x9*x14 + 5.981767*x9*x15 + 4.828877*x9*x16 + 5.157468*x9*x17 + 3.681362*x9*x18 + 4.128003*x9*x19 + 7.715386*x9*x20 + 7.679681*x9*x21 + 3.595419*x9*x22 + 6.630042*x9*x23 + 8.954884*x9*x24 + 6.326575*x9*x25 + 7.056636*x9*x26 + 7.485886*x9*x27 + 5.776339*x9*x28 + 7.763418*x9*x29 + 5.115609*x9*x30 + 4.670969*x10*x1 + 2.118029*x10*x2 + 7.902272*x10*x3 + 4.521814*x10*x4 + 8.678140*x10*x5 + 2.150344*x10*x6 + 8.120858*x10*x7 + 5.471913*x10*x8 + 7.126614*x10*x9 + 2.121304*x10*x10 + 7.442598*x10*x11 + 1.892914*x10*x12 + 7.706957*x10*x13 + 4.788947*x10*x14 + 0.636825*x10*x15 + 5.812791*x10*x16 + 2.788932*x10*x17 + 5.542686*x10*x18 + 7.094524*x10*x19 + 1.310975*x10*x20 + 4.552305*x10*x21 + 6.145329*x10*x22 + 5.470975*x10*x23 + 5.881573*x10*x24 + 1.888605*x10*x25 + 5.836288*x10*x26 + 3.226665*x10*x27 + 5.401522*x10*x28 + 7.422321*x10*x29 + 3.400585*x10*x30 + 4.840980*x11*x1 + 6.395211*x11*x2 + 7.850914*x11*x3 + 5.813830*x11*x4 + 1.659799*x11*x5 + 7.597155*x11*x6 + 6.431776*x11*x7 + 4.747939*x11*x8 + 8.020368*x11*x9 + 7.442598*x11*x10 + 1.430746*x11*x11 + 8.078309*x11*x12 + 2.797084*x11*x13 + 4.276723*x11*x14 + 3.194095*x11*x15 + 3.905513*x11*x16 + 5.661563*x11*x17 + 7.736828*x11*x18 + 7.567581*x11*x19 + 6.667555*x11*x20 + 4.350301*x11*x21 + 4.962867*x11*x22 + 4.662551*x11*x23 + 8.602234*x11*x24 + 6.603939*x11*x25 + 7.438694*x11*x26 + 6.178354*x11*x27 + 2.407828*x11*x28 + 0.778215*x11*x29 + 1.147544*x11*x30 + 3.012775*x12*x1 + 4.672545*x12*x2 + 6.786333*x12*x3 + 8.406945*x12*x4 + 3.566705*x12*x5 + 4.033646*x12*x6 + 7.999227*x12*x7 + 8.544195*x12*x8 + 2.520086*x12*x9 + 1.892914*x12*x10 + 8.078309*x12*x11 + 0.492942*x12*x12 + 4.286076*x12*x13 + 5.447585*x12*x14 + 4.431570*x12*x15 + 5.759437*x12*x16 + 4.878141*x12*x17 + 7.234680*x12*x18 + 5.522952*x12*x19 + 3.093248*x12*x20 + 4.274298*x12*x21 + 4.254696*x12*x22 + 4.863144*x12*x23 + 4.017510*x12*x24 + 6.076727*x12*x25 + 8.282985*x12*x26 + 7.743626*x12*x27 + 6.089863*x12*x28 + 1.203795*x12*x29 + 9.189438*x12*x30 + 4.879598*x13*x1 + 2.846398*x13*x2 + 9.082860*x13*x3 + 7.350197*x13*x4 + 1.188004*x13*x5 + 0.323873*x13*x6 + 6.551748*x13*x7 + 4.837286*x13*x8 + 4.535757*x13*x9 + 7.706957*x13*x10 + 2.797084*x13*x11 + 4.286076*x13*x12 + 1.718423*x13*x13 + 6.912042*x13*x14 + 4.692767*x13*x15 + 5.568850*x13*x16 + 3.756315*x13*x17 + 3.523762*x13*x18 + 6.345460*x13*x19 + 2.482412*x13*x20 + 1.073490*x13*x21 + 5.738721*x13*x22 + 6.626011*x13*x23 + 3.894900*x13*x24 + 1.763157*x13*x25 + 4.277553*x13*x26 + 5.559680*x13*x27 + 4.472485*x13*x28 + 4.972683*x13*x29 + 3.636560*x13*x30 + 4.727793*x14*x1 + 2.131473*x14*x2 + 2.054070*x14*x3 + 9.537679*x14*x4 + 8.677617*x14*x5 + 4.754581*x14*x6 + 5.523935*x14*x7 + 4.369053*x14*x8 + 3.938038*x14*x9 + 4.788947*x14*x10 + 4.276723*x14*x11 + 5.447585*x14*x12 + 6.912042*x14*x13 + 0.795713*x14*x14 + 4.695983*x14*x15 + 8.497244*x14*x16 + 7.039100*x14*x17 + 4.301166*x14*x18 + 6.421334*x14*x19 + 2.262626*x14*x20 + 3.738594*x14*x21 + 8.368834*x14*x22 + 6.320325*x14*x23 + 8.709133*x14*x24 + 4.964494*x14*x25 + 5.397472*x14*x26 + 9.061462*x14*x27 + 5.148701*x14*x28 + 7.839305*x14*x29 + 5.110879*x14*x30 + 7.686880*x15*x1 + 5.865705*x15*x2 + 3.291863*x15*x3 + 5.671705*x15*x4 + 6.565232*x15*x5 + 2.623749*x15*x6 + 2.794706*x15*x7 + 5.241518*x15*x8 + 5.981767*x15*x9 + 0.636825*x15*x10 + 3.194095*x15*x11 + 4.431570*x15*x12 + 4.692767*x15*x13 + 4.695983*x15*x14 + 2.602345*x15*x15 + 4.885576*x15*x16 + 1.969342*x15*x17 + 6.685864*x15*x18 + 6.333991*x15*x19 + 5.493904*x15*x20 + 5.681175*x15*x21 + 4.124904*x15*x22 + 8.907590*x15*x23 + 7.185779*x15*x24 + 5.792446*x15*x25 + 1.486707*x15*x26 + 3.361398*x15*x27 + 2.110926*x15*x28 + 5.984922*x15*x29 + 3.614107*x15*x30 + 6.340863*x16*x1 + 1.733906*x16*x2 + 3.118999*x16*x3 + 7.272514*x16*x4 + 7.256616*x16*x5 + 3.276356*x16*x6 + 5.240940*x16*x7 + 8.345768*x16*x8 + 4.828877*x16*x9 + 5.812791*x16*x10 + 3.905513*x16*x11 + 5.759437*x16*x12 + 5.568850*x16*x13 + 8.497244*x16*x14 + 4.885576*x16*x15 + 2.170626*x16*x16 + 3.426487*x16*x17 + 0.289485*x16*x18 + 3.007035*x16*x19 + 5.789346*x16*x20 + 7.155356*x16*x21 + 7.006069*x16*x22 + 9.579444*x16*x23 + 6.466558*x16*x24 + 1.732932*x16*x25 + 4.981681*x16*x26 + 3.260674*x16*x27 + 4.390552*x16*x28 + 5.150244*x16*x29 + 2.792370*x16*x30 + 3.516622*x17*x1 + 2.994801*x17*x2 + 2.840980*x17*x3 + 4.391579*x17*x4 + 5.806336*x17*x5 + 5.354921*x17*x6 + 4.537188*x17*x7 + 7.943201*x17*x8 + 5.157468*x17*x9 + 2.788932*x17*x10 + 5.661563*x17*x11 + 4.878141*x17*x12 + 3.756315*x17*x13 + 7.039100*x17*x14 + 1.969342*x17*x15 + 3.426487*x17*x16 + 2.158760*x17*x17 + 5.484911*x17*x18 + 9.059470*x17*x19 + 3.689083*x17*x20 + 6.763507*x17*x21 + 1.505032*x17*x22 + 5.945179*x17*x23 + 2.201100*x17*x24 + 7.626365*x17*x25 + 4.487813*x17*x26 + 1.418008*x17*x27 + 4.373289*x17*x28 + 4.240298*x17*x29 + 8.201378*x17*x30 + 4.009073*x18*x1 + 3.294927*x18*x2 + 2.192573*x18*x3 + 3.261759*x18*x4 + 1.917625*x18*x5 + 4.942467*x18*x6 + 3.301770*x18*x7 + 3.079777*x18*x8 + 3.681362*x18*x9 + 5.542686*x18*x10 + 7.736828*x18*x11 + 7.234680*x18*x12 + 3.523762*x18*x13 + 4.301166*x18*x14 + 6.685864*x18*x15 + 0.289485*x18*x16 + 5.484911*x18*x17 + 0.378338*x18*x18 + 5.194383*x18*x19 + 4.061529*x18*x20 + 4.070182*x18*x21 + 1.337516*x18*x22 + 2.211212*x18*x23 + 5.886910*x18*x24 + 2.745635*x18*x25 + 3.100742*x18*x26 + 5.302217*x18*x27 + 0.731063*x18*x28 + 2.478964*x18*x29 + 6.899741*x18*x30 + 1.791593*x19*x1 + 7.329377*x19*x2 + 3.223975*x19*x3 + 5.361182*x19*x4 + 3.211429*x19*x5 + 4.558217*x19*x6 + 4.838972*x19*x7 + 5.103328*x19*x8 + 4.128003*x19*x9 + 7.094524*x19*x10 + 7.567581*x19*x11 + 5.522952*x19*x12 + 6.345460*x19*x13 + 6.421334*x19*x14 + 6.333991*x19*x15 + 3.007035*x19*x16 + 9.059470*x19*x17 + 5.194383*x19*x18 + 0.943945*x19*x19 + 4.279957*x19*x20 + 3.265496*x19*x21 + 7.504979*x19*x22 + 3.896630*x19*x23 + 4.795757*x19*x24 + 7.299717*x19*x25 + 2.474595*x19*x26 + 5.656348*x19*x27 + 3.672627*x19*x28 + 4.465159*x19*x29 + 3.209872*x19*x30 + 4.778153*x20*x1 + 5.670694*x20*x2 + 3.513074*x20*x3 + 1.490276*x20*x4 + 4.986260*x20*x5 + 2.270392*x20*x6 + 5.828267*x20*x7 + 4.699684*x20*x8 + 7.715386*x20*x9 + 1.310975*x20*x10 + 6.667555*x20*x11 + 3.093248*x20*x12 + 2.482412*x20*x13 + 2.262626*x20*x14 + 5.493904*x20*x15 + 5.789346*x20*x16 + 3.689083*x20*x17 + 4.061529*x20*x18 + 4.279957*x20*x19 + 3.589310*x20*x20 + 2.505615*x20*x21 + 3.115420*x20*x22 + 1.319758*x20*x23 + 2.696936*x20*x24 + 2.119112*x20*x25 + 4.350006*x20*x26 + 5.177252*x20*x27 + 3.252362*x20*x28 + 1.437088*x20*x29 + 4.748850*x20*x30 + 5.791058*x21*x1 + 6.818668*x21*x2 + 5.371323*x21*x3 + 4.429083*x21*x4 + 3.522269*x21*x5 + 3.060225*x21*x6 + 4.604702*x21*x7 + 7.420321*x21*x8 + 7.679681*x21*x9 + 4.552305*x21*x10 + 4.350301*x21*x11 + 4.274298*x21*x12 + 1.073490*x21*x13 + 3.738594*x21*x14 + 5.681175*x21*x15 + 7.155356*x21*x16 + 6.763507*x21*x17 + 4.070182*x21*x18 + 3.265496*x21*x19 + 2.505615*x21*x20 + 1.283013*x21*x21 + 7.405143*x21*x22 + 4.113698*x21*x23 + 5.595833*x21*x24 + 7.057226*x21*x25 + 5.701444*x21*x26 + 4.926688*x21*x27 + 1.967971*x21*x28 + 4.624375*x21*x29 + 6.934726*x21*x30 + 6.861702*x22*x1 + 5.915851*x22*x2 + 4.383449*x22*x3 + 3.154421*x22*x4 + 8.146102*x22*x5 + 3.382159*x22*x6 + 1.061497*x22*x7 + 6.127353*x22*x8 + 3.595419*x22*x9 + 6.145329*x22*x10 + 4.962867*x22*x11 + 4.254696*x22*x12 + 5.738721*x22*x13 + 8.368834*x22*x14 + 4.124904*x22*x15 + 7.006069*x22*x16 + 1.505032*x22*x17 + 1.337516*x22*x18 + 7.504979*x22*x19 + 3.115420*x22*x20 + 7.405143*x22*x21 + 0.548068*x22*x22 + 4.691163*x22*x23 + 4.673224*x22*x24 + 5.271653*x22*x25 + 5.508980*x22*x26 + 2.624018*x22*x27 + 3.955570*x22*x28 + 4.160413*x22*x29 + 2.905554*x22*x30 + 4.006056*x23*x1 + 1.789051*x23*x2 + 1.677275*x23*x3 + 1.294887*x23*x4 + 5.188505*x23*x5 + 4.784236*x23*x6 + 6.497974*x23*x7 + 3.861252*x23*x8 + 6.630042*x23*x9 + 5.470975*x23*x10 + 4.662551*x23*x11 + 4.863144*x23*x12 + 6.626011*x23*x13 + 6.320325*x23*x14 + 8.907590*x23*x15 + 9.579444*x23*x16 + 5.945179*x23*x17 + 2.211212*x23*x18 + 3.896630*x23*x19 + 1.319758*x23*x20 + 4.113698*x23*x21 + 4.691163*x23*x22 + 2.251050*x23*x23 + 1.907655*x23*x24 + 5.042475*x23*x25 + 3.193934*x23*x26 + 0.952088*x23*x27 + 5.837713*x23*x28 + 4.163019*x23*x29 + 6.632702*x23*x30 + 5.026728*x24*x1 + 6.471394*x24*x2 + 6.832749*x24*x3 + 6.012854*x24*x4 + 3.153148*x24*x5 + 7.533963*x24*x6 + 4.407228*x24*x7 + 5.833660*x24*x8 + 8.954884*x24*x9 + 5.881573*x24*x10 + 8.602234*x24*x11 + 4.017510*x24*x12 + 3.894900*x24*x13 + 8.709133*x24*x14 + 7.185779*x24*x15 + 6.466558*x24*x16 + 2.201100*x24*x17 + 5.886910*x24*x18 + 4.795757*x24*x19 + 2.696936*x24*x20 + 5.595833*x24*x21 + 4.673224*x24*x22 + 1.907655*x24*x23 + 3.486694*x24*x24 + 2.832127*x24*x25 + 4.587869*x24*x26 + 4.995651*x24*x27 + 7.505379*x24*x28 + 4.135429*x24*x29 + 3.006906*x24*x30 + 4.444517*x25*x1 + 1.019523*x25*x2 + 3.417684*x25*x3 + 3.512039*x25*x4 + 8.185023*x25*x5 + 1.491081*x25*x6 + 4.883665*x25*x7 + 5.763398*x25*x8 + 6.326575*x25*x9 + 1.888605*x25*x10 + 6.603939*x25*x11 + 6.076727*x25*x12 + 1.763157*x25*x13 + 4.964494*x25*x14 + 5.792446*x25*x15 + 1.732932*x25*x16 + 7.626365*x25*x17 + 2.745635*x25*x18 + 7.299717*x25*x19 + 2.119112*x25*x20 + 7.057226*x25*x21 + 5.271653*x25*x22 + 5.042475*x25*x23 + 2.832127*x25*x24 + 2.386878*x25*x25 + 3.455147*x25*x26 + 5.325909*x25*x27 + 6.894914*x25*x28 + 8.854098*x25*x29 + 4.129442*x25*x30 + 9.196603*x26*x1 + 8.450414*x26*x2 + 4.576488*x26*x3 + 5.639815*x26*x4 + 5.316749*x26*x5 + 4.525239*x26*x6 + 5.457366*x26*x7 + 5.079425*x26*x8 + 7.056636*x26*x9 + 5.836288*x26*x10 + 7.438694*x26*x11 + 8.282985*x26*x12 + 4.277553*x26*x13 + 5.397472*x26*x14 + 1.486707*x26*x15 + 4.981681*x26*x16 + 4.487813*x26*x17 + 3.100742*x26*x18 + 2.474595*x26*x19 + 4.350006*x26*x20 + 5.701444*x26*x21 + 5.508980*x26*x22 + 3.193934*x26*x23 + 4.587869*x26*x24 + 3.455147*x26*x25 + 1.455157*x26*x26 + 2.857940*x26*x27 + 4.285082*x26*x28 + 5.020247*x26*x29 + 7.049509*x26*x30 + 4.470670*x27*x1 + 9.175675*x27*x2 + 7.174332*x27*x3 + 3.964780*x27*x4 + 5.185495*x27*x5 + 6.439753*x27*x6 + 7.738564*x27*x7 + 5.363682*x27*x8 + 7.485886*x27*x9 + 3.226665*x27*x10 + 6.178354*x27*x11 + 7.743626*x27*x12 + 5.559680*x27*x13 + 9.061462*x27*x14 + 3.361398*x27*x15 + 3.260674*x27*x16 + 1.418008*x27*x17 + 5.302217*x27*x18 + 5.656348*x27*x19 + 5.177252*x27*x20 + 4.926688*x27*x21 + 2.624018*x27*x22 + 0.952088*x27*x23 + 4.995651*x27*x24 + 5.325909*x27*x25 + 2.857940*x27*x26 + 3.317692*x27*x27 + 8.995986*x27*x28 + 4.413719*x27*x29 + 2.527382*x27*x30 + 6.121153*x28*x1 + 3.204166*x28*x2 + 1.694977*x28*x3 + 9.038685*x28*x4 + 4.427568*x28*x5 + 3.850786*x28*x6 + 6.986237*x28*x7 + 6.074761*x28*x8 + 5.776339*x28*x9 + 5.401522*x28*x10 + 2.407828*x28*x11 + 6.089863*x28*x12 + 4.472485*x28*x13 + 5.148701*x28*x14 + 2.110926*x28*x15 + 4.390552*x28*x16 + 4.373289*x28*x17 + 0.731063*x28*x18 + 3.672627*x28*x19 + 3.252362*x28*x20 + 1.967971*x28*x21 + 3.955570*x28*x22 + 5.837713*x28*x23 + 7.505379*x28*x24 + 6.894914*x28*x25 + 4.285082*x28*x26 + 8.995986*x28*x27 + 2.010197*x28*x28 + 1.625355*x28*x29 + 6.359561*x28*x30 + 8.134307*x29*x1 + 3.485262*x29*x2 + 4.939267*x29*x3 + 2.551857*x29*x4 + 7.987893*x29*x5 + 2.262089*x29*x6 + 2.520494*x29*x7 + 6.602820*x29*x8 + 7.763418*x29*x9 + 7.422321*x29*x10 + 0.778215*x29*x11 + 1.203795*x29*x12 + 4.972683*x29*x13 + 7.839305*x29*x14 + 5.984922*x29*x15 + 5.150244*x29*x16 + 4.240298*x29*x17 + 2.478964*x29*x18 + 4.465159*x29*x19 + 1.437088*x29*x20 + 4.624375*x29*x21 + 4.160413*x29*x22 + 4.163019*x29*x23 + 4.135429*x29*x24 + 8.854098*x29*x25 + 5.020247*x29*x26 + 4.413719*x29*x27 + 1.625355*x29*x28 + 3.162973*x29*x29 + 5.837300*x29*x30 + 6.063652*x30*x1 + 6.815518*x30*x2 + 4.945025*x30*x3 + 5.315510*x30*x4 + 3.086736*x30*x5 + 5.709503*x30*x6 + 6.085780*x30*x7 + 4.571325*x30*x8 + 5.115609*x30*x9 + 3.400585*x30*x10 + 1.147544*x30*x11 + 9.189438*x30*x12 + 3.636560*x30*x13 + 5.110879*x30*x14 + 3.614107*x30*x15 + 2.792370*x30*x16 + 8.201378*x30*x17 + 6.899741*x30*x18 + 3.209872*x30*x19 + 4.748850*x30*x20 + 6.934726*x30*x21 + 2.905554*x30*x22 + 6.632702*x30*x23 + 3.006906*x30*x24 + 4.129442*x30*x25 + 7.049509*x30*x26 + 2.527382*x30*x27 + 6.359561*x30*x28 + 5.837300*x30*x29 + 2.519606*x30*x30 ;
