OPTIONS {
 MaxTime: 10000;
 EpsR: 0.000001;
 }
 
VARIABLES	x1,x2,x3,x4,x5,x6,x7,x8,x9,x10,x11,x12,x13,x14,x15,x16,x17,x18,x19,x20,x21,x22,x23,x24,x25,x26,x27,x28,x29,x30;
LOWER_BOUNDS {
x1: 0.000000;
x2: 0.000000;
x3: 0.000000;
x4: 0.000000;
x5: 0.000000;
x6: 0.000000;
x7: 0.000000;
x8: 0.000000;
x9: 0.000000;
x10: 0.000000;
x11: 0.000000;
x12: 0.000000;
x13: 0.000000;
x14: 0.000000;
x15: 0.000000;
x16: 0.000000;
x17: 0.000000;
x18: 0.000000;
x19: 0.000000;
x20: 0.000000;
x21: 0.000000;
x22: 0.000000;
x23: 0.000000;
x24: 0.000000;
x25: 0.000000;
x26: 0.000000;
x27: 0.000000;
x28: 0.000000;
x29: 0.000000;
x30: 0.000000;
}

UPPER_BOUNDS {
x1: 1.000000;
x2: 1.000000;
x3: 1.000000;
x4: 1.000000;
x5: 1.000000;
x6: 1.000000;
x7: 1.000000;
x8: 1.000000;
x9: 1.000000;
x10: 1.000000;
x11: 1.000000;
x12: 1.000000;
x13: 1.000000;
x14: 1.000000;
x15: 1.000000;
x16: 1.000000;
x17: 1.000000;
x18: 1.000000;
x19: 1.000000;
x20: 1.000000;
x21: 1.000000;
x22: 1.000000;
x23: 1.000000;
x24: 1.000000;
x25: 1.000000;
x26: 1.000000;
x27: 1.000000;
x28: 1.000000;
x29: 1.000000;
x30: 1.000000;
}

EQUATIONS e1;

e1:  1.000000*x1  + 1.000000*x2  + 1.000000*x3  + 1.000000*x4  + 1.000000*x5  + 1.000000*x6  + 1.000000*x7  + 1.000000*x8  + 1.000000*x9  + 1.000000*x10  + 1.000000*x11  + 1.000000*x12  + 1.000000*x13  + 1.000000*x14  + 1.000000*x15  + 1.000000*x16  + 1.000000*x17  + 1.000000*x18  + 1.000000*x19  + 1.000000*x20  + 1.000000*x21  + 1.000000*x22  + 1.000000*x23  + 1.000000*x24  + 1.000000*x25  + 1.000000*x26  + 1.000000*x27  + 1.000000*x28  + 1.000000*x29  + 1.000000*x30  == 1.000000;

OBJ: minimize	 1.537519*x1*x1 + 0.057736*x1*x2 + 5.770107*x1*x3 + 3.067536*x1*x4 + 2.819714*x1*x5  - 7.763916*x1*x6  - 0.631821*x1*x7  - 8.350681*x1*x8  - 6.327325*x1*x9  - 5.919340*x1*x10  - 6.526622*x1*x11 + 1.448238*x1*x12  - 1.524283*x1*x13 + 4.001778*x1*x14  - 2.207638*x1*x15  - 1.234257*x1*x16  - 2.464726*x1*x17 + 6.381725*x1*x18 + 0.198473*x1*x19 + 0.261886*x1*x20 + 2.377711*x1*x21 + 4.623276*x1*x22  - 5.221064*x1*x23  - 3.187793*x1*x24 + 1.362587*x1*x25 + 2.822424*x1*x26  - 3.610849*x1*x27  - 8.102915*x1*x28 + 4.334637*x1*x29 + 4.785959*x1*x30 + 0.057736*x2*x1 + 0.770928*x2*x2  - 0.697233*x2*x3  - 3.821270*x2*x4  - 4.050267*x2*x5 + 4.196156*x2*x6  - 6.077723*x2*x7 + 2.098462*x2*x8  - 2.309517*x2*x9  - 4.314480*x2*x10  - 1.370367*x2*x11  - 1.214740*x2*x12  - 0.061663*x2*x13  - 0.331627*x2*x14  - 5.085991*x2*x15  - 2.963191*x2*x16  - 6.170784*x2*x17 + 8.167471*x2*x18 + 2.754089*x2*x19  - 5.773298*x2*x20 + 1.519515*x2*x21 + 0.693627*x2*x22  - 5.176509*x2*x23 + 1.776659*x2*x24  - 2.789767*x2*x25  - 5.378153*x2*x26  - 3.572015*x2*x27 + 1.152971*x2*x28  - 4.089034*x2*x29  - 4.462894*x2*x30 + 5.770107*x3*x1  - 0.697233*x3*x2 + 0.026638*x3*x3  - 5.090671*x3*x4  - 6.497537*x3*x5  - 1.270366*x3*x6  - 3.324019*x3*x7 + 2.867259*x3*x8 + 7.845491*x3*x9 + 7.001590*x3*x10  - 6.024937*x3*x11  - 3.814186*x3*x12 + 5.633804*x3*x13 + 0.386647*x3*x14  - 0.529990*x3*x15 + 3.941973*x3*x16 + 2.608597*x3*x17 + 4.207274*x3*x18 + 0.700883*x3*x19  - 4.666463*x3*x20 + 2.118921*x3*x21  - 7.009827*x3*x22  - 5.665437*x3*x23  - 1.977315*x3*x24 + 4.901527*x3*x25 + 3.576949*x3*x26 + 2.562663*x3*x27 + 2.947978*x3*x28  - 8.202263*x3*x29  - 5.622464*x3*x30 + 3.067536*x4*x1  - 3.821270*x4*x2  - 5.090671*x4*x3 + 1.835876*x4*x4  - 2.592692*x4*x5  - 3.205224*x4*x6  - 4.393126*x4*x7  - 5.573578*x4*x8 + 6.262640*x4*x9  - 2.266437*x4*x10 + 2.853142*x4*x11  - 4.846129*x4*x12  - 1.843345*x4*x13  - 2.868336*x4*x14  - 6.618166*x4*x15  - 4.138799*x4*x16  - 0.487442*x4*x17  - 7.834725*x4*x18  - 1.973805*x4*x19  - 4.595746*x4*x20  - 1.319813*x4*x21 + 1.493594*x4*x22  - 9.063811*x4*x23 + 0.537723*x4*x24  - 5.244715*x4*x25  - 5.277771*x4*x26  - 7.015686*x4*x27  - 3.721435*x4*x28  - 3.436215*x4*x29  - 3.663684*x4*x30 + 2.819714*x5*x1  - 4.050267*x5*x2  - 6.497537*x5*x3  - 2.592692*x5*x4 + 2.172278*x5*x5  - 3.462987*x5*x6  - 6.519996*x5*x7 + 9.582877*x5*x8  - 7.376124*x5*x9  - 2.781590*x5*x10 + 0.326796*x5*x11  - 3.813521*x5*x12  - 7.803811*x5*x13  - 5.480505*x5*x14 + 0.203582*x5*x15 + 4.298977*x5*x16  - 1.748182*x5*x17  - 0.161280*x5*x18  - 6.457434*x5*x19 + 3.973298*x5*x20  - 5.851360*x5*x21  - 4.406777*x5*x22  - 3.932026*x5*x23 + 1.490155*x5*x24 + 0.005791*x5*x25  - 1.808158*x5*x26  - 6.833516*x5*x27 + 3.246882*x5*x28  - 2.262625*x5*x29  - 6.556049*x5*x30  - 7.763916*x6*x1 + 4.196156*x6*x2  - 1.270366*x6*x3  - 3.205224*x6*x4  - 3.462987*x6*x5 + 2.919305*x6*x6 + 1.932185*x6*x7  - 7.211056*x6*x8 + 0.898880*x6*x9 + 0.781547*x6*x10 + 7.994608*x6*x11  - 7.309391*x6*x12 + 5.295994*x6*x13  - 5.126398*x6*x14  - 1.937137*x6*x15  - 1.191816*x6*x16 + 8.304445*x6*x17  - 2.994255*x6*x18 + 1.812229*x6*x19 + 1.631521*x6*x20 + 8.832929*x6*x21  - 7.245769*x6*x22  - 0.595912*x6*x23  - 4.216389*x6*x24  - 3.110778*x6*x25  - 4.668354*x6*x26 + 5.409554*x6*x27 + 1.475922*x6*x28 + 6.261673*x6*x29  - 1.916256*x6*x30  - 0.631821*x7*x1  - 6.077723*x7*x2  - 3.324019*x7*x3  - 4.393126*x7*x4  - 6.519996*x7*x5 + 1.932185*x7*x6 + 1.626583*x7*x7  - 4.586501*x7*x8  - 7.775005*x7*x9  - 5.562485*x7*x10  - 0.162739*x7*x11  - 0.829809*x7*x12  - 7.094446*x7*x13 + 6.264802*x7*x14  - 4.385719*x7*x15 + 4.105152*x7*x16  - 5.165791*x7*x17  - 4.216290*x7*x18  - 6.952116*x7*x19 + 4.475918*x7*x20  - 7.241542*x7*x21  - 9.150596*x7*x22  - 3.456826*x7*x23 + 2.758631*x7*x24 + 3.134578*x7*x25  - 2.086381*x7*x26 + 5.127229*x7*x27  - 4.401038*x7*x28  - 2.380988*x7*x29  - 2.842602*x7*x30  - 8.350681*x8*x1 + 2.098462*x8*x2 + 2.867259*x8*x3  - 5.573578*x8*x4 + 9.582877*x8*x5  - 7.211056*x8*x6  - 4.586501*x8*x7 + 2.688414*x8*x8 + 2.913386*x8*x9  - 3.146891*x8*x10  - 4.408757*x8*x11  - 3.624256*x8*x12  - 7.763636*x8*x13  - 1.762268*x8*x14 + 3.197783*x8*x15  - 1.906148*x8*x16 + 0.620028*x8*x17  - 3.141003*x8*x18  - 4.136843*x8*x19  - 7.733907*x8*x20  - 2.837282*x8*x21  - 0.980745*x8*x22  - 4.362084*x8*x23  - 4.132160*x8*x24 + 6.395325*x8*x25  - 1.044197*x8*x26 + 8.228655*x8*x27 + 1.140796*x8*x28 + 3.242360*x8*x29  - 3.539139*x8*x30  - 6.327325*x9*x1  - 2.309517*x9*x2 + 7.845491*x9*x3 + 6.262640*x9*x4  - 7.376124*x9*x5 + 0.898880*x9*x6  - 7.775005*x9*x7 + 2.913386*x9*x8 + 1.598580*x9*x9  - 0.806490*x9*x10 + 0.245592*x9*x11  - 5.811095*x9*x12  - 2.980028*x9*x13 + 0.060263*x9*x14 + 1.254550*x9*x15  - 4.653626*x9*x16  - 5.099824*x9*x17  - 1.694813*x9*x18  - 4.379032*x9*x19  - 0.508713*x9*x20  - 6.916754*x9*x21  - 7.734249*x9*x22 + 5.293369*x9*x23  - 2.299645*x9*x24  - 6.011643*x9*x25  - 7.412787*x9*x26  - 2.578223*x9*x27  - 7.627083*x9*x28 + 4.308998*x9*x29  - 3.156775*x9*x30  - 5.919340*x10*x1  - 4.314480*x10*x2 + 7.001590*x10*x3  - 2.266437*x10*x4  - 2.781590*x10*x5 + 0.781547*x10*x6  - 5.562485*x10*x7  - 3.146891*x10*x8  - 0.806490*x10*x9 + 1.769993*x10*x10  - 1.501953*x10*x11  - 3.817051*x10*x12  - 3.725164*x10*x13  - 2.800086*x10*x14 + 0.427776*x10*x15  - 5.651236*x10*x16  - 3.259678*x10*x17 + 1.089991*x10*x18  - 3.773584*x10*x19 + 1.883349*x10*x20  - 0.257816*x10*x21 + 1.727548*x10*x22 + 2.993483*x10*x23 + 3.249045*x10*x24  - 4.477074*x10*x25  - 4.678374*x10*x26  - 9.109617*x10*x27  - 0.464260*x10*x28 + 4.212262*x10*x29 + 0.674007*x10*x30  - 6.526622*x11*x1  - 1.370367*x11*x2  - 6.024937*x11*x3 + 2.853142*x11*x4 + 0.326796*x11*x5 + 7.994608*x11*x6  - 0.162739*x11*x7  - 4.408757*x11*x8 + 0.245592*x11*x9  - 1.501953*x11*x10 + 1.417459*x11*x11  - 0.485493*x11*x12 + 2.015845*x11*x13 + 2.389741*x11*x14  - 1.484641*x11*x15  - 2.664565*x11*x16  - 7.049543*x11*x17 + 7.210068*x11*x18  - 6.092227*x11*x19  - 3.903798*x11*x20 + 5.835630*x11*x21  - 3.984197*x11*x22  - 6.479563*x11*x23 + 0.160474*x11*x24  - 2.690895*x11*x25  - 1.556865*x11*x26  - 6.145174*x11*x27 + 1.265083*x11*x28  - 1.424978*x11*x29 + 0.854360*x11*x30 + 1.448238*x12*x1  - 1.214740*x12*x2  - 3.814186*x12*x3  - 4.846129*x12*x4  - 3.813521*x12*x5  - 7.309391*x12*x6  - 0.829809*x12*x7  - 3.624256*x12*x8  - 5.811095*x12*x9  - 3.817051*x12*x10  - 0.485493*x12*x11 + 1.523287*x12*x12 + 3.162191*x12*x13  - 0.146145*x12*x14  - 8.434623*x12*x15  - 4.205138*x12*x16  - 3.328654*x12*x17 + 8.135607*x12*x18 + 7.814072*x12*x19  - 1.192670*x12*x20  - 1.260143*x12*x21  - 4.208761*x12*x22 + 4.146366*x12*x23  - 2.396368*x12*x24  - 4.667671*x12*x25  - 6.568643*x12*x26 + 1.567863*x12*x27  - 3.495963*x12*x28  - 3.280085*x12*x29 + 3.392335*x12*x30  - 1.524283*x13*x1  - 0.061663*x13*x2 + 5.633804*x13*x3  - 1.843345*x13*x4  - 7.803811*x13*x5 + 5.295994*x13*x6  - 7.094446*x13*x7  - 7.763636*x13*x8  - 2.980028*x13*x9  - 3.725164*x13*x10 + 2.015845*x13*x11 + 3.162191*x13*x12 + 3.038862*x13*x13  - 1.010470*x13*x14 + 0.460651*x13*x15  - 3.027895*x13*x16 + 1.289637*x13*x17  - 0.304286*x13*x18  - 1.353363*x13*x19  - 6.095704*x13*x20  - 1.337797*x13*x21  - 3.204284*x13*x22 + 4.906264*x13*x23 + 1.306867*x13*x24 + 1.848282*x13*x25  - 4.630827*x13*x26  - 3.091468*x13*x27  - 4.643285*x13*x28  - 7.928779*x13*x29  - 9.455272*x13*x30 + 4.001778*x14*x1  - 0.331627*x14*x2 + 0.386647*x14*x3  - 2.868336*x14*x4  - 5.480505*x14*x5  - 5.126398*x14*x6 + 6.264802*x14*x7  - 1.762268*x14*x8 + 0.060263*x14*x9  - 2.800086*x14*x10 + 2.389741*x14*x11  - 0.146145*x14*x12  - 1.010470*x14*x13 + 2.824451*x14*x14 + 4.248894*x14*x15 + 4.442214*x14*x16  - 4.936921*x14*x17  - 5.372141*x14*x18  - 3.867917*x14*x19 + 4.730194*x14*x20  - 7.051666*x14*x21  - 8.211532*x14*x22 + 2.207341*x14*x23  - 5.179535*x14*x24  - 2.295845*x14*x25  - 2.047605*x14*x26 + 6.420442*x14*x27  - 4.558008*x14*x28  - 2.077950*x14*x29  - 0.709446*x14*x30  - 2.207638*x15*x1  - 5.085991*x15*x2  - 0.529990*x15*x3  - 6.618166*x15*x4 + 0.203582*x15*x5  - 1.937137*x15*x6  - 4.385719*x15*x7 + 3.197783*x15*x8 + 1.254550*x15*x9 + 0.427776*x15*x10  - 1.484641*x15*x11  - 8.434623*x15*x12 + 0.460651*x15*x13 + 4.248894*x15*x14 + 0.473782*x15*x15 + 4.660940*x15*x16  - 5.648380*x15*x17 + 7.584504*x15*x18 + 4.918846*x15*x19  - 4.261195*x15*x20  - 0.684361*x15*x21 + 3.892415*x15*x22 + 2.648642*x15*x23  - 7.518424*x15*x24 + 0.357092*x15*x25  - 2.013728*x15*x26 + 7.974318*x15*x27 + 4.186903*x15*x28  - 4.789844*x15*x29  - 2.460711*x15*x30  - 1.234257*x16*x1  - 2.963191*x16*x2 + 3.941973*x16*x3  - 4.138799*x16*x4 + 4.298977*x16*x5  - 1.191816*x16*x6 + 4.105152*x16*x7  - 1.906148*x16*x8  - 4.653626*x16*x9  - 5.651236*x16*x10  - 2.664565*x16*x11  - 4.205138*x16*x12  - 3.027895*x16*x13 + 4.442214*x16*x14 + 4.660940*x16*x15 + 3.264505*x16*x16  - 3.766772*x16*x17  - 6.479278*x16*x18  - 2.410047*x16*x19  - 3.642435*x16*x20  - 4.890561*x16*x21  - 2.899191*x16*x22  - 7.199840*x16*x23 + 0.063444*x16*x24  - 1.919189*x16*x25 + 0.006183*x16*x26 + 3.453282*x16*x27 + 3.095548*x16*x28 + 5.404927*x16*x29 + 7.371562*x16*x30  - 2.464726*x17*x1  - 6.170784*x17*x2 + 2.608597*x17*x3  - 0.487442*x17*x4  - 1.748182*x17*x5 + 8.304445*x17*x6  - 5.165791*x17*x7 + 0.620028*x17*x8  - 5.099824*x17*x9  - 3.259678*x17*x10  - 7.049543*x17*x11  - 3.328654*x17*x12 + 1.289637*x17*x13  - 4.936921*x17*x14  - 5.648380*x17*x15  - 3.766772*x17*x16 + 0.585282*x17*x17  - 3.073033*x17*x18  - 2.029531*x17*x19  - 2.497074*x17*x20  - 1.274770*x17*x21  - 5.623559*x17*x22  - 8.311561*x17*x23  - 6.369879*x17*x24 + 3.919283*x17*x25  - 4.314074*x17*x26  - 0.733715*x17*x27 + 0.877570*x17*x28  - 1.799904*x17*x29  - 4.753199*x17*x30 + 6.381725*x18*x1 + 8.167471*x18*x2 + 4.207274*x18*x3  - 7.834725*x18*x4  - 0.161280*x18*x5  - 2.994255*x18*x6  - 4.216290*x18*x7  - 3.141003*x18*x8  - 1.694813*x18*x9 + 1.089991*x18*x10 + 7.210068*x18*x11 + 8.135607*x18*x12  - 0.304286*x18*x13  - 5.372141*x18*x14 + 7.584504*x18*x15  - 6.479278*x18*x16  - 3.073033*x18*x17 + 0.715503*x18*x18  - 6.976958*x18*x19 + 0.912377*x18*x20  - 4.724381*x18*x21 + 8.357125*x18*x22 + 3.242814*x18*x23  - 5.596260*x18*x24  - 1.245724*x18*x25 + 2.876590*x18*x26  - 5.748136*x18*x27  - 6.789251*x18*x28  - 7.766048*x18*x29  - 3.497614*x18*x30 + 0.198473*x19*x1 + 2.754089*x19*x2 + 0.700883*x19*x3  - 1.973805*x19*x4  - 6.457434*x19*x5 + 1.812229*x19*x6  - 6.952116*x19*x7  - 4.136843*x19*x8  - 4.379032*x19*x9  - 3.773584*x19*x10  - 6.092227*x19*x11 + 7.814072*x19*x12  - 1.353363*x19*x13  - 3.867917*x19*x14 + 4.918846*x19*x15  - 2.410047*x19*x16  - 2.029531*x19*x17  - 6.976958*x19*x18 + 4.502207*x19*x19  - 4.056925*x19*x20 + 6.052724*x19*x21 + 5.721564*x19*x22  - 2.440218*x19*x23  - 3.463820*x19*x24  - 1.014346*x19*x25 + 0.088869*x19*x26  - 6.865274*x19*x27 + 4.062482*x19*x28 + 0.277330*x19*x29 + 2.798793*x19*x30 + 0.261886*x20*x1  - 5.773298*x20*x2  - 4.666463*x20*x3  - 4.595746*x20*x4 + 3.973298*x20*x5 + 1.631521*x20*x6 + 4.475918*x20*x7  - 7.733907*x20*x8  - 0.508713*x20*x9 + 1.883349*x20*x10  - 3.903798*x20*x11  - 1.192670*x20*x12  - 6.095704*x20*x13 + 4.730194*x20*x14  - 4.261195*x20*x15  - 3.642435*x20*x16  - 2.497074*x20*x17 + 0.912377*x20*x18  - 4.056925*x20*x19 + 3.919970*x20*x20  - 9.426156*x20*x21  - 2.557908*x20*x22 + 4.906862*x20*x23  - 6.962777*x20*x24 + 3.905241*x20*x25 + 1.843422*x20*x26  - 2.118046*x20*x27  - 1.772209*x20*x28  - 2.718921*x20*x29  - 1.802030*x20*x30 + 2.377711*x21*x1 + 1.519515*x21*x2 + 2.118921*x21*x3  - 1.319813*x21*x4  - 5.851360*x21*x5 + 8.832929*x21*x6  - 7.241542*x21*x7  - 2.837282*x21*x8  - 6.916754*x21*x9  - 0.257816*x21*x10 + 5.835630*x21*x11  - 1.260143*x21*x12  - 1.337797*x21*x13  - 7.051666*x21*x14  - 0.684361*x21*x15  - 4.890561*x21*x16  - 1.274770*x21*x17  - 4.724381*x21*x18 + 6.052724*x21*x19  - 9.426156*x21*x20 + 1.465548*x21*x21 + 2.961794*x21*x22 + 4.950326*x21*x23  - 5.613652*x21*x24  - 2.703336*x21*x25 + 4.098733*x21*x26  - 4.828351*x21*x27  - 4.684692*x21*x28  - 1.705480*x21*x29  - 4.298825*x21*x30 + 4.623276*x22*x1 + 0.693627*x22*x2  - 7.009827*x22*x3 + 1.493594*x22*x4  - 4.406777*x22*x5  - 7.245769*x22*x6  - 9.150596*x22*x7  - 0.980745*x22*x8  - 7.734249*x22*x9 + 1.727548*x22*x10  - 3.984197*x22*x11  - 4.208761*x22*x12  - 3.204284*x22*x13  - 8.211532*x22*x14 + 3.892415*x22*x15  - 2.899191*x22*x16  - 5.623559*x22*x17 + 8.357125*x22*x18 + 5.721564*x22*x19  - 2.557908*x22*x20 + 2.961794*x22*x21 + 0.389448*x22*x22  - 0.507473*x22*x23 + 4.726672*x22*x24 + 0.537973*x22*x25  - 5.909320*x22*x26 + 7.680314*x22*x27 + 0.549987*x22*x28 + 6.828460*x22*x29 + 2.019911*x22*x30  - 5.221064*x23*x1  - 5.176509*x23*x2  - 5.665437*x23*x3  - 9.063811*x23*x4  - 3.932026*x23*x5  - 0.595912*x23*x6  - 3.456826*x23*x7  - 4.362084*x23*x8 + 5.293369*x23*x9 + 2.993483*x23*x10  - 6.479563*x23*x11 + 4.146366*x23*x12 + 4.906264*x23*x13 + 2.207341*x23*x14 + 2.648642*x23*x15  - 7.199840*x23*x16  - 8.311561*x23*x17 + 3.242814*x23*x18  - 2.440218*x23*x19 + 4.906862*x23*x20 + 4.950326*x23*x21  - 0.507473*x23*x22 + 2.890018*x23*x23 + 0.419826*x23*x24  - 3.878913*x23*x25 + 1.004046*x23*x26  - 2.629037*x23*x27 + 3.215310*x23*x28 + 0.756782*x23*x29 + 4.294387*x23*x30  - 3.187793*x24*x1 + 1.776659*x24*x2  - 1.977315*x24*x3 + 0.537723*x24*x4 + 1.490155*x24*x5  - 4.216389*x24*x6 + 2.758631*x24*x7  - 4.132160*x24*x8  - 2.299645*x24*x9 + 3.249045*x24*x10 + 0.160474*x24*x11  - 2.396368*x24*x12 + 1.306867*x24*x13  - 5.179535*x24*x14  - 7.518424*x24*x15 + 0.063444*x24*x16  - 6.369879*x24*x17  - 5.596260*x24*x18  - 3.463820*x24*x19  - 6.962777*x24*x20  - 5.613652*x24*x21 + 4.726672*x24*x22 + 0.419826*x24*x23 + 2.142378*x24*x24  - 7.603479*x24*x25  - 3.048410*x24*x26 + 1.989266*x24*x27 + 6.412720*x24*x28  - 1.732516*x24*x29  - 4.837268*x24*x30 + 1.362587*x25*x1  - 2.789767*x25*x2 + 4.901527*x25*x3  - 5.244715*x25*x4 + 0.005791*x25*x5  - 3.110778*x25*x6 + 3.134578*x25*x7 + 6.395325*x25*x8  - 6.011643*x25*x9  - 4.477074*x25*x10  - 2.690895*x25*x11  - 4.667671*x25*x12 + 1.848282*x25*x13  - 2.295845*x25*x14 + 0.357092*x25*x15  - 1.919189*x25*x16 + 3.919283*x25*x17  - 1.245724*x25*x18  - 1.014346*x25*x19 + 3.905241*x25*x20  - 2.703336*x25*x21 + 0.537973*x25*x22  - 3.878913*x25*x23  - 7.603479*x25*x24 + 2.458298*x25*x25 + 2.177881*x25*x26  - 0.924337*x25*x27  - 3.732951*x25*x28  - 4.621222*x25*x29  - 6.921067*x25*x30 + 2.822424*x26*x1  - 5.378153*x26*x2 + 3.576949*x26*x3  - 5.277771*x26*x4  - 1.808158*x26*x5  - 4.668354*x26*x6  - 2.086381*x26*x7  - 1.044197*x26*x8  - 7.412787*x26*x9  - 4.678374*x26*x10  - 1.556865*x26*x11  - 6.568643*x26*x12  - 4.630827*x26*x13  - 2.047605*x26*x14  - 2.013728*x26*x15 + 0.006183*x26*x16  - 4.314074*x26*x17 + 2.876590*x26*x18 + 0.088869*x26*x19 + 1.843422*x26*x20 + 4.098733*x26*x21  - 5.909320*x26*x22 + 1.004046*x26*x23  - 3.048410*x26*x24 + 2.177881*x26*x25 + 0.246738*x26*x26 + 3.553187*x26*x27  - 1.979913*x26*x28  - 5.787000*x26*x29  - 3.729630*x26*x30  - 3.610849*x27*x1  - 3.572015*x27*x2 + 2.562663*x27*x3  - 7.015686*x27*x4  - 6.833516*x27*x5 + 5.409554*x27*x6 + 5.127229*x27*x7 + 8.228655*x27*x8  - 2.578223*x27*x9  - 9.109617*x27*x10  - 6.145174*x27*x11 + 1.567863*x27*x12  - 3.091468*x27*x13 + 6.420442*x27*x14 + 7.974318*x27*x15 + 3.453282*x27*x16  - 0.733715*x27*x17  - 5.748136*x27*x18  - 6.865274*x27*x19  - 2.118046*x27*x20  - 4.828351*x27*x21 + 7.680314*x27*x22  - 2.629037*x27*x23 + 1.989266*x27*x24  - 0.924337*x27*x25 + 3.553187*x27*x26 + 0.182960*x27*x27  - 4.827668*x27*x28 + 3.988359*x27*x29 + 5.979940*x27*x30  - 8.102915*x28*x1 + 1.152971*x28*x2 + 2.947978*x28*x3  - 3.721435*x28*x4 + 3.246882*x28*x5 + 1.475922*x28*x6  - 4.401038*x28*x7 + 1.140796*x28*x8  - 7.627083*x28*x9  - 0.464260*x28*x10 + 1.265083*x28*x11  - 3.495963*x28*x12  - 4.643285*x28*x13  - 4.558008*x28*x14 + 4.186903*x28*x15 + 3.095548*x28*x16 + 0.877570*x28*x17  - 6.789251*x28*x18 + 4.062482*x28*x19  - 1.772209*x28*x20  - 4.684692*x28*x21 + 0.549987*x28*x22 + 3.215310*x28*x23 + 6.412720*x28*x24  - 3.732951*x28*x25  - 1.979913*x28*x26  - 4.827668*x28*x27 + 0.224660*x28*x28 + 0.768933*x28*x29 + 1.646486*x28*x30 + 4.334637*x29*x1  - 4.089034*x29*x2  - 8.202263*x29*x3  - 3.436215*x29*x4  - 2.262625*x29*x5 + 6.261673*x29*x6  - 2.380988*x29*x7 + 3.242360*x29*x8 + 4.308998*x29*x9 + 4.212262*x29*x10  - 1.424978*x29*x11  - 3.280085*x29*x12  - 7.928779*x29*x13  - 2.077950*x29*x14  - 4.789844*x29*x15 + 5.404927*x29*x16  - 1.799904*x29*x17  - 7.766048*x29*x18 + 0.277330*x29*x19  - 2.718921*x29*x20  - 1.705480*x29*x21 + 6.828460*x29*x22 + 0.756782*x29*x23  - 1.732516*x29*x24  - 4.621222*x29*x25  - 5.787000*x29*x26 + 3.988359*x29*x27 + 0.768933*x29*x28 + 3.391739*x29*x29 + 0.180592*x29*x30 + 4.785959*x30*x1  - 4.462894*x30*x2  - 5.622464*x30*x3  - 3.663684*x30*x4  - 6.556049*x30*x5  - 1.916256*x30*x6  - 2.842602*x30*x7  - 3.539139*x30*x8  - 3.156775*x30*x9 + 0.674007*x30*x10 + 0.854360*x30*x11 + 3.392335*x30*x12  - 9.455272*x30*x13  - 0.709446*x30*x14  - 2.460711*x30*x15 + 7.371562*x30*x16  - 4.753199*x30*x17  - 3.497614*x30*x18 + 2.798793*x30*x19  - 1.802030*x30*x20  - 4.298825*x30*x21 + 2.019911*x30*x22 + 4.294387*x30*x23  - 4.837268*x30*x24  - 6.921067*x30*x25  - 3.729630*x30*x26 + 5.979940*x30*x27 + 1.646486*x30*x28 + 0.180592*x30*x29 + 0.658616*x30*x30 ;
