OPTIONS {
 MaxTime: 10000;
 EpsR: 0.000001;
 }
 
VARIABLES	x1,x2,x3,x4,x5,x6,x7,x8,x9,x10,x11,x12,x13,x14,x15,x16,x17,x18,x19,x20,x21,x22,x23,x24,x25,x26,x27,x28,x29,x30;
LOWER_BOUNDS {
x1: 0.000000;
x2: 0.000000;
x3: 0.000000;
x4: 0.000000;
x5: 0.000000;
x6: 0.000000;
x7: 0.000000;
x8: 0.000000;
x9: 0.000000;
x10: 0.000000;
x11: 0.000000;
x12: 0.000000;
x13: 0.000000;
x14: 0.000000;
x15: 0.000000;
x16: 0.000000;
x17: 0.000000;
x18: 0.000000;
x19: 0.000000;
x20: 0.000000;
x21: 0.000000;
x22: 0.000000;
x23: 0.000000;
x24: 0.000000;
x25: 0.000000;
x26: 0.000000;
x27: 0.000000;
x28: 0.000000;
x29: 0.000000;
x30: 0.000000;
}

UPPER_BOUNDS {
x1: 1.000000;
x2: 1.000000;
x3: 1.000000;
x4: 1.000000;
x5: 1.000000;
x6: 1.000000;
x7: 1.000000;
x8: 1.000000;
x9: 1.000000;
x10: 1.000000;
x11: 1.000000;
x12: 1.000000;
x13: 1.000000;
x14: 1.000000;
x15: 1.000000;
x16: 1.000000;
x17: 1.000000;
x18: 1.000000;
x19: 1.000000;
x20: 1.000000;
x21: 1.000000;
x22: 1.000000;
x23: 1.000000;
x24: 1.000000;
x25: 1.000000;
x26: 1.000000;
x27: 1.000000;
x28: 1.000000;
x29: 1.000000;
x30: 1.000000;
}

EQUATIONS e1;

e1:  1.000000*x1  + 1.000000*x2  + 1.000000*x3  + 1.000000*x4  + 1.000000*x5  + 1.000000*x6  + 1.000000*x7  + 1.000000*x8  + 1.000000*x9  + 1.000000*x10  + 1.000000*x11  + 1.000000*x12  + 1.000000*x13  + 1.000000*x14  + 1.000000*x15  + 1.000000*x16  + 1.000000*x17  + 1.000000*x18  + 1.000000*x19  + 1.000000*x20  + 1.000000*x21  + 1.000000*x22  + 1.000000*x23  + 1.000000*x24  + 1.000000*x25  + 1.000000*x26  + 1.000000*x27  + 1.000000*x28  + 1.000000*x29  + 1.000000*x30  == 1.000000;

OBJ: minimize	 1.955655*x1*x1  - 3.563649*x1*x2  - 4.021579*x1*x3  - 4.180907*x1*x4  - 3.863080*x1*x5  - 3.174165*x1*x6  - 5.448673*x1*x7  - 7.022236*x1*x8  - 5.322304*x1*x9  - 5.754059*x1*x10  - 5.139210*x1*x11  - 6.899506*x1*x12  - 4.027491*x1*x13  - 1.484046*x1*x14  - 3.296889*x1*x15  - 2.755056*x1*x16  - 4.338961*x1*x17  - 6.098643*x1*x18  - 5.049749*x1*x19  - 7.269023*x1*x20  - 7.087289*x1*x21  - 7.117480*x1*x22  - 7.553386*x1*x23  - 9.662024*x1*x24  - 8.492409*x1*x25  - 5.369505*x1*x26  - 3.282243*x1*x27  - 6.651431*x1*x28  - 5.411301*x1*x29  - 4.341539*x1*x30  - 3.563649*x2*x1 + 1.540526*x2*x2  - 4.682173*x2*x3  - 2.891228*x2*x4  - 5.565557*x2*x5  - 5.657290*x2*x6  - 6.382526*x2*x7  - 4.972567*x2*x8  - 6.401690*x2*x9  - 4.520283*x2*x10  - 6.323180*x2*x11  - 7.569524*x2*x12  - 6.049977*x2*x13  - 6.558336*x2*x14  - 4.831369*x2*x15  - 1.696582*x2*x16  - 7.333446*x2*x17  - 7.020946*x2*x18  - 7.376444*x2*x19  - 4.004977*x2*x20  - 5.383110*x2*x21  - 2.861636*x2*x22  - 6.106757*x2*x23  - 2.544122*x2*x24  - 4.140193*x2*x25  - 3.451908*x2*x26  - 8.930198*x2*x27  - 2.373820*x2*x28  - 5.483658*x2*x29  - 4.926866*x2*x30  - 4.021579*x3*x1  - 4.682173*x3*x2 + 3.167575*x3*x3  - 4.318893*x3*x4  - 6.483195*x3*x5  - 1.914637*x3*x6  - 6.277885*x3*x7  - 5.652190*x3*x8  - 4.323979*x3*x9  - 7.246075*x3*x10  - 4.170870*x3*x11  - 4.946154*x3*x12  - 6.309945*x3*x13  - 1.729126*x3*x14  - 4.553203*x3*x15  - 7.814271*x3*x16  - 5.276881*x3*x17  - 6.914810*x3*x18  - 6.049666*x3*x19  - 3.287592*x3*x20  - 3.967009*x3*x21  - 5.769419*x3*x22  - 6.168218*x3*x23  - 2.833472*x3*x24  - 6.906074*x3*x25  - 2.225508*x3*x26  - 6.647303*x3*x27  - 2.728701*x3*x28  - 5.157370*x3*x29  - 4.843099*x3*x30  - 4.180907*x4*x1  - 2.891228*x4*x2  - 4.318893*x4*x3 + 2.748418*x4*x4  - 3.148237*x4*x5  - 2.556713*x4*x6  - 3.387574*x4*x7  - 5.598983*x4*x8  - 4.981773*x4*x9  - 5.740862*x4*x10  - 1.269952*x4*x11  - 4.117408*x4*x12  - 3.939823*x4*x13  - 2.154613*x4*x14  - 5.689120*x4*x15  - 4.519859*x4*x16  - 3.892208*x4*x17  - 3.411979*x4*x18  - 3.734178*x4*x19  - 5.524497*x4*x20  - 4.082876*x4*x21  - 3.888880*x4*x22  - 3.133477*x4*x23  - 5.539391*x4*x24  - 3.543538*x4*x25  - 2.839540*x4*x26  - 5.014300*x4*x27  - 4.611285*x4*x28  - 8.600027*x4*x29  - 4.103871*x4*x30  - 3.863080*x5*x1  - 5.565557*x5*x2  - 6.483195*x5*x3  - 3.148237*x5*x4 + 2.789788*x5*x5  - 8.678466*x5*x6  - 2.089723*x5*x7  - 3.350638*x5*x8  - 6.323333*x5*x9  - 7.091712*x5*x10  - 5.380509*x5*x11  - 4.968992*x5*x12  - 6.354524*x5*x13  - 5.387173*x5*x14  - 4.365002*x5*x15  - 3.611352*x5*x16  - 3.225410*x5*x17  - 3.114391*x5*x18  - 8.588030*x5*x19  - 7.885879*x5*x20  - 5.541498*x5*x21  - 8.219050*x5*x22  - 4.127824*x5*x23  - 6.500200*x5*x24  - 4.225139*x5*x25  - 3.067816*x5*x26  - 5.371094*x5*x27  - 4.485129*x5*x28  - 9.335602*x5*x29  - 6.578815*x5*x30  - 3.174165*x6*x1  - 5.657290*x6*x2  - 1.914637*x6*x3  - 2.556713*x6*x4  - 8.678466*x6*x5 + 2.708728*x6*x6  - 4.729990*x6*x7  - 7.037801*x6*x8  - 5.719144*x6*x9  - 4.242194*x6*x10  - 5.627476*x6*x11  - 6.528542*x6*x12  - 1.694929*x6*x13  - 2.953384*x6*x14  - 4.765107*x6*x15  - 4.546635*x6*x16  - 2.653066*x6*x17  - 9.076920*x6*x18  - 5.375621*x6*x19  - 9.215849*x6*x20  - 3.088636*x6*x21  - 5.187511*x6*x22  - 6.453837*x6*x23  - 4.093323*x6*x24  - 9.609825*x6*x25  - 7.445153*x6*x26  - 9.075734*x6*x27  - 3.081592*x6*x28  - 5.658579*x6*x29  - 7.806453*x6*x30  - 5.448673*x7*x1  - 6.382526*x7*x2  - 6.277885*x7*x3  - 3.387574*x7*x4  - 2.089723*x7*x5  - 4.729990*x7*x6 + 1.410782*x7*x7  - 7.123246*x7*x8  - 6.008787*x7*x9  - 5.178965*x7*x10  - 4.775106*x7*x11  - 6.079036*x7*x12  - 3.717271*x7*x13  - 4.688435*x7*x14  - 6.392673*x7*x15  - 5.173958*x7*x16  - 0.944848*x7*x17  - 8.854398*x7*x18  - 6.967120*x7*x19  - 5.206212*x7*x20  - 6.273540*x7*x21  - 5.985463*x7*x22  - 4.533438*x7*x23  - 9.312785*x7*x24  - 6.455885*x7*x25  - 4.497198*x7*x26  - 6.318725*x7*x27  - 8.433959*x7*x28  - 7.457071*x7*x29  - 4.034781*x7*x30  - 7.022236*x8*x1  - 4.972567*x8*x2  - 5.652190*x8*x3  - 5.598983*x8*x4  - 3.350638*x8*x5  - 7.037801*x8*x6  - 7.123246*x8*x7 + 1.875744*x8*x8  - 5.075886*x8*x9  - 2.607723*x8*x10  - 6.094492*x8*x11  - 4.121852*x8*x12  - 7.425987*x8*x13  - 3.342606*x8*x14  - 1.265467*x8*x15  - 4.728048*x8*x16  - 7.239345*x8*x17  - 3.735892*x8*x18  - 6.518581*x8*x19  - 8.759470*x8*x20  - 5.191985*x8*x21  - 4.124237*x8*x22  - 1.603479*x8*x23  - 3.368525*x8*x24  - 5.115136*x8*x25  - 3.191580*x8*x26  - 6.492573*x8*x27  - 6.265286*x8*x28  - 6.640862*x8*x29  - 5.277902*x8*x30  - 5.322304*x9*x1  - 6.401690*x9*x2  - 4.323979*x9*x3  - 4.981773*x9*x4  - 6.323333*x9*x5  - 5.719144*x9*x6  - 6.008787*x9*x7  - 5.075886*x9*x8 + 1.936861*x9*x9  - 8.029788*x9*x10  - 3.219845*x9*x11  - 5.068739*x9*x12  - 9.214918*x9*x13  - 7.572908*x9*x14  - 3.929030*x9*x15  - 5.419862*x9*x16  - 5.392963*x9*x17  - 3.155378*x9*x18  - 3.680159*x9*x19  - 6.812374*x9*x20  - 3.743574*x9*x21  - 5.976662*x9*x22  - 0.357462*x9*x23  - 4.787049*x9*x24  - 2.711244*x9*x25  - 0.515477*x9*x26  - 4.714275*x9*x27  - 5.148636*x9*x28  - 7.478499*x9*x29  - 3.084834*x9*x30  - 5.754059*x10*x1  - 4.520283*x10*x2  - 7.246075*x10*x3  - 5.740862*x10*x4  - 7.091712*x10*x5  - 4.242194*x10*x6  - 5.178965*x10*x7  - 2.607723*x10*x8  - 8.029788*x10*x9 + 3.048618*x10*x10  - 4.253858*x10*x11  - 8.310552*x10*x12  - 1.407309*x10*x13  - 5.382709*x10*x14  - 4.698282*x10*x15  - 3.164891*x10*x16  - 5.657501*x10*x17  - 2.457873*x10*x18  - 7.323242*x10*x19  - 3.485781*x10*x20  - 6.114219*x10*x21  - 4.248845*x10*x22  - 9.223286*x10*x23  - 8.449386*x10*x24  - 4.242101*x10*x25  - 1.047693*x10*x26  - 7.565555*x10*x27  - 6.126241*x10*x28  - 4.343207*x10*x29  - 4.836395*x10*x30  - 5.139210*x11*x1  - 6.323180*x11*x2  - 4.170870*x11*x3  - 1.269952*x11*x4  - 5.380509*x11*x5  - 5.627476*x11*x6  - 4.775106*x11*x7  - 6.094492*x11*x8  - 3.219845*x11*x9  - 4.253858*x11*x10 + 1.870915*x11*x11  - 5.523412*x11*x12  - 5.863144*x11*x13  - 4.653043*x11*x14  - 6.925967*x11*x15  - 3.343369*x11*x16  - 0.718746*x11*x17  - 3.968425*x11*x18  - 5.694649*x11*x19  - 5.542737*x11*x20  - 1.895245*x11*x21  - 3.569075*x11*x22  - 5.938420*x11*x23  - 1.429481*x11*x24  - 6.182819*x11*x25  - 3.919299*x11*x26  - 4.314558*x11*x27  - 2.733566*x11*x28  - 5.474267*x11*x29  - 4.437466*x11*x30  - 6.899506*x12*x1  - 7.569524*x12*x2  - 4.946154*x12*x3  - 4.117408*x12*x4  - 4.968992*x12*x5  - 6.528542*x12*x6  - 6.079036*x12*x7  - 4.121852*x12*x8  - 5.068739*x12*x9  - 8.310552*x12*x10  - 5.523412*x12*x11 + 2.686550*x12*x12  - 2.957829*x12*x13  - 5.388139*x12*x14  - 4.510960*x12*x15  - 2.636939*x12*x16  - 2.317391*x12*x17  - 5.200586*x12*x18  - 3.288254*x12*x19  - 2.975862*x12*x20  - 5.944051*x12*x21  - 7.175450*x12*x22  - 6.856897*x12*x23  - 9.442900*x12*x24  - 5.015233*x12*x25  - 5.502166*x12*x26  - 1.730015*x12*x27  - 2.613408*x12*x28  - 8.641751*x12*x29  - 1.598600*x12*x30  - 4.027491*x13*x1  - 6.049977*x13*x2  - 6.309945*x13*x3  - 3.939823*x13*x4  - 6.354524*x13*x5  - 1.694929*x13*x6  - 3.717271*x13*x7  - 7.425987*x13*x8  - 9.214918*x13*x9  - 1.407309*x13*x10  - 5.863144*x13*x11  - 2.957829*x13*x12 + 2.633828*x13*x13  - 4.801249*x13*x14  - 6.474175*x13*x15  - 5.122169*x13*x16  - 6.178494*x13*x17  - 7.334014*x13*x18  - 5.572536*x13*x19  - 3.858420*x13*x20  - 3.709727*x13*x21  - 3.521819*x13*x22  - 8.759909*x13*x23  - 5.199328*x13*x24  - 3.922268*x13*x25  - 5.541569*x13*x26  - 1.911935*x13*x27  - 3.438726*x13*x28  - 4.554261*x13*x29  - 6.425082*x13*x30  - 1.484046*x14*x1  - 6.558336*x14*x2  - 1.729126*x14*x3  - 2.154613*x14*x4  - 5.387173*x14*x5  - 2.953384*x14*x6  - 4.688435*x14*x7  - 3.342606*x14*x8  - 7.572908*x14*x9  - 5.382709*x14*x10  - 4.653043*x14*x11  - 5.388139*x14*x12  - 4.801249*x14*x13 + 1.123243*x14*x14  - 6.170786*x14*x15  - 4.357302*x14*x16  - 7.899496*x14*x17  - 1.618525*x14*x18  - 2.764956*x14*x19  - 2.427002*x14*x20  - 3.970047*x14*x21  - 4.616976*x14*x22  - 6.072418*x14*x23  - 6.970204*x14*x24  - 4.337328*x14*x25  - 4.185915*x14*x26  - 0.218093*x14*x27  - 6.330817*x14*x28  - 4.826891*x14*x29  - 4.432487*x14*x30  - 3.296889*x15*x1  - 4.831369*x15*x2  - 4.553203*x15*x3  - 5.689120*x15*x4  - 4.365002*x15*x5  - 4.765107*x15*x6  - 6.392673*x15*x7  - 1.265467*x15*x8  - 3.929030*x15*x9  - 4.698282*x15*x10  - 6.925967*x15*x11  - 4.510960*x15*x12  - 6.474175*x15*x13  - 6.170786*x15*x14 + 0.874774*x15*x15  - 6.419025*x15*x16  - 6.762609*x15*x17  - 2.518471*x15*x18  - 5.227185*x15*x19  - 8.756456*x15*x20  - 4.183140*x15*x21  - 6.594287*x15*x22  - 2.750136*x15*x23  - 7.462020*x15*x24  - 5.180216*x15*x25  - 3.912199*x15*x26  - 4.531915*x15*x27  - 3.669016*x15*x28  - 5.859544*x15*x29  - 9.205141*x15*x30  - 2.755056*x16*x1  - 1.696582*x16*x2  - 7.814271*x16*x3  - 4.519859*x16*x4  - 3.611352*x16*x5  - 4.546635*x16*x6  - 5.173958*x16*x7  - 4.728048*x16*x8  - 5.419862*x16*x9  - 3.164891*x16*x10  - 3.343369*x16*x11  - 2.636939*x16*x12  - 5.122169*x16*x13  - 4.357302*x16*x14  - 6.419025*x16*x15 + 1.985989*x16*x16  - 4.595173*x16*x17  - 5.373315*x16*x18  - 2.939793*x16*x19  - 6.272885*x16*x20  - 2.829210*x16*x21  - 5.882270*x16*x22  - 1.504586*x16*x23  - 4.717361*x16*x24  - 3.312558*x16*x25  - 4.753876*x16*x26  - 3.853032*x16*x27  - 8.962807*x16*x28  - 7.863612*x16*x29  - 4.896729*x16*x30  - 4.338961*x17*x1  - 7.333446*x17*x2  - 5.276881*x17*x3  - 3.892208*x17*x4  - 3.225410*x17*x5  - 2.653066*x17*x6  - 0.944848*x17*x7  - 7.239345*x17*x8  - 5.392963*x17*x9  - 5.657501*x17*x10  - 0.718746*x17*x11  - 2.317391*x17*x12  - 6.178494*x17*x13  - 7.899496*x17*x14  - 6.762609*x17*x15  - 4.595173*x17*x16 + 0.819201*x17*x17  - 6.643971*x17*x18  - 3.444850*x17*x19  - 4.674289*x17*x20  - 3.964895*x17*x21  - 3.823463*x17*x22  - 5.059869*x17*x23  - 7.127486*x17*x24  - 1.539547*x17*x25  - 4.480210*x17*x26  - 4.461225*x17*x27  - 5.890811*x17*x28  - 7.223654*x17*x29  - 7.970868*x17*x30  - 6.098643*x18*x1  - 7.020946*x18*x2  - 6.914810*x18*x3  - 3.411979*x18*x4  - 3.114391*x18*x5  - 9.076920*x18*x6  - 8.854398*x18*x7  - 3.735892*x18*x8  - 3.155378*x18*x9  - 2.457873*x18*x10  - 3.968425*x18*x11  - 5.200586*x18*x12  - 7.334014*x18*x13  - 1.618525*x18*x14  - 2.518471*x18*x15  - 5.373315*x18*x16  - 6.643971*x18*x17 + 2.752034*x18*x18  - 9.314209*x18*x19  - 5.016464*x18*x20  - 1.551506*x18*x21  - 3.984584*x18*x22  - 8.769985*x18*x23  - 1.894668*x18*x24  - 7.699594*x18*x25  - 4.125769*x18*x26  - 3.293010*x18*x27  - 6.589197*x18*x28  - 4.375484*x18*x29  - 4.485388*x18*x30  - 5.049749*x19*x1  - 7.376444*x19*x2  - 6.049666*x19*x3  - 3.734178*x19*x4  - 8.588030*x19*x5  - 5.375621*x19*x6  - 6.967120*x19*x7  - 6.518581*x19*x8  - 3.680159*x19*x9  - 7.323242*x19*x10  - 5.694649*x19*x11  - 3.288254*x19*x12  - 5.572536*x19*x13  - 2.764956*x19*x14  - 5.227185*x19*x15  - 2.939793*x19*x16  - 3.444850*x19*x17  - 9.314209*x19*x18 + 1.432590*x19*x19  - 7.738784*x19*x20  - 6.405952*x19*x21  - 3.128791*x19*x22  - 5.578481*x19*x23  - 3.882836*x19*x24  - 7.093739*x19*x25  - 7.966821*x19*x26  - 5.439395*x19*x27  - 5.327904*x19*x28  - 7.137067*x19*x29  - 2.860915*x19*x30  - 7.269023*x20*x1  - 4.004977*x20*x2  - 3.287592*x20*x3  - 5.524497*x20*x4  - 7.885879*x20*x5  - 9.215849*x20*x6  - 5.206212*x20*x7  - 8.759470*x20*x8  - 6.812374*x20*x9  - 3.485781*x20*x10  - 5.542737*x20*x11  - 2.975862*x20*x12  - 3.858420*x20*x13  - 2.427002*x20*x14  - 8.756456*x20*x15  - 6.272885*x20*x16  - 4.674289*x20*x17  - 5.016464*x20*x18  - 7.738784*x20*x19 + 3.598364*x20*x20  - 4.200426*x20*x21  - 3.638769*x20*x22  - 6.612478*x20*x23  - 4.924879*x20*x24  - 3.278387*x20*x25  - 5.395399*x20*x26  - 1.037966*x20*x27  - 6.011719*x20*x28  - 0.513786*x20*x29  - 5.331232*x20*x30  - 7.087289*x21*x1  - 5.383110*x21*x2  - 3.967009*x21*x3  - 4.082876*x21*x4  - 5.541498*x21*x5  - 3.088636*x21*x6  - 6.273540*x21*x7  - 5.191985*x21*x8  - 3.743574*x21*x9  - 6.114219*x21*x10  - 1.895245*x21*x11  - 5.944051*x21*x12  - 3.709727*x21*x13  - 3.970047*x21*x14  - 4.183140*x21*x15  - 2.829210*x21*x16  - 3.964895*x21*x17  - 1.551506*x21*x18  - 6.405952*x21*x19  - 4.200426*x21*x20 + 3.577402*x21*x21  - 2.293255*x21*x22  - 1.794388*x21*x23  - 5.805959*x21*x24  - 8.057089*x21*x25  - 3.017804*x21*x26  - 3.536603*x21*x27  - 2.303244*x21*x28  - 5.406991*x21*x29  - 2.614456*x21*x30  - 7.117480*x22*x1  - 2.861636*x22*x2  - 5.769419*x22*x3  - 3.888880*x22*x4  - 8.219050*x22*x5  - 5.187511*x22*x6  - 5.985463*x22*x7  - 4.124237*x22*x8  - 5.976662*x22*x9  - 4.248845*x22*x10  - 3.569075*x22*x11  - 7.175450*x22*x12  - 3.521819*x22*x13  - 4.616976*x22*x14  - 6.594287*x22*x15  - 5.882270*x22*x16  - 3.823463*x22*x17  - 3.984584*x22*x18  - 3.128791*x22*x19  - 3.638769*x22*x20  - 2.293255*x22*x21 + 2.689655*x22*x22  - 1.509299*x22*x23  - 3.800718*x22*x24  - 5.434661*x22*x25  - 3.521302*x22*x26  - 3.069087*x22*x27  - 5.031591*x22*x28  - 3.132767*x22*x29  - 5.219718*x22*x30  - 7.553386*x23*x1  - 6.106757*x23*x2  - 6.168218*x23*x3  - 3.133477*x23*x4  - 4.127824*x23*x5  - 6.453837*x23*x6  - 4.533438*x23*x7  - 1.603479*x23*x8  - 0.357462*x23*x9  - 9.223286*x23*x10  - 5.938420*x23*x11  - 6.856897*x23*x12  - 8.759909*x23*x13  - 6.072418*x23*x14  - 2.750136*x23*x15  - 1.504586*x23*x16  - 5.059869*x23*x17  - 8.769985*x23*x18  - 5.578481*x23*x19  - 6.612478*x23*x20  - 1.794388*x23*x21  - 1.509299*x23*x22 + 1.721603*x23*x23  - 6.424933*x23*x24  - 6.198823*x23*x25  - 4.654255*x23*x26  - 3.150356*x23*x27  - 3.465469*x23*x28  - 7.341619*x23*x29  - 1.630621*x23*x30  - 9.662024*x24*x1  - 2.544122*x24*x2  - 2.833472*x24*x3  - 5.539391*x24*x4  - 6.500200*x24*x5  - 4.093323*x24*x6  - 9.312785*x24*x7  - 3.368525*x24*x8  - 4.787049*x24*x9  - 8.449386*x24*x10  - 1.429481*x24*x11  - 9.442900*x24*x12  - 5.199328*x24*x13  - 6.970204*x24*x14  - 7.462020*x24*x15  - 4.717361*x24*x16  - 7.127486*x24*x17  - 1.894668*x24*x18  - 3.882836*x24*x19  - 4.924879*x24*x20  - 5.805959*x24*x21  - 3.800718*x24*x22  - 6.424933*x24*x23 + 2.114047*x24*x24  - 5.288233*x24*x25  - 2.429771*x24*x26  - 7.745076*x24*x27  - 4.737220*x24*x28  - 3.163621*x24*x29  - 3.725213*x24*x30  - 8.492409*x25*x1  - 4.140193*x25*x2  - 6.906074*x25*x3  - 3.543538*x25*x4  - 4.225139*x25*x5  - 9.609825*x25*x6  - 6.455885*x25*x7  - 5.115136*x25*x8  - 2.711244*x25*x9  - 4.242101*x25*x10  - 6.182819*x25*x11  - 5.015233*x25*x12  - 3.922268*x25*x13  - 4.337328*x25*x14  - 5.180216*x25*x15  - 3.312558*x25*x16  - 1.539547*x25*x17  - 7.699594*x25*x18  - 7.093739*x25*x19  - 3.278387*x25*x20  - 8.057089*x25*x21  - 5.434661*x25*x22  - 6.198823*x25*x23  - 5.288233*x25*x24 + 3.550573*x25*x25  - 5.334588*x25*x26  - 6.090723*x25*x27  - 6.215881*x25*x28  - 5.433190*x25*x29  - 5.533512*x25*x30  - 5.369505*x26*x1  - 3.451908*x26*x2  - 2.225508*x26*x3  - 2.839540*x26*x4  - 3.067816*x26*x5  - 7.445153*x26*x6  - 4.497198*x26*x7  - 3.191580*x26*x8  - 0.515477*x26*x9  - 1.047693*x26*x10  - 3.919299*x26*x11  - 5.502166*x26*x12  - 5.541569*x26*x13  - 4.185915*x26*x14  - 3.912199*x26*x15  - 4.753876*x26*x16  - 4.480210*x26*x17  - 4.125769*x26*x18  - 7.966821*x26*x19  - 5.395399*x26*x20  - 3.017804*x26*x21  - 3.521302*x26*x22  - 4.654255*x26*x23  - 2.429771*x26*x24  - 5.334588*x26*x25 + 3.281421*x26*x26  - 3.730033*x26*x27  - 4.530928*x26*x28  - 7.709943*x26*x29  - 1.231607*x26*x30  - 3.282243*x27*x1  - 8.930198*x27*x2  - 6.647303*x27*x3  - 5.014300*x27*x4  - 5.371094*x27*x5  - 9.075734*x27*x6  - 6.318725*x27*x7  - 6.492573*x27*x8  - 4.714275*x27*x9  - 7.565555*x27*x10  - 4.314558*x27*x11  - 1.730015*x27*x12  - 1.911935*x27*x13  - 0.218093*x27*x14  - 4.531915*x27*x15  - 3.853032*x27*x16  - 4.461225*x27*x17  - 3.293010*x27*x18  - 5.439395*x27*x19  - 1.037966*x27*x20  - 3.536603*x27*x21  - 3.069087*x27*x22  - 3.150356*x27*x23  - 7.745076*x27*x24  - 6.090723*x27*x25  - 3.730033*x27*x26 + 1.501369*x27*x27  - 5.463767*x27*x28  - 5.986970*x27*x29  - 6.910554*x27*x30  - 6.651431*x28*x1  - 2.373820*x28*x2  - 2.728701*x28*x3  - 4.611285*x28*x4  - 4.485129*x28*x5  - 3.081592*x28*x6  - 8.433959*x28*x7  - 6.265286*x28*x8  - 5.148636*x28*x9  - 6.126241*x28*x10  - 2.733566*x28*x11  - 2.613408*x28*x12  - 3.438726*x28*x13  - 6.330817*x28*x14  - 3.669016*x28*x15  - 8.962807*x28*x16  - 5.890811*x28*x17  - 6.589197*x28*x18  - 5.327904*x28*x19  - 6.011719*x28*x20  - 2.303244*x28*x21  - 5.031591*x28*x22  - 3.465469*x28*x23  - 4.737220*x28*x24  - 6.215881*x28*x25  - 4.530928*x28*x26  - 5.463767*x28*x27 + 2.615251*x28*x28  - 6.091353*x28*x29  - 6.522056*x28*x30  - 5.411301*x29*x1  - 5.483658*x29*x2  - 5.157370*x29*x3  - 8.600027*x29*x4  - 9.335602*x29*x5  - 5.658579*x29*x6  - 7.457071*x29*x7  - 6.640862*x29*x8  - 7.478499*x29*x9  - 4.343207*x29*x10  - 5.474267*x29*x11  - 8.641751*x29*x12  - 4.554261*x29*x13  - 4.826891*x29*x14  - 5.859544*x29*x15  - 7.863612*x29*x16  - 7.223654*x29*x17  - 4.375484*x29*x18  - 7.137067*x29*x19  - 0.513786*x29*x20  - 5.406991*x29*x21  - 3.132767*x29*x22  - 7.341619*x29*x23  - 3.163621*x29*x24  - 5.433190*x29*x25  - 7.709943*x29*x26  - 5.986970*x29*x27  - 6.091353*x29*x28 + 3.072238*x29*x29  - 3.201087*x29*x30  - 4.341539*x30*x1  - 4.926866*x30*x2  - 4.843099*x30*x3  - 4.103871*x30*x4  - 6.578815*x30*x5  - 7.806453*x30*x6  - 4.034781*x30*x7  - 5.277902*x30*x8  - 3.084834*x30*x9  - 4.836395*x30*x10  - 4.437466*x30*x11  - 1.598600*x30*x12  - 6.425082*x30*x13  - 4.432487*x30*x14  - 9.205141*x30*x15  - 4.896729*x30*x16  - 7.970868*x30*x17  - 4.485388*x30*x18  - 2.860915*x30*x19  - 5.331232*x30*x20  - 2.614456*x30*x21  - 5.219718*x30*x22  - 1.630621*x30*x23  - 3.725213*x30*x24  - 5.533512*x30*x25  - 1.231607*x30*x26  - 6.910554*x30*x27  - 6.522056*x30*x28  - 3.201087*x30*x29 + 2.338971*x30*x30 ;
