OPTIONS {
 MaxTime: 10000;
 EpsR: 0.000001;
 }
 
VARIABLES	x1,x2,x3,x4,x5,x6,x7,x8,x9,x10,x11,x12,x13,x14,x15,x16,x17,x18,x19,x20,x21,x22,x23,x24,x25,x26,x27,x28,x29,x30;
LOWER_BOUNDS {
x1: 0.000000;
x2: 0.000000;
x3: 0.000000;
x4: 0.000000;
x5: 0.000000;
x6: 0.000000;
x7: 0.000000;
x8: 0.000000;
x9: 0.000000;
x10: 0.000000;
x11: 0.000000;
x12: 0.000000;
x13: 0.000000;
x14: 0.000000;
x15: 0.000000;
x16: 0.000000;
x17: 0.000000;
x18: 0.000000;
x19: 0.000000;
x20: 0.000000;
x21: 0.000000;
x22: 0.000000;
x23: 0.000000;
x24: 0.000000;
x25: 0.000000;
x26: 0.000000;
x27: 0.000000;
x28: 0.000000;
x29: 0.000000;
x30: 0.000000;
}

UPPER_BOUNDS {
x1: 1.000000;
x2: 1.000000;
x3: 1.000000;
x4: 1.000000;
x5: 1.000000;
x6: 1.000000;
x7: 1.000000;
x8: 1.000000;
x9: 1.000000;
x10: 1.000000;
x11: 1.000000;
x12: 1.000000;
x13: 1.000000;
x14: 1.000000;
x15: 1.000000;
x16: 1.000000;
x17: 1.000000;
x18: 1.000000;
x19: 1.000000;
x20: 1.000000;
x21: 1.000000;
x22: 1.000000;
x23: 1.000000;
x24: 1.000000;
x25: 1.000000;
x26: 1.000000;
x27: 1.000000;
x28: 1.000000;
x29: 1.000000;
x30: 1.000000;
}

EQUATIONS e1;

e1:  1.000000*x1  + 1.000000*x2  + 1.000000*x3  + 1.000000*x4  + 1.000000*x5  + 1.000000*x6  + 1.000000*x7  + 1.000000*x8  + 1.000000*x9  + 1.000000*x10  + 1.000000*x11  + 1.000000*x12  + 1.000000*x13  + 1.000000*x14  + 1.000000*x15  + 1.000000*x16  + 1.000000*x17  + 1.000000*x18  + 1.000000*x19  + 1.000000*x20  + 1.000000*x21  + 1.000000*x22  + 1.000000*x23  + 1.000000*x24  + 1.000000*x25  + 1.000000*x26  + 1.000000*x27  + 1.000000*x28  + 1.000000*x29  + 1.000000*x30  == 1.000000;

OBJ: minimize	 - 3.637212*x1*x1  - 1.080563*x1*x2 + 7.625028*x1*x3  - 1.241988*x1*x4  - 2.982907*x1*x5  - 1.267013*x1*x6  - 1.781086*x1*x7 + 0.911010*x1*x8  - 6.267157*x1*x9  - 5.111678*x1*x10  - 5.276494*x1*x11 + 3.696401*x1*x12  - 0.154845*x1*x13 + 1.555401*x1*x14 + 3.992315*x1*x15  - 0.466729*x1*x16 + 4.680182*x1*x17 + 4.263938*x1*x18  - 1.119925*x1*x19  - 5.018083*x1*x20  - 4.684077*x1*x21  - 8.338308*x1*x22  - 1.759461*x1*x23  - 1.426056*x1*x24  - 9.015290*x1*x25  - 7.975231*x1*x26  - 2.085129*x1*x27  - 2.903353*x1*x28 + 2.193691*x1*x29  - 2.600607*x1*x30  - 1.080563*x2*x1 + 1.534093*x2*x2  - 4.107709*x2*x3  - 2.691852*x2*x4  - 3.038822*x2*x5  - 6.570340*x2*x6 + 0.655664*x2*x7  - 1.528298*x2*x8 + 1.246804*x2*x9  - 2.329585*x2*x10  - 0.797079*x2*x11  - 5.115788*x2*x12 + 5.768377*x2*x13  - 1.640338*x2*x14  - 3.307235*x2*x15  - 1.922773*x2*x16 + 5.387294*x2*x17 + 1.048827*x2*x18  - 6.836521*x2*x19  - 2.683457*x2*x20 + 1.974985*x2*x21  - 5.539391*x2*x22 + 1.342739*x2*x23  - 4.268960*x2*x24 + 5.857712*x2*x25 + 1.281892*x2*x26 + 1.476770*x2*x27  - 0.223818*x2*x28  - 3.056091*x2*x29  - 0.516772*x2*x30 + 7.625028*x3*x1  - 4.107709*x3*x2 + 0.008063*x3*x3  - 5.192201*x3*x4 + 1.813581*x3*x5  - 3.397794*x3*x6 + 6.500337*x3*x7 + 4.620739*x3*x8  - 0.244158*x3*x9  - 5.608577*x3*x10 + 3.149936*x3*x11  - 8.467141*x3*x12  - 6.515651*x3*x13  - 7.343836*x3*x14  - 5.121061*x3*x15  - 4.155114*x3*x16 + 6.160282*x3*x17  - 6.018579*x3*x18 + 5.559585*x3*x19  - 5.518588*x3*x20  - 0.266987*x3*x21 + 4.724475*x3*x22  - 5.079389*x3*x23 + 2.163940*x3*x24  - 0.565822*x3*x25  - 0.129787*x3*x26  - 3.352677*x3*x27  - 3.949495*x3*x28  - 8.271974*x3*x29  - 6.343915*x3*x30  - 1.241988*x4*x1  - 2.691852*x4*x2  - 5.192201*x4*x3 + 2.690904*x4*x4 + 5.258112*x4*x5 + 2.055652*x4*x6 + 2.287163*x4*x7  - 2.137590*x4*x8  - 5.311633*x4*x9  - 1.372979*x4*x10  - 2.686764*x4*x11  - 5.251302*x4*x12  - 7.241582*x4*x13  - 5.260292*x4*x14  - 1.911046*x4*x15  - 1.891076*x4*x16  - 3.033945*x4*x17  - 7.998547*x4*x18  - 1.639929*x4*x19  - 6.585937*x4*x20 + 1.615211*x4*x21 + 0.156244*x4*x22  - 0.305009*x4*x23  - 4.638600*x4*x24  - 1.616710*x4*x25  - 4.348932*x4*x26  - 6.920360*x4*x27  - 0.058381*x4*x28  - 2.756538*x4*x29  - 7.958970*x4*x30  - 2.982907*x5*x1  - 3.038822*x5*x2 + 1.813581*x5*x3 + 5.258112*x5*x4 + 0.460837*x5*x5  - 6.661885*x5*x6  - 5.769491*x5*x7  - 4.711187*x5*x8  - 0.647776*x5*x9  - 4.069839*x5*x10 + 2.249363*x5*x11  - 0.319219*x5*x12 + 3.670554*x5*x13 + 1.790250*x5*x14  - 0.615102*x5*x15  - 1.021288*x5*x16  - 3.777003*x5*x17  - 5.148802*x5*x18  - 7.740978*x5*x19  - 3.250719*x5*x20 + 2.627011*x5*x21  - 2.413085*x5*x22  - 2.334675*x5*x23  - 8.582646*x5*x24  - 9.110334*x5*x25 + 3.837967*x5*x26  - 7.595594*x5*x27  - 4.069371*x5*x28 + 6.552457*x5*x29 + 4.368498*x5*x30  - 1.267013*x6*x1  - 6.570340*x6*x2  - 3.397794*x6*x3 + 2.055652*x6*x4  - 6.661885*x6*x5 + 0.104135*x6*x6  - 3.974290*x6*x7  - 1.745810*x6*x8  - 4.698747*x6*x9  - 0.739745*x6*x10 + 3.062365*x6*x11  - 0.010891*x6*x12 + 0.693760*x6*x13 + 7.801922*x6*x14 + 1.086132*x6*x15  - 6.520817*x6*x16  - 3.504232*x6*x17  - 6.233736*x6*x18 + 0.475034*x6*x19  - 3.731761*x6*x20 + 5.706121*x6*x21  - 2.501654*x6*x22  - 7.319293*x6*x23  - 5.450580*x6*x24  - 1.737512*x6*x25  - 5.515943*x6*x26  - 0.656644*x6*x27  - 4.126540*x6*x28  - 2.082597*x6*x29  - 1.396006*x6*x30  - 1.781086*x7*x1 + 0.655664*x7*x2 + 6.500337*x7*x3 + 2.287163*x7*x4  - 5.769491*x7*x5  - 3.974290*x7*x6  - 0.789058*x7*x7  - 0.223990*x7*x8  - 2.987466*x7*x9 + 1.613986*x7*x10  - 9.114169*x7*x11  - 2.975281*x7*x12  - 3.368216*x7*x13  - 4.966776*x7*x14  - 2.649600*x7*x15  - 0.932681*x7*x16 + 0.319359*x7*x17  - 4.540504*x7*x18 + 3.885280*x7*x19 + 2.870244*x7*x20  - 4.286578*x7*x21  - 0.200361*x7*x22  - 3.410666*x7*x23 + 0.051210*x7*x24  - 2.470135*x7*x25  - 4.431028*x7*x26  - 1.423117*x7*x27  - 5.885456*x7*x28  - 4.338685*x7*x29 + 4.480625*x7*x30 + 0.911010*x8*x1  - 1.528298*x8*x2 + 4.620739*x8*x3  - 2.137590*x8*x4  - 4.711187*x8*x5  - 1.745810*x8*x6  - 0.223990*x8*x7  - 0.117627*x8*x8  - 5.742767*x8*x9  - 3.073098*x8*x10  - 2.986987*x8*x11 + 2.032817*x8*x12 + 3.420020*x8*x13 + 6.885427*x8*x14  - 2.783581*x8*x15  - 4.974266*x8*x16  - 5.020785*x8*x17  - 3.420928*x8*x18 + 2.556436*x8*x19  - 2.956017*x8*x20  - 5.918446*x8*x21  - 2.193149*x8*x22 + 6.457353*x8*x23 + 0.150215*x8*x24  - 1.770467*x8*x25  - 5.456135*x8*x26  - 5.738988*x8*x27  - 1.345031*x8*x28  - 2.944410*x8*x29  - 1.343693*x8*x30  - 6.267157*x9*x1 + 1.246804*x9*x2  - 0.244158*x9*x3  - 5.311633*x9*x4  - 0.647776*x9*x5  - 4.698747*x9*x6  - 2.987466*x9*x7  - 5.742767*x9*x8  - 1.370238*x9*x9  - 7.869124*x9*x10  - 2.525925*x9*x11  - 2.665862*x9*x12  - 8.049068*x9*x13  - 6.466638*x9*x14  - 2.347477*x9*x15 + 0.751476*x9*x16  - 1.831709*x9*x17 + 1.184180*x9*x18  - 8.238223*x9*x19  - 1.775654*x9*x20  - 2.861585*x9*x21  - 0.160801*x9*x22  - 2.763529*x9*x23  - 4.371357*x9*x24 + 4.229304*x9*x25  - 0.556404*x9*x26  - 5.549100*x9*x27 + 1.502195*x9*x28  - 1.740774*x9*x29 + 4.590022*x9*x30  - 5.111678*x10*x1  - 2.329585*x10*x2  - 5.608577*x10*x3  - 1.372979*x10*x4  - 4.069839*x10*x5  - 0.739745*x10*x6 + 1.613986*x10*x7  - 3.073098*x10*x8  - 7.869124*x10*x9 + 1.429383*x10*x10  - 6.846357*x10*x11  - 3.532773*x10*x12  - 4.682901*x10*x13  - 7.158949*x10*x14  - 2.586248*x10*x15 + 5.048645*x10*x16  - 5.756140*x10*x17 + 1.234096*x10*x18 + 3.929453*x10*x19  - 1.215289*x10*x20 + 4.921339*x10*x21  - 2.341884*x10*x22  - 0.238983*x10*x23 + 1.429860*x10*x24  - 6.390001*x10*x25  - 3.091550*x10*x26 + 8.919297*x10*x27  - 5.684739*x10*x28  - 4.723424*x10*x29  - 5.175549*x10*x30  - 5.276494*x11*x1  - 0.797079*x11*x2 + 3.149936*x11*x3  - 2.686764*x11*x4 + 2.249363*x11*x5 + 3.062365*x11*x6  - 9.114169*x11*x7  - 2.986987*x11*x8  - 2.525925*x11*x9  - 6.846357*x11*x10  - 0.985790*x11*x11 + 5.467161*x11*x12  - 6.036880*x11*x13 + 2.779995*x11*x14  - 4.168669*x11*x15 + 6.266564*x11*x16  - 0.386686*x11*x17  - 8.103513*x11*x18  - 2.236842*x11*x19  - 1.371807*x11*x20  - 2.280363*x11*x21 + 1.934046*x11*x22 + 4.374073*x11*x23  - 0.292888*x11*x24 + 3.197098*x11*x25 + 6.761526*x11*x26  - 8.406876*x11*x27 + 1.982665*x11*x28 + 0.101656*x11*x29  - 8.753703*x11*x30 + 3.696401*x12*x1  - 5.115788*x12*x2  - 8.467141*x12*x3  - 5.251302*x12*x4  - 0.319219*x12*x5  - 0.010891*x12*x6  - 2.975281*x12*x7 + 2.032817*x12*x8  - 2.665862*x12*x9  - 3.532773*x12*x10 + 5.467161*x12*x11 + 4.126251*x12*x12 + 2.286020*x12*x13 + 0.329899*x12*x14 + 9.143560*x12*x15 + 0.918129*x12*x16 + 0.147779*x12*x17  - 4.269544*x12*x18  - 2.747398*x12*x19  - 2.994244*x12*x20 + 4.176173*x12*x21  - 6.322904*x12*x22 + 4.735855*x12*x23 + 0.792874*x12*x24  - 6.030068*x12*x25  - 6.784893*x12*x26  - 2.244718*x12*x27  - 0.099451*x12*x28  - 2.852022*x12*x29  - 7.591311*x12*x30  - 0.154845*x13*x1 + 5.768377*x13*x2  - 6.515651*x13*x3  - 7.241582*x13*x4 + 3.670554*x13*x5 + 0.693760*x13*x6  - 3.368216*x13*x7 + 3.420020*x13*x8  - 8.049068*x13*x9  - 4.682901*x13*x10  - 6.036880*x13*x11 + 2.286020*x13*x12  - 3.361156*x13*x13 + 1.555775*x13*x14  - 0.038959*x13*x15  - 5.197301*x13*x16  - 7.002792*x13*x17  - 3.836115*x13*x18  - 4.656964*x13*x19  - 1.517939*x13*x20 + 2.079019*x13*x21  - 2.330835*x13*x22  - 3.171755*x13*x23 + 3.159118*x13*x24  - 1.451139*x13*x25  - 8.769538*x13*x26  - 1.908363*x13*x27  - 2.534477*x13*x28 + 0.348099*x13*x29  - 5.606573*x13*x30 + 1.555401*x14*x1  - 1.640338*x14*x2  - 7.343836*x14*x3  - 5.260292*x14*x4 + 1.790250*x14*x5 + 7.801922*x14*x6  - 4.966776*x14*x7 + 6.885427*x14*x8  - 6.466638*x14*x9  - 7.158949*x14*x10 + 2.779995*x14*x11 + 0.329899*x14*x12 + 1.555775*x14*x13 + 2.754198*x14*x14 + 8.302596*x14*x15  - 2.444671*x14*x16  - 3.300238*x14*x17  - 4.761932*x14*x18 + 5.294665*x14*x19  - 1.875788*x14*x20 + 3.476806*x14*x21 + 6.271859*x14*x22 + 1.025739*x14*x23 + 3.957474*x14*x24  - 9.709715*x14*x25  - 0.831218*x14*x26  - 7.639408*x14*x27 + 4.425147*x14*x28  - 3.767985*x14*x29  - 2.403525*x14*x30 + 3.992315*x15*x1  - 3.307235*x15*x2  - 5.121061*x15*x3  - 1.911046*x15*x4  - 0.615102*x15*x5 + 1.086132*x15*x6  - 2.649600*x15*x7  - 2.783581*x15*x8  - 2.347477*x15*x9  - 2.586248*x15*x10  - 4.168669*x15*x11 + 9.143560*x15*x12  - 0.038959*x15*x13 + 8.302596*x15*x14 + 0.678370*x15*x15  - 4.260508*x15*x16  - 2.914412*x15*x17  - 5.987878*x15*x18  - 0.510476*x15*x19 + 9.835259*x15*x20 + 0.593722*x15*x21 + 1.363976*x15*x22  - 2.291446*x15*x23 + 4.385799*x15*x24  - 1.956580*x15*x25  - 0.528932*x15*x26  - 0.895375*x15*x27 + 4.927600*x15*x28  - 1.828598*x15*x29 + 7.932279*x15*x30  - 0.466729*x16*x1  - 1.922773*x16*x2  - 4.155114*x16*x3  - 1.891076*x16*x4  - 1.021288*x16*x5  - 6.520817*x16*x6  - 0.932681*x16*x7  - 4.974266*x16*x8 + 0.751476*x16*x9 + 5.048645*x16*x10 + 6.266564*x16*x11 + 0.918129*x16*x12  - 5.197301*x16*x13  - 2.444671*x16*x14  - 4.260508*x16*x15  - 0.121076*x16*x16  - 0.883352*x16*x17  - 3.300900*x16*x18 + 2.123660*x16*x19  - 1.814889*x16*x20  - 5.314127*x16*x21 + 0.244107*x16*x22  - 8.938885*x16*x23 + 1.292674*x16*x24  - 0.915635*x16*x25  - 2.340241*x16*x26  - 6.231270*x16*x27 + 0.736149*x16*x28 + 4.473653*x16*x29 + 5.014062*x16*x30 + 4.680182*x17*x1 + 5.387294*x17*x2 + 6.160282*x17*x3  - 3.033945*x17*x4  - 3.777003*x17*x5  - 3.504232*x17*x6 + 0.319359*x17*x7  - 5.020785*x17*x8  - 1.831709*x17*x9  - 5.756140*x17*x10  - 0.386686*x17*x11 + 0.147779*x17*x12  - 7.002792*x17*x13  - 3.300238*x17*x14  - 2.914412*x17*x15  - 0.883352*x17*x16  - 2.559409*x17*x17  - 2.678376*x17*x18 + 3.621205*x17*x19 + 7.228033*x17*x20 + 2.876353*x17*x21  - 2.040372*x17*x22  - 6.537425*x17*x23  - 7.197921*x17*x24 + 1.937288*x17*x25 + 4.671824*x17*x26  - 3.695451*x17*x27  - 2.602871*x17*x28 + 0.278239*x17*x29  - 0.339409*x17*x30 + 4.263938*x18*x1 + 1.048827*x18*x2  - 6.018579*x18*x3  - 7.998547*x18*x4  - 5.148802*x18*x5  - 6.233736*x18*x6  - 4.540504*x18*x7  - 3.420928*x18*x8 + 1.184180*x18*x9 + 1.234096*x18*x10  - 8.103513*x18*x11  - 4.269544*x18*x12  - 3.836115*x18*x13  - 4.761932*x18*x14  - 5.987878*x18*x15  - 3.300900*x18*x16  - 2.678376*x18*x17  - 1.341347*x18*x18  - 5.074019*x18*x19  - 6.498740*x18*x20 + 1.641950*x18*x21 + 1.638672*x18*x22 + 0.901935*x18*x23  - 5.096632*x18*x24  - 4.272546*x18*x25  - 4.507521*x18*x26 + 4.391965*x18*x27 + 4.186412*x18*x28  - 3.111858*x18*x29  - 5.910824*x18*x30  - 1.119925*x19*x1  - 6.836521*x19*x2 + 5.559585*x19*x3  - 1.639929*x19*x4  - 7.740978*x19*x5 + 0.475034*x19*x6 + 3.885280*x19*x7 + 2.556436*x19*x8  - 8.238223*x19*x9 + 3.929453*x19*x10  - 2.236842*x19*x11  - 2.747398*x19*x12  - 4.656964*x19*x13 + 5.294665*x19*x14  - 0.510476*x19*x15 + 2.123660*x19*x16 + 3.621205*x19*x17  - 5.074019*x19*x18 + 0.748874*x19*x19  - 3.447380*x19*x20  - 1.064872*x19*x21  - 0.665848*x19*x22 + 3.089645*x19*x23 + 3.546706*x19*x24 + 1.373278*x19*x25 + 2.907387*x19*x26  - 2.746500*x19*x27 + 6.358364*x19*x28  - 1.349907*x19*x29 + 2.117712*x19*x30  - 5.018083*x20*x1  - 2.683457*x20*x2  - 5.518588*x20*x3  - 6.585937*x20*x4  - 3.250719*x20*x5  - 3.731761*x20*x6 + 2.870244*x20*x7  - 2.956017*x20*x8  - 1.775654*x20*x9  - 1.215289*x20*x10  - 1.371807*x20*x11  - 2.994244*x20*x12  - 1.517939*x20*x13  - 1.875788*x20*x14 + 9.835259*x20*x15  - 1.814889*x20*x16 + 7.228033*x20*x17  - 6.498740*x20*x18  - 3.447380*x20*x19  - 2.255271*x20*x20 + 4.622233*x20*x21  - 1.021542*x20*x22  - 5.401352*x20*x23  - 2.327951*x20*x24  - 7.220513*x20*x25 + 2.199968*x20*x26 + 1.850130*x20*x27  - 3.248026*x20*x28 + 5.926724*x20*x29  - 5.097861*x20*x30  - 4.684077*x21*x1 + 1.974985*x21*x2  - 0.266987*x21*x3 + 1.615211*x21*x4 + 2.627011*x21*x5 + 5.706121*x21*x6  - 4.286578*x21*x7  - 5.918446*x21*x8  - 2.861585*x21*x9 + 4.921339*x21*x10  - 2.280363*x21*x11 + 4.176173*x21*x12 + 2.079019*x21*x13 + 3.476806*x21*x14 + 0.593722*x21*x15  - 5.314127*x21*x16 + 2.876353*x21*x17 + 1.641950*x21*x18  - 1.064872*x21*x19 + 4.622233*x21*x20 + 2.770639*x21*x21  - 4.107435*x21*x22 + 1.029128*x21*x23 + 7.952337*x21*x24  - 2.128310*x21*x25 + 2.385203*x21*x26  - 0.784401*x21*x27  - 4.996968*x21*x28 + 7.531596*x21*x29  - 4.628896*x21*x30  - 8.338308*x22*x1  - 5.539391*x22*x2 + 4.724475*x22*x3 + 0.156244*x22*x4  - 2.413085*x22*x5  - 2.501654*x22*x6  - 0.200361*x22*x7  - 2.193149*x22*x8  - 0.160801*x22*x9  - 2.341884*x22*x10 + 1.934046*x22*x11  - 6.322904*x22*x12  - 2.330835*x22*x13 + 6.271859*x22*x14 + 1.363976*x22*x15 + 0.244107*x22*x16  - 2.040372*x22*x17 + 1.638672*x22*x18  - 0.665848*x22*x19  - 1.021542*x22*x20  - 4.107435*x22*x21  - 0.124869*x22*x22 + 4.650524*x22*x23  - 7.053292*x22*x24  - 5.919923*x22*x25  - 4.810114*x22*x26  - 1.018010*x22*x27  - 2.660995*x22*x28 + 3.866996*x22*x29 + 1.094267*x22*x30  - 1.759461*x23*x1 + 1.342739*x23*x2  - 5.079389*x23*x3  - 0.305009*x23*x4  - 2.334675*x23*x5  - 7.319293*x23*x6  - 3.410666*x23*x7 + 6.457353*x23*x8  - 2.763529*x23*x9  - 0.238983*x23*x10 + 4.374073*x23*x11 + 4.735855*x23*x12  - 3.171755*x23*x13 + 1.025739*x23*x14  - 2.291446*x23*x15  - 8.938885*x23*x16  - 6.537425*x23*x17 + 0.901935*x23*x18 + 3.089645*x23*x19  - 5.401352*x23*x20 + 1.029128*x23*x21 + 4.650524*x23*x22  - 2.044947*x23*x23  - 5.390306*x23*x24 + 8.701229*x23*x25 + 2.906024*x23*x26 + 1.091679*x23*x27 + 0.435488*x23*x28 + 6.532192*x23*x29  - 2.566343*x23*x30  - 1.426056*x24*x1  - 4.268960*x24*x2 + 2.163940*x24*x3  - 4.638600*x24*x4  - 8.582646*x24*x5  - 5.450580*x24*x6 + 0.051210*x24*x7 + 0.150215*x24*x8  - 4.371357*x24*x9 + 1.429860*x24*x10  - 0.292888*x24*x11 + 0.792874*x24*x12 + 3.159118*x24*x13 + 3.957474*x24*x14 + 4.385799*x24*x15 + 1.292674*x24*x16  - 7.197921*x24*x17  - 5.096632*x24*x18 + 3.546706*x24*x19  - 2.327951*x24*x20 + 7.952337*x24*x21  - 7.053292*x24*x22  - 5.390306*x24*x23  - 2.572531*x24*x24  - 0.183856*x24*x25  - 8.912664*x24*x26  - 4.057129*x24*x27 + 0.233150*x24*x28  - 6.705618*x24*x29 + 6.504834*x24*x30  - 9.015290*x25*x1 + 5.857712*x25*x2  - 0.565822*x25*x3  - 1.616710*x25*x4  - 9.110334*x25*x5  - 1.737512*x25*x6  - 2.470135*x25*x7  - 1.770467*x25*x8 + 4.229304*x25*x9  - 6.390001*x25*x10 + 3.197098*x25*x11  - 6.030068*x25*x12  - 1.451139*x25*x13  - 9.709715*x25*x14  - 1.956580*x25*x15  - 0.915635*x25*x16 + 1.937288*x25*x17  - 4.272546*x25*x18 + 1.373278*x25*x19  - 7.220513*x25*x20  - 2.128310*x25*x21  - 5.919923*x25*x22 + 8.701229*x25*x23  - 0.183856*x25*x24  - 2.721912*x25*x25  - 0.601819*x25*x26 + 0.676156*x25*x27  - 4.562787*x25*x28  - 0.273156*x25*x29  - 3.260700*x25*x30  - 7.975231*x26*x1 + 1.281892*x26*x2  - 0.129787*x26*x3  - 4.348932*x26*x4 + 3.837967*x26*x5  - 5.515943*x26*x6  - 4.431028*x26*x7  - 5.456135*x26*x8  - 0.556404*x26*x9  - 3.091550*x26*x10 + 6.761526*x26*x11  - 6.784893*x26*x12  - 8.769538*x26*x13  - 0.831218*x26*x14  - 0.528932*x26*x15  - 2.340241*x26*x16 + 4.671824*x26*x17  - 4.507521*x26*x18 + 2.907387*x26*x19 + 2.199968*x26*x20 + 2.385203*x26*x21  - 4.810114*x26*x22 + 2.906024*x26*x23  - 8.912664*x26*x24  - 0.601819*x26*x25  - 2.804596*x26*x26 + 4.124693*x26*x27 + 3.631418*x26*x28 + 8.010306*x26*x29 + 5.077191*x26*x30  - 2.085129*x27*x1 + 1.476770*x27*x2  - 3.352677*x27*x3  - 6.920360*x27*x4  - 7.595594*x27*x5  - 0.656644*x27*x6  - 1.423117*x27*x7  - 5.738988*x27*x8  - 5.549100*x27*x9 + 8.919297*x27*x10  - 8.406876*x27*x11  - 2.244718*x27*x12  - 1.908363*x27*x13  - 7.639408*x27*x14  - 0.895375*x27*x15  - 6.231270*x27*x16  - 3.695451*x27*x17 + 4.391965*x27*x18  - 2.746500*x27*x19 + 1.850130*x27*x20  - 0.784401*x27*x21  - 1.018010*x27*x22 + 1.091679*x27*x23  - 4.057129*x27*x24 + 0.676156*x27*x25 + 4.124693*x27*x26 + 1.649099*x27*x27  - 2.854192*x27*x28 + 0.068018*x27*x29  - 1.903960*x27*x30  - 2.903353*x28*x1  - 0.223818*x28*x2  - 3.949495*x28*x3  - 0.058381*x28*x4  - 4.069371*x28*x5  - 4.126540*x28*x6  - 5.885456*x28*x7  - 1.345031*x28*x8 + 1.502195*x28*x9  - 5.684739*x28*x10 + 1.982665*x28*x11  - 0.099451*x28*x12  - 2.534477*x28*x13 + 4.425147*x28*x14 + 4.927600*x28*x15 + 0.736149*x28*x16  - 2.602871*x28*x17 + 4.186412*x28*x18 + 6.358364*x28*x19  - 3.248026*x28*x20  - 4.996968*x28*x21  - 2.660995*x28*x22 + 0.435488*x28*x23 + 0.233150*x28*x24  - 4.562787*x28*x25 + 3.631418*x28*x26  - 2.854192*x28*x27  - 0.227613*x28*x28  - 4.836137*x28*x29  - 8.468656*x28*x30 + 2.193691*x29*x1  - 3.056091*x29*x2  - 8.271974*x29*x3  - 2.756538*x29*x4 + 6.552457*x29*x5  - 2.082597*x29*x6  - 4.338685*x29*x7  - 2.944410*x29*x8  - 1.740774*x29*x9  - 4.723424*x29*x10 + 0.101656*x29*x11  - 2.852022*x29*x12 + 0.348099*x29*x13  - 3.767985*x29*x14  - 1.828598*x29*x15 + 4.473653*x29*x16 + 0.278239*x29*x17  - 3.111858*x29*x18  - 1.349907*x29*x19 + 5.926724*x29*x20 + 7.531596*x29*x21 + 3.866996*x29*x22 + 6.532192*x29*x23  - 6.705618*x29*x24  - 0.273156*x29*x25 + 8.010306*x29*x26 + 0.068018*x29*x27  - 4.836137*x29*x28  - 1.635797*x29*x29  - 3.819772*x29*x30  - 2.600607*x30*x1  - 0.516772*x30*x2  - 6.343915*x30*x3  - 7.958970*x30*x4 + 4.368498*x30*x5  - 1.396006*x30*x6 + 4.480625*x30*x7  - 1.343693*x30*x8 + 4.590022*x30*x9  - 5.175549*x30*x10  - 8.753703*x30*x11  - 7.591311*x30*x12  - 5.606573*x30*x13  - 2.403525*x30*x14 + 7.932279*x30*x15 + 5.014062*x30*x16  - 0.339409*x30*x17  - 5.910824*x30*x18 + 2.117712*x30*x19  - 5.097861*x30*x20  - 4.628896*x30*x21 + 1.094267*x30*x22  - 2.566343*x30*x23 + 6.504834*x30*x24  - 3.260700*x30*x25 + 5.077191*x30*x26  - 1.903960*x30*x27  - 8.468656*x30*x28  - 3.819772*x30*x29  - 1.006743*x30*x30 ;
