OPTIONS {
 MaxTime: 10000;
 EpsR: 0.000001;
 }
 
VARIABLES	x1,x2,x3,x4,x5,x6,x7,x8,x9,x10,x11,x12,x13,x14,x15,x16,x17,x18,x19,x20,x21,x22,x23,x24,x25,x26,x27,x28,x29,x30;
LOWER_BOUNDS {
x1: 0.000000;
x2: 0.000000;
x3: 0.000000;
x4: 0.000000;
x5: 0.000000;
x6: 0.000000;
x7: 0.000000;
x8: 0.000000;
x9: 0.000000;
x10: 0.000000;
x11: 0.000000;
x12: 0.000000;
x13: 0.000000;
x14: 0.000000;
x15: 0.000000;
x16: 0.000000;
x17: 0.000000;
x18: 0.000000;
x19: 0.000000;
x20: 0.000000;
x21: 0.000000;
x22: 0.000000;
x23: 0.000000;
x24: 0.000000;
x25: 0.000000;
x26: 0.000000;
x27: 0.000000;
x28: 0.000000;
x29: 0.000000;
x30: 0.000000;
}

UPPER_BOUNDS {
x1: 1.000000;
x2: 1.000000;
x3: 1.000000;
x4: 1.000000;
x5: 1.000000;
x6: 1.000000;
x7: 1.000000;
x8: 1.000000;
x9: 1.000000;
x10: 1.000000;
x11: 1.000000;
x12: 1.000000;
x13: 1.000000;
x14: 1.000000;
x15: 1.000000;
x16: 1.000000;
x17: 1.000000;
x18: 1.000000;
x19: 1.000000;
x20: 1.000000;
x21: 1.000000;
x22: 1.000000;
x23: 1.000000;
x24: 1.000000;
x25: 1.000000;
x26: 1.000000;
x27: 1.000000;
x28: 1.000000;
x29: 1.000000;
x30: 1.000000;
}

EQUATIONS e1;

e1:  1.000000*x1  + 1.000000*x2  + 1.000000*x3  + 1.000000*x4  + 1.000000*x5  + 1.000000*x6  + 1.000000*x7  + 1.000000*x8  + 1.000000*x9  + 1.000000*x10  + 1.000000*x11  + 1.000000*x12  + 1.000000*x13  + 1.000000*x14  + 1.000000*x15  + 1.000000*x16  + 1.000000*x17  + 1.000000*x18  + 1.000000*x19  + 1.000000*x20  + 1.000000*x21  + 1.000000*x22  + 1.000000*x23  + 1.000000*x24  + 1.000000*x25  + 1.000000*x26  + 1.000000*x27  + 1.000000*x28  + 1.000000*x29  + 1.000000*x30  == 1.000000;

OBJ: minimize	 0.364778*x1*x1  - 0.136019*x1*x2 + 4.520714*x1*x3  - 3.540174*x1*x4  - 2.442397*x1*x5 + 1.503115*x1*x6  - 5.798819*x1*x7  - 5.059725*x1*x8 + 0.215206*x1*x9  - 0.834123*x1*x10  - 0.087522*x1*x11  - 3.537671*x1*x12  - 0.748707*x1*x13 + 4.281889*x1*x14  - 5.118569*x1*x15  - 3.251848*x1*x16  - 5.830589*x1*x17 + 1.016004*x1*x18  - 0.282502*x1*x19  - 3.609811*x1*x20 + 1.553321*x1*x21  - 2.909972*x1*x22 + 0.761555*x1*x23  - 3.167093*x1*x24 + 2.524657*x1*x25  - 0.226043*x1*x26  - 2.873912*x1*x27 + 1.008004*x1*x28  - 3.778928*x1*x29  - 9.221665*x1*x30  - 0.136019*x2*x1 + 1.019920*x2*x2 + 3.484162*x2*x3 + 0.170638*x2*x4 + 5.372375*x2*x5  - 3.694889*x2*x6  - 5.974784*x2*x7  - 7.791032*x2*x8  - 5.769383*x2*x9  - 2.733106*x2*x10  - 4.229592*x2*x11 + 0.012348*x2*x12 + 2.346111*x2*x13 + 1.447221*x2*x14  - 0.296075*x2*x15 + 6.853600*x2*x16  - 3.445732*x2*x17  - 2.464108*x2*x18  - 1.954871*x2*x19 + 6.279249*x2*x20  - 6.279742*x2*x21  - 2.898376*x2*x22 + 3.708082*x2*x23 + 0.699952*x2*x24 + 0.071288*x2*x25 + 2.036539*x2*x26 + 3.191697*x2*x27 + 0.072609*x2*x28  - 3.142927*x2*x29  - 6.617758*x2*x30 + 4.520714*x3*x1 + 3.484162*x3*x2 + 0.882429*x3*x3  - 3.875772*x3*x4  - 1.777692*x3*x5  - 1.074304*x3*x6  - 7.237177*x3*x7  - 1.484852*x3*x8 + 8.385379*x3*x9 + 3.656325*x3*x10 + 0.977836*x3*x11 + 0.957703*x3*x12  - 2.636293*x3*x13 + 2.499096*x3*x14  - 2.781053*x3*x15 + 1.064180*x3*x16 + 0.734165*x3*x17 + 2.014399*x3*x18 + 2.805910*x3*x19  - 3.116013*x3*x20 + 2.022220*x3*x21 + 7.711737*x3*x22 + 7.712673*x3*x23 + 0.624830*x3*x24  - 0.008527*x3*x25  - 0.820815*x3*x26 + 1.638526*x3*x27  - 4.787061*x3*x28 + 2.072391*x3*x29  - 4.174444*x3*x30  - 3.540174*x4*x1 + 0.170638*x4*x2  - 3.875772*x4*x3 + 2.786204*x4*x4 + 2.612847*x4*x5  - 3.730689*x4*x6  - 2.935149*x4*x7 + 2.158252*x4*x8  - 2.845345*x4*x9  - 1.622659*x4*x10  - 6.802093*x4*x11  - 1.599488*x4*x12 + 2.854685*x4*x13 + 5.838293*x4*x14 + 1.251059*x4*x15 + 0.197752*x4*x16  - 0.291754*x4*x17 + 4.620707*x4*x18  - 3.592709*x4*x19  - 1.580396*x4*x20 + 5.670352*x4*x21  - 7.110902*x4*x22 + 0.525919*x4*x23 + 6.038576*x4*x24 + 3.617828*x4*x25 + 3.260532*x4*x26  - 3.652062*x4*x27  - 5.995894*x4*x28  - 3.924563*x4*x29  - 9.610972*x4*x30  - 2.442397*x5*x1 + 5.372375*x5*x2  - 1.777692*x5*x3 + 2.612847*x5*x4 + 0.336943*x5*x5  - 3.519671*x5*x6 + 0.769251*x5*x7  - 2.151912*x5*x8  - 4.633637*x5*x9  - 0.622334*x5*x10 + 2.556396*x5*x11 + 1.569119*x5*x12 + 2.912509*x5*x13  - 6.789490*x5*x14  - 1.323578*x5*x15  - 4.619099*x5*x16  - 5.473775*x5*x17 + 4.907391*x5*x18  - 5.135369*x5*x19  - 2.944264*x5*x20  - 5.299587*x5*x21 + 6.462987*x5*x22  - 1.358456*x5*x23 + 6.023690*x5*x24 + 3.728759*x5*x25 + 9.353006*x5*x26  - 3.662997*x5*x27  - 5.696996*x5*x28 + 3.737664*x5*x29 + 5.282299*x5*x30 + 1.503115*x6*x1  - 3.694889*x6*x2  - 1.074304*x6*x3  - 3.730689*x6*x4  - 3.519671*x6*x5 + 1.333967*x6*x6 + 5.164553*x6*x7 + 7.565006*x6*x8  - 7.260913*x6*x9  - 4.261023*x6*x10  - 3.705254*x6*x11  - 1.155962*x6*x12  - 2.466100*x6*x13 + 7.221666*x6*x14  - 5.929825*x6*x15  - 2.343012*x6*x16  - 4.046950*x6*x17  - 2.100759*x6*x18 + 4.668676*x6*x19 + 5.504389*x6*x20  - 3.672258*x6*x21  - 5.425133*x6*x22  - 3.694325*x6*x23 + 0.443523*x6*x24 + 3.922599*x6*x25 + 4.755132*x6*x26  - 4.460417*x6*x27 + 6.093852*x6*x28  - 0.661429*x6*x29  - 1.001315*x6*x30  - 5.798819*x7*x1  - 5.974784*x7*x2  - 7.237177*x7*x3  - 2.935149*x7*x4 + 0.769251*x7*x5 + 5.164553*x7*x6 + 0.067303*x7*x7  - 6.829335*x7*x8  - 4.383196*x7*x9 + 0.945448*x7*x10  - 0.144898*x7*x11  - 4.796457*x7*x12  - 5.071528*x7*x13  - 7.839470*x7*x14  - 6.346955*x7*x15  - 7.690918*x7*x16 + 5.523581*x7*x17  - 7.890722*x7*x18  - 0.604599*x7*x19  - 6.172798*x7*x20 + 4.044602*x7*x21 + 7.326298*x7*x22  - 9.086615*x7*x23  - 2.881385*x7*x24  - 2.408301*x7*x25  - 1.265304*x7*x26  - 7.617625*x7*x27  - 3.932911*x7*x28 + 1.557643*x7*x29 + 0.848661*x7*x30  - 5.059725*x8*x1  - 7.791032*x8*x2  - 1.484852*x8*x3 + 2.158252*x8*x4  - 2.151912*x8*x5 + 7.565006*x8*x6  - 6.829335*x8*x7 + 0.618594*x8*x8 + 5.358020*x8*x9 + 0.004849*x8*x10  - 7.597303*x8*x11 + 0.586783*x8*x12  - 4.563574*x8*x13 + 3.431826*x8*x14  - 3.233944*x8*x15 + 1.447787*x8*x16 + 2.825381*x8*x17  - 4.203346*x8*x18  - 4.149472*x8*x19 + 4.364151*x8*x20  - 2.760844*x8*x21 + 0.530356*x8*x22 + 0.184412*x8*x23  - 4.300818*x8*x24 + 2.488604*x8*x25  - 1.794121*x8*x26 + 6.528224*x8*x27  - 2.020199*x8*x28  - 0.238050*x8*x29  - 3.444514*x8*x30 + 0.215206*x9*x1  - 5.769383*x9*x2 + 8.385379*x9*x3  - 2.845345*x9*x4  - 4.633637*x9*x5  - 7.260913*x9*x6  - 4.383196*x9*x7 + 5.358020*x9*x8 + 3.208160*x9*x9 + 1.858354*x9*x10  - 0.175749*x9*x11  - 0.438378*x9*x12  - 5.043520*x9*x13 + 1.940054*x9*x14  - 3.535522*x9*x15  - 1.668389*x9*x16  - 2.749626*x9*x17  - 3.349404*x9*x18  - 3.824083*x9*x19  - 4.235457*x9*x20 + 0.532719*x9*x21 + 2.478044*x9*x22  - 5.302128*x9*x23  - 2.504265*x9*x24 + 2.565750*x9*x25  - 2.420739*x9*x26 + 1.483914*x9*x27 + 0.642114*x9*x28  - 3.979933*x9*x29  - 6.908368*x9*x30  - 0.834123*x10*x1  - 2.733106*x10*x2 + 3.656325*x10*x3  - 1.622659*x10*x4  - 0.622334*x10*x5  - 4.261023*x10*x6 + 0.945448*x10*x7 + 0.004849*x10*x8 + 1.858354*x10*x9 + 3.307648*x10*x10  - 2.188725*x10*x11  - 2.601718*x10*x12  - 4.110669*x10*x13  - 7.190295*x10*x14  - 4.179598*x10*x15  - 4.930010*x10*x16 + 7.289756*x10*x17  - 1.861590*x10*x18  - 1.915153*x10*x19  - 2.821218*x10*x20  - 1.714505*x10*x21  - 1.551238*x10*x22  - 1.944332*x10*x23 + 3.591512*x10*x24  - 2.881371*x10*x25  - 9.167748*x10*x26 + 5.072686*x10*x27 + 6.060431*x10*x28  - 4.023513*x10*x29  - 8.119826*x10*x30  - 0.087522*x11*x1  - 4.229592*x11*x2 + 0.977836*x11*x3  - 6.802093*x11*x4 + 2.556396*x11*x5  - 3.705254*x11*x6  - 0.144898*x11*x7  - 7.597303*x11*x8  - 0.175749*x11*x9  - 2.188725*x11*x10 + 1.755875*x11*x11  - 1.192798*x11*x12 + 4.599812*x11*x13  - 9.128326*x11*x14  - 0.697210*x11*x15  - 2.770763*x11*x16  - 5.770500*x11*x17 + 5.400856*x11*x18 + 2.442404*x11*x19 + 0.599627*x11*x20  - 3.481625*x11*x21  - 7.935958*x11*x22  - 3.034512*x11*x23  - 6.558168*x11*x24 + 4.798566*x11*x25  - 8.584268*x11*x26  - 3.865615*x11*x27  - 2.615067*x11*x28  - 2.324932*x11*x29 + 2.067164*x11*x30  - 3.537671*x12*x1 + 0.012348*x12*x2 + 0.957703*x12*x3  - 1.599488*x12*x4 + 1.569119*x12*x5  - 1.155962*x12*x6  - 4.796457*x12*x7 + 0.586783*x12*x8  - 0.438378*x12*x9  - 2.601718*x12*x10  - 1.192798*x12*x11 + 2.288692*x12*x12  - 3.037795*x12*x13 + 3.274288*x12*x14  - 6.109998*x12*x15  - 0.307494*x12*x16 + 8.202948*x12*x17 + 2.017226*x12*x18  - 1.461585*x12*x19  - 0.186439*x12*x20  - 3.253380*x12*x21 + 0.350992*x12*x22  - 3.263763*x12*x23  - 3.990777*x12*x24  - 1.173740*x12*x25 + 2.955487*x12*x26  - 2.707214*x12*x27  - 8.317460*x12*x28 + 5.531606*x12*x29  - 2.457632*x12*x30  - 0.748707*x13*x1 + 2.346111*x13*x2  - 2.636293*x13*x3 + 2.854685*x13*x4 + 2.912509*x13*x5  - 2.466100*x13*x6  - 5.071528*x13*x7  - 4.563574*x13*x8  - 5.043520*x13*x9  - 4.110669*x13*x10 + 4.599812*x13*x11  - 3.037795*x13*x12 + 1.512112*x13*x13  - 3.506761*x13*x14 + 2.643348*x13*x15 + 0.792228*x13*x16  - 5.049361*x13*x17  - 5.636876*x13*x18  - 4.073978*x13*x19 + 3.318687*x13*x20  - 3.959688*x13*x21  - 1.343710*x13*x22 + 2.782903*x13*x23 + 6.094328*x13*x24 + 5.353223*x13*x25  - 8.325265*x13*x26  - 0.640425*x13*x27 + 5.454250*x13*x28 + 5.331351*x13*x29 + 0.524088*x13*x30 + 4.281889*x14*x1 + 1.447221*x14*x2 + 2.499096*x14*x3 + 5.838293*x14*x4  - 6.789490*x14*x5 + 7.221666*x14*x6  - 7.839470*x14*x7 + 3.431826*x14*x8 + 1.940054*x14*x9  - 7.190295*x14*x10  - 9.128326*x14*x11 + 3.274288*x14*x12  - 3.506761*x14*x13 + 0.874274*x14*x14 + 3.644463*x14*x15 + 7.243324*x14*x16 + 8.537223*x14*x17  - 3.028070*x14*x18  - 0.949946*x14*x19 + 1.741395*x14*x20  - 4.488418*x14*x21  - 3.252115*x14*x22  - 8.695044*x14*x23  - 2.257991*x14*x24 + 2.634375*x14*x25 + 4.803194*x14*x26 + 0.246324*x14*x27 + 7.904581*x14*x28 + 5.013009*x14*x29  - 0.511349*x14*x30  - 5.118569*x15*x1  - 0.296075*x15*x2  - 2.781053*x15*x3 + 1.251059*x15*x4  - 1.323578*x15*x5  - 5.929825*x15*x6  - 6.346955*x15*x7  - 3.233944*x15*x8  - 3.535522*x15*x9  - 4.179598*x15*x10  - 0.697210*x15*x11  - 6.109998*x15*x12 + 2.643348*x15*x13 + 3.644463*x15*x14 + 3.234482*x15*x15 + 8.468170*x15*x16  - 4.894770*x15*x17 + 1.155912*x15*x18 + 0.506240*x15*x19  - 0.956682*x15*x20  - 8.740184*x15*x21  - 2.682782*x15*x22 + 8.428022*x15*x23  - 0.808282*x15*x24 + 1.368173*x15*x25 + 1.151287*x15*x26  - 6.005758*x15*x27 + 1.382475*x15*x28 + 0.069418*x15*x29 + 4.730657*x15*x30  - 3.251848*x16*x1 + 6.853600*x16*x2 + 1.064180*x16*x3 + 0.197752*x16*x4  - 4.619099*x16*x5  - 2.343012*x16*x6  - 7.690918*x16*x7 + 1.447787*x16*x8  - 1.668389*x16*x9  - 4.930010*x16*x10  - 2.770763*x16*x11  - 0.307494*x16*x12 + 0.792228*x16*x13 + 7.243324*x16*x14 + 8.468170*x16*x15 + 3.200479*x16*x16 + 3.795553*x16*x17  - 6.877675*x16*x18  - 2.644524*x16*x19  - 8.543599*x16*x20  - 2.256879*x16*x21 + 1.176145*x16*x22 + 3.945879*x16*x23  - 0.552822*x16*x24  - 5.330859*x16*x25  - 0.906259*x16*x26  - 6.779342*x16*x27 + 4.322870*x16*x28  - 5.573898*x16*x29  - 5.835963*x16*x30  - 5.830589*x17*x1  - 3.445732*x17*x2 + 0.734165*x17*x3  - 0.291754*x17*x4  - 5.473775*x17*x5  - 4.046950*x17*x6 + 5.523581*x17*x7 + 2.825381*x17*x8  - 2.749626*x17*x9 + 7.289756*x17*x10  - 5.770500*x17*x11 + 8.202948*x17*x12  - 5.049361*x17*x13 + 8.537223*x17*x14  - 4.894770*x17*x15 + 3.795553*x17*x16 + 2.497420*x17*x17 + 2.625862*x17*x18 + 4.869558*x17*x19  - 2.839273*x17*x20 + 5.895896*x17*x21  - 2.292560*x17*x22  - 2.600757*x17*x23  - 5.661820*x17*x24 + 4.986191*x17*x25  - 0.695386*x17*x26  - 2.653054*x17*x27 + 1.585828*x17*x28 + 0.630154*x17*x29  - 2.920778*x17*x30 + 1.016004*x18*x1  - 2.464108*x18*x2 + 2.014399*x18*x3 + 4.620707*x18*x4 + 4.907391*x18*x5  - 2.100759*x18*x6  - 7.890722*x18*x7  - 4.203346*x18*x8  - 3.349404*x18*x9  - 1.861590*x18*x10 + 5.400856*x18*x11 + 2.017226*x18*x12  - 5.636876*x18*x13  - 3.028070*x18*x14 + 1.155912*x18*x15  - 6.877675*x18*x16 + 2.625862*x18*x17 + 2.134668*x18*x18 + 3.767064*x18*x19  - 7.770871*x18*x20  - 0.610596*x18*x21  - 3.681876*x18*x22  - 2.888274*x18*x23 + 0.106562*x18*x24 + 1.532208*x18*x25 + 5.487880*x18*x26 + 0.608328*x18*x27 + 2.692584*x18*x28  - 4.410931*x18*x29  - 3.152023*x18*x30  - 0.282502*x19*x1  - 1.954871*x19*x2 + 2.805910*x19*x3  - 3.592709*x19*x4  - 5.135369*x19*x5 + 4.668676*x19*x6  - 0.604599*x19*x7  - 4.149472*x19*x8  - 3.824083*x19*x9  - 1.915153*x19*x10 + 2.442404*x19*x11  - 1.461585*x19*x12  - 4.073978*x19*x13  - 0.949946*x19*x14 + 0.506240*x19*x15  - 2.644524*x19*x16 + 4.869558*x19*x17 + 3.767064*x19*x18 + 4.062802*x19*x19  - 0.479981*x19*x20 + 1.865968*x19*x21  - 0.845693*x19*x22 + 0.058749*x19*x23  - 6.218293*x19*x24  - 1.846875*x19*x25 + 3.948637*x19*x26  - 6.430663*x19*x27  - 6.678896*x19*x28  - 2.728843*x19*x29 + 4.518541*x19*x30  - 3.609811*x20*x1 + 6.279249*x20*x2  - 3.116013*x20*x3  - 1.580396*x20*x4  - 2.944264*x20*x5 + 5.504389*x20*x6  - 6.172798*x20*x7 + 4.364151*x20*x8  - 4.235457*x20*x9  - 2.821218*x20*x10 + 0.599627*x20*x11  - 0.186439*x20*x12 + 3.318687*x20*x13 + 1.741395*x20*x14  - 0.956682*x20*x15  - 8.543599*x20*x16  - 2.839273*x20*x17  - 7.770871*x20*x18  - 0.479981*x20*x19 + 0.242403*x20*x20 + 5.138856*x20*x21 + 6.115673*x20*x22 + 1.422445*x20*x23  - 7.308623*x20*x24  - 3.033878*x20*x25 + 5.140220*x20*x26  - 6.693938*x20*x27  - 4.451322*x20*x28 + 2.481631*x20*x29  - 0.868214*x20*x30 + 1.553321*x21*x1  - 6.279742*x21*x2 + 2.022220*x21*x3 + 5.670352*x21*x4  - 5.299587*x21*x5  - 3.672258*x21*x6 + 4.044602*x21*x7  - 2.760844*x21*x8 + 0.532719*x21*x9  - 1.714505*x21*x10  - 3.481625*x21*x11  - 3.253380*x21*x12  - 3.959688*x21*x13  - 4.488418*x21*x14  - 8.740184*x21*x15  - 2.256879*x21*x16 + 5.895896*x21*x17  - 0.610596*x21*x18 + 1.865968*x21*x19 + 5.138856*x21*x20 + 1.784791*x21*x21  - 2.363078*x21*x22 + 4.916048*x21*x23  - 8.354108*x21*x24 + 5.267388*x21*x25  - 2.267172*x21*x26  - 2.654884*x21*x27  - 1.354290*x21*x28 + 0.936225*x21*x29  - 2.988035*x21*x30  - 2.909972*x22*x1  - 2.898376*x22*x2 + 7.711737*x22*x3  - 7.110902*x22*x4 + 6.462987*x22*x5  - 5.425133*x22*x6 + 7.326298*x22*x7 + 0.530356*x22*x8 + 2.478044*x22*x9  - 1.551238*x22*x10  - 7.935958*x22*x11 + 0.350992*x22*x12  - 1.343710*x22*x13  - 3.252115*x22*x14  - 2.682782*x22*x15 + 1.176145*x22*x16  - 2.292560*x22*x17  - 3.681876*x22*x18  - 0.845693*x22*x19 + 6.115673*x22*x20  - 2.363078*x22*x21 + 0.382367*x22*x22  - 1.346021*x22*x23 + 3.434803*x22*x24 + 5.090238*x22*x25  - 2.249421*x22*x26  - 1.761013*x22*x27 + 7.401017*x22*x28  - 3.426153*x22*x29  - 3.646229*x22*x30 + 0.761555*x23*x1 + 3.708082*x23*x2 + 7.712673*x23*x3 + 0.525919*x23*x4  - 1.358456*x23*x5  - 3.694325*x23*x6  - 9.086615*x23*x7 + 0.184412*x23*x8  - 5.302128*x23*x9  - 1.944332*x23*x10  - 3.034512*x23*x11  - 3.263763*x23*x12 + 2.782903*x23*x13  - 8.695044*x23*x14 + 8.428022*x23*x15 + 3.945879*x23*x16  - 2.600757*x23*x17  - 2.888274*x23*x18 + 0.058749*x23*x19 + 1.422445*x23*x20 + 4.916048*x23*x21  - 1.346021*x23*x22 + 0.117257*x23*x23 + 1.857860*x23*x24  - 2.127700*x23*x25  - 3.912198*x23*x26  - 4.937221*x23*x27 + 2.541733*x23*x28  - 6.360335*x23*x29  - 5.896657*x23*x30  - 3.167093*x24*x1 + 0.699952*x24*x2 + 0.624830*x24*x3 + 6.038576*x24*x4 + 6.023690*x24*x5 + 0.443523*x24*x6  - 2.881385*x24*x7  - 4.300818*x24*x8  - 2.504265*x24*x9 + 3.591512*x24*x10  - 6.558168*x24*x11  - 3.990777*x24*x12 + 6.094328*x24*x13  - 2.257991*x24*x14  - 0.808282*x24*x15  - 0.552822*x24*x16  - 5.661820*x24*x17 + 0.106562*x24*x18  - 6.218293*x24*x19  - 7.308623*x24*x20  - 8.354108*x24*x21 + 3.434803*x24*x22 + 1.857860*x24*x23 + 0.151552*x24*x24  - 0.365156*x24*x25  - 6.467605*x24*x26 + 4.421122*x24*x27  - 2.510943*x24*x28  - 1.658651*x24*x29  - 0.406173*x24*x30 + 2.524657*x25*x1 + 0.071288*x25*x2  - 0.008527*x25*x3 + 3.617828*x25*x4 + 3.728759*x25*x5 + 3.922599*x25*x6  - 2.408301*x25*x7 + 2.488604*x25*x8 + 2.565750*x25*x9  - 2.881371*x25*x10 + 4.798566*x25*x11  - 1.173740*x25*x12 + 5.353223*x25*x13 + 2.634375*x25*x14 + 1.368173*x25*x15  - 5.330859*x25*x16 + 4.986191*x25*x17 + 1.532208*x25*x18  - 1.846875*x25*x19  - 3.033878*x25*x20 + 5.267388*x25*x21 + 5.090238*x25*x22  - 2.127700*x25*x23  - 0.365156*x25*x24 + 1.082471*x25*x25  - 8.186294*x25*x26 + 5.255176*x25*x27  - 2.846469*x25*x28  - 3.601345*x25*x29 + 5.668860*x25*x30  - 0.226043*x26*x1 + 2.036539*x26*x2  - 0.820815*x26*x3 + 3.260532*x26*x4 + 9.353006*x26*x5 + 4.755132*x26*x6  - 1.265304*x26*x7  - 1.794121*x26*x8  - 2.420739*x26*x9  - 9.167748*x26*x10  - 8.584268*x26*x11 + 2.955487*x26*x12  - 8.325265*x26*x13 + 4.803194*x26*x14 + 1.151287*x26*x15  - 0.906259*x26*x16  - 0.695386*x26*x17 + 5.487880*x26*x18 + 3.948637*x26*x19 + 5.140220*x26*x20  - 2.267172*x26*x21  - 2.249421*x26*x22  - 3.912198*x26*x23  - 6.467605*x26*x24  - 8.186294*x26*x25 + 1.788156*x26*x26 + 5.315644*x26*x27 + 0.872911*x26*x28  - 3.708981*x26*x29  - 2.733676*x26*x30  - 2.873912*x27*x1 + 3.191697*x27*x2 + 1.638526*x27*x3  - 3.652062*x27*x4  - 3.662997*x27*x5  - 4.460417*x27*x6  - 7.617625*x27*x7 + 6.528224*x27*x8 + 1.483914*x27*x9 + 5.072686*x27*x10  - 3.865615*x27*x11  - 2.707214*x27*x12  - 0.640425*x27*x13 + 0.246324*x27*x14  - 6.005758*x27*x15  - 6.779342*x27*x16  - 2.653054*x27*x17 + 0.608328*x27*x18  - 6.430663*x27*x19  - 6.693938*x27*x20  - 2.654884*x27*x21  - 1.761013*x27*x22  - 4.937221*x27*x23 + 4.421122*x27*x24 + 5.255176*x27*x25 + 5.315644*x27*x26 + 2.962798*x27*x27  - 5.997806*x27*x28  - 6.761652*x27*x29 + 3.792701*x27*x30 + 1.008004*x28*x1 + 0.072609*x28*x2  - 4.787061*x28*x3  - 5.995894*x28*x4  - 5.696996*x28*x5 + 6.093852*x28*x6  - 3.932911*x28*x7  - 2.020199*x28*x8 + 0.642114*x28*x9 + 6.060431*x28*x10  - 2.615067*x28*x11  - 8.317460*x28*x12 + 5.454250*x28*x13 + 7.904581*x28*x14 + 1.382475*x28*x15 + 4.322870*x28*x16 + 1.585828*x28*x17 + 2.692584*x28*x18  - 6.678896*x28*x19  - 4.451322*x28*x20  - 1.354290*x28*x21 + 7.401017*x28*x22 + 2.541733*x28*x23  - 2.510943*x28*x24  - 2.846469*x28*x25 + 0.872911*x28*x26  - 5.997806*x28*x27 + 1.710932*x28*x28  - 6.205736*x28*x29  - 6.193591*x28*x30  - 3.778928*x29*x1  - 3.142927*x29*x2 + 2.072391*x29*x3  - 3.924563*x29*x4 + 3.737664*x29*x5  - 0.661429*x29*x6 + 1.557643*x29*x7  - 0.238050*x29*x8  - 3.979933*x29*x9  - 4.023513*x29*x10  - 2.324932*x29*x11 + 5.531606*x29*x12 + 5.331351*x29*x13 + 5.013009*x29*x14 + 0.069418*x29*x15  - 5.573898*x29*x16 + 0.630154*x29*x17  - 4.410931*x29*x18  - 2.728843*x29*x19 + 2.481631*x29*x20 + 0.936225*x29*x21  - 3.426153*x29*x22  - 6.360335*x29*x23  - 1.658651*x29*x24  - 3.601345*x29*x25  - 3.708981*x29*x26  - 6.761652*x29*x27  - 6.205736*x29*x28 + 3.107093*x29*x29 + 4.416467*x29*x30  - 9.221665*x30*x1  - 6.617758*x30*x2  - 4.174444*x30*x3  - 9.610972*x30*x4 + 5.282299*x30*x5  - 1.001315*x30*x6 + 0.848661*x30*x7  - 3.444514*x30*x8  - 6.908368*x30*x9  - 8.119826*x30*x10 + 2.067164*x30*x11  - 2.457632*x30*x12 + 0.524088*x30*x13  - 0.511349*x30*x14 + 4.730657*x30*x15  - 5.835963*x30*x16  - 2.920778*x30*x17  - 3.152023*x30*x18 + 4.518541*x30*x19  - 0.868214*x30*x20  - 2.988035*x30*x21  - 3.646229*x30*x22  - 5.896657*x30*x23  - 0.406173*x30*x24 + 5.668860*x30*x25  - 2.733676*x30*x26 + 3.792701*x30*x27  - 6.193591*x30*x28 + 4.416467*x30*x29 + 2.716394*x30*x30 ;
