OPTIONS {
 MaxTime: 10000;
 EpsR: 0.000001;
 }
 
VARIABLES	x1,x2,x3,x4,x5,x6,x7,x8,x9,x10,x11,x12,x13,x14,x15,x16,x17,x18,x19,x20,x21,x22,x23,x24,x25,x26,x27,x28,x29,x30;
LOWER_BOUNDS {
x1: 0.000000;
x2: 0.000000;
x3: 0.000000;
x4: 0.000000;
x5: 0.000000;
x6: 0.000000;
x7: 0.000000;
x8: 0.000000;
x9: 0.000000;
x10: 0.000000;
x11: 0.000000;
x12: 0.000000;
x13: 0.000000;
x14: 0.000000;
x15: 0.000000;
x16: 0.000000;
x17: 0.000000;
x18: 0.000000;
x19: 0.000000;
x20: 0.000000;
x21: 0.000000;
x22: 0.000000;
x23: 0.000000;
x24: 0.000000;
x25: 0.000000;
x26: 0.000000;
x27: 0.000000;
x28: 0.000000;
x29: 0.000000;
x30: 0.000000;
}

UPPER_BOUNDS {
x1: 1.000000;
x2: 1.000000;
x3: 1.000000;
x4: 1.000000;
x5: 1.000000;
x6: 1.000000;
x7: 1.000000;
x8: 1.000000;
x9: 1.000000;
x10: 1.000000;
x11: 1.000000;
x12: 1.000000;
x13: 1.000000;
x14: 1.000000;
x15: 1.000000;
x16: 1.000000;
x17: 1.000000;
x18: 1.000000;
x19: 1.000000;
x20: 1.000000;
x21: 1.000000;
x22: 1.000000;
x23: 1.000000;
x24: 1.000000;
x25: 1.000000;
x26: 1.000000;
x27: 1.000000;
x28: 1.000000;
x29: 1.000000;
x30: 1.000000;
}

EQUATIONS e1;

e1:  1.000000*x1  + 1.000000*x2  + 1.000000*x3  + 1.000000*x4  + 1.000000*x5  + 1.000000*x6  + 1.000000*x7  + 1.000000*x8  + 1.000000*x9  + 1.000000*x10  + 1.000000*x11  + 1.000000*x12  + 1.000000*x13  + 1.000000*x14  + 1.000000*x15  + 1.000000*x16  + 1.000000*x17  + 1.000000*x18  + 1.000000*x19  + 1.000000*x20  + 1.000000*x21  + 1.000000*x22  + 1.000000*x23  + 1.000000*x24  + 1.000000*x25  + 1.000000*x26  + 1.000000*x27  + 1.000000*x28  + 1.000000*x29  + 1.000000*x30  == 1.000000;

OBJ: minimize	 0.093661*x1*x1 + 6.207693*x1*x2 + 3.211231*x1*x3  - 7.051031*x1*x4 + 8.402507*x1*x5  - 0.648556*x1*x6 + 4.892038*x1*x7  - 5.808873*x1*x8 + 1.708365*x1*x9  - 2.520014*x1*x10  - 7.475234*x1*x11  - 5.481042*x1*x12  - 4.816762*x1*x13  - 3.888672*x1*x14 + 0.521045*x1*x15 + 1.343136*x1*x16  - 2.073897*x1*x17 + 1.078458*x1*x18 + 2.575720*x1*x19 + 7.850303*x1*x20  - 3.628736*x1*x21  - 5.354828*x1*x22 + 1.962955*x1*x23 + 4.967271*x1*x24 + 1.318935*x1*x25 + 5.559108*x1*x26  - 4.458168*x1*x27  - 0.598088*x1*x28  - 4.200628*x1*x29 + 0.921424*x1*x30 + 6.207693*x2*x1  - 0.272043*x2*x2 + 0.106015*x2*x3 + 7.576243*x2*x4  - 2.194969*x2*x5  - 0.045193*x2*x6  - 0.253078*x2*x7 + 7.439166*x2*x8 + 3.734671*x2*x9 + 1.309972*x2*x10  - 4.604415*x2*x11 + 1.326452*x2*x12  - 3.513866*x2*x13 + 1.780759*x2*x14  - 2.904743*x2*x15 + 3.561788*x2*x16 + 2.349523*x2*x17  - 4.166182*x2*x18 + 1.966236*x2*x19 + 6.226456*x2*x20 + 5.249041*x2*x21  - 1.468567*x2*x22  - 1.312517*x2*x23 + 6.524109*x2*x24 + 5.915811*x2*x25  - 5.657101*x2*x26 + 0.614352*x2*x27  - 3.649807*x2*x28 + 4.903847*x2*x29 + 3.921279*x2*x30 + 3.211231*x3*x1 + 0.106015*x3*x2  - 3.044343*x3*x3 + 1.404832*x3*x4  - 0.509835*x3*x5  - 4.956952*x3*x6 + 8.355797*x3*x7  - 1.963918*x3*x8  - 2.684016*x3*x9  - 0.212665*x3*x10  - 6.140750*x3*x11  - 3.031231*x3*x12 + 1.489497*x3*x13  - 0.580986*x3*x14  - 2.852556*x3*x15 + 4.554041*x3*x16  - 3.696582*x3*x17 + 3.381252*x3*x18  - 1.744145*x3*x19  - 0.097200*x3*x20 + 1.731370*x3*x21  - 6.418829*x3*x22  - 1.587924*x3*x23 + 7.173095*x3*x24 + 2.876400*x3*x25 + 2.695217*x3*x26  - 2.966029*x3*x27 + 5.051101*x3*x28 + 5.623020*x3*x29 + 4.794902*x3*x30  - 7.051031*x4*x1 + 7.576243*x4*x2 + 1.404832*x4*x3 + 2.547152*x4*x4 + 3.652919*x4*x5 + 3.331497*x4*x6  - 1.804672*x4*x7 + 2.514643*x4*x8  - 3.402193*x4*x9 + 1.390467*x4*x10  - 6.178270*x4*x11  - 6.160054*x4*x12  - 5.721438*x4*x13 + 0.165799*x4*x14  - 7.911526*x4*x15 + 0.399843*x4*x16  - 5.074981*x4*x17 + 0.006387*x4*x18 + 4.799064*x4*x19 + 1.734175*x4*x20 + 0.380273*x4*x21  - 2.200081*x4*x22  - 2.988143*x4*x23  - 0.745059*x4*x24 + 1.525844*x4*x25  - 0.619157*x4*x26 + 3.735746*x4*x27  - 0.265218*x4*x28 + 1.546839*x4*x29 + 2.122349*x4*x30 + 8.402507*x5*x1  - 2.194969*x5*x2  - 0.509835*x5*x3 + 3.652919*x5*x4 + 0.497248*x5*x5  - 2.772640*x5*x6 + 5.235609*x5*x7  - 0.615882*x5*x8  - 0.914810*x5*x9  - 1.719603*x5*x10 + 8.464670*x5*x11 + 1.694918*x5*x12  - 2.891234*x5*x13 + 5.191740*x5*x14 + 1.054306*x5*x15 + 1.718701*x5*x16  - 5.256399*x5*x17  - 1.519005*x5*x18 + 5.104274*x5*x19  - 1.442827*x5*x20 + 6.907767*x5*x21 + 6.459784*x5*x22  - 5.758443*x5*x23  - 7.636395*x5*x24  - 0.828820*x5*x25 + 0.636930*x5*x26 + 1.281338*x5*x27  - 1.675017*x5*x28 + 7.159981*x5*x29 + 2.975009*x5*x30  - 0.648556*x6*x1  - 0.045193*x6*x2  - 4.956952*x6*x3 + 3.331497*x6*x4  - 2.772640*x6*x5  - 1.382293*x6*x6 + 7.955549*x6*x7  - 2.192424*x6*x8  - 2.549879*x6*x9  - 2.997758*x6*x10  - 3.672761*x6*x11 + 3.232744*x6*x12 + 0.083373*x6*x13 + 1.837671*x6*x14  - 0.751125*x6*x15 + 3.263702*x6*x16  - 0.172205*x6*x17  - 3.614489*x6*x18 + 1.552518*x6*x19  - 6.260557*x6*x20 + 0.045995*x6*x21 + 5.951540*x6*x22 + 2.292384*x6*x23  - 6.120491*x6*x24  - 0.093156*x6*x25  - 1.414199*x6*x26 + 3.168625*x6*x27  - 1.149375*x6*x28 + 1.881000*x6*x29  - 4.764414*x6*x30 + 4.892038*x7*x1  - 0.253078*x7*x2 + 8.355797*x7*x3  - 1.804672*x7*x4 + 5.235609*x7*x5 + 7.955549*x7*x6 + 1.042558*x7*x7 + 1.475286*x7*x8  - 1.221753*x7*x9  - 0.114655*x7*x10 + 1.011892*x7*x11 + 1.651572*x7*x12 + 3.986459*x7*x13 + 1.223488*x7*x14  - 2.807271*x7*x15  - 3.097552*x7*x16  - 0.278346*x7*x17 + 3.322869*x7*x18  - 1.299457*x7*x19 + 0.696970*x7*x20  - 3.785271*x7*x21 + 4.603205*x7*x22 + 2.659506*x7*x23  - 4.237115*x7*x24  - 0.720660*x7*x25 + 1.586510*x7*x26 + 4.878749*x7*x27  - 1.915596*x7*x28 + 3.120726*x7*x29  - 4.677816*x7*x30  - 5.808873*x8*x1 + 7.439166*x8*x2  - 1.963918*x8*x3 + 2.514643*x8*x4  - 0.615882*x8*x5  - 2.192424*x8*x6 + 1.475286*x8*x7  - 0.498618*x8*x8  - 0.708652*x8*x9  - 5.462581*x8*x10  - 3.475770*x8*x11  - 5.643983*x8*x12  - 1.922385*x8*x13 + 2.695777*x8*x14 + 2.592071*x8*x15  - 7.645524*x8*x16 + 6.952403*x8*x17  - 4.059908*x8*x18 + 1.025505*x8*x19  - 6.757442*x8*x20  - 8.117132*x8*x21  - 1.636048*x8*x22 + 0.275654*x8*x23  - 2.573217*x8*x24  - 0.770132*x8*x25  - 2.476010*x8*x26  - 7.616725*x8*x27  - 3.102837*x8*x28  - 5.139314*x8*x29 + 1.368129*x8*x30 + 1.708365*x9*x1 + 3.734671*x9*x2  - 2.684016*x9*x3  - 3.402193*x9*x4  - 0.914810*x9*x5  - 2.549879*x9*x6  - 1.221753*x9*x7  - 0.708652*x9*x8  - 2.145998*x9*x9  - 5.719413*x9*x10 + 8.802411*x9*x11 + 4.882586*x9*x12  - 5.755642*x9*x13 + 2.925779*x9*x14  - 5.207411*x9*x15 + 1.934714*x9*x16 + 1.757842*x9*x17 + 7.517968*x9*x18 + 1.323060*x9*x19  - 3.448833*x9*x20 + 2.270866*x9*x21 + 2.784567*x9*x22 + 4.469296*x9*x23  - 0.505986*x9*x24 + 0.487548*x9*x25  - 0.843108*x9*x26  - 3.564110*x9*x27 + 2.539014*x9*x28  - 0.239241*x9*x29  - 7.229033*x9*x30  - 2.520014*x10*x1 + 1.309972*x10*x2  - 0.212665*x10*x3 + 1.390467*x10*x4  - 1.719603*x10*x5  - 2.997758*x10*x6  - 0.114655*x10*x7  - 5.462581*x10*x8  - 5.719413*x10*x9  - 2.124620*x10*x10  - 6.137079*x10*x11 + 6.576958*x10*x12  - 7.237035*x10*x13  - 6.798870*x10*x14  - 2.444706*x10*x15 + 4.644774*x10*x16  - 0.686989*x10*x17  - 5.748558*x10*x18 + 0.254057*x10*x19  - 1.237998*x10*x20  - 3.610537*x10*x21  - 4.632343*x10*x22  - 2.175031*x10*x23 + 5.282838*x10*x24 + 1.582900*x10*x25 + 5.401189*x10*x26  - 0.155156*x10*x27  - 4.374885*x10*x28 + 0.855919*x10*x29 + 5.983515*x10*x30  - 7.475234*x11*x1  - 4.604415*x11*x2  - 6.140750*x11*x3  - 6.178270*x11*x4 + 8.464670*x11*x5  - 3.672761*x11*x6 + 1.011892*x11*x7  - 3.475770*x11*x8 + 8.802411*x11*x9  - 6.137079*x11*x10  - 2.176272*x11*x11 + 0.426424*x11*x12  - 2.130291*x11*x13 + 1.277919*x11*x14  - 8.826568*x11*x15 + 0.796177*x11*x16 + 7.607166*x11*x17  - 2.605893*x11*x18  - 2.609985*x11*x19 + 0.265024*x11*x20  - 2.910913*x11*x21  - 8.853773*x11*x22 + 1.039133*x11*x23 + 1.247321*x11*x24  - 0.742706*x11*x25  - 2.958947*x11*x26  - 5.541172*x11*x27  - 1.780219*x11*x28 + 5.763345*x11*x29  - 0.747519*x11*x30  - 5.481042*x12*x1 + 1.326452*x12*x2  - 3.031231*x12*x3  - 6.160054*x12*x4 + 1.694918*x12*x5 + 3.232744*x12*x6 + 1.651572*x12*x7  - 5.643983*x12*x8 + 4.882586*x12*x9 + 6.576958*x12*x10 + 0.426424*x12*x11  - 3.036355*x12*x12 + 0.694431*x12*x13  - 4.804146*x12*x14  - 5.970850*x12*x15 + 1.155125*x12*x16 + 6.736570*x12*x17 + 1.941714*x12*x18 + 4.981220*x12*x19  - 2.457879*x12*x20  - 0.431722*x12*x21  - 3.827628*x12*x22 + 4.564814*x12*x23 + 1.772941*x12*x24  - 0.006970*x12*x25 + 5.494469*x12*x26  - 0.499018*x12*x27  - 8.751372*x12*x28 + 2.122743*x12*x29  - 3.952449*x12*x30  - 4.816762*x13*x1  - 3.513866*x13*x2 + 1.489497*x13*x3  - 5.721438*x13*x4  - 2.891234*x13*x5 + 0.083373*x13*x6 + 3.986459*x13*x7  - 1.922385*x13*x8  - 5.755642*x13*x9  - 7.237035*x13*x10  - 2.130291*x13*x11 + 0.694431*x13*x12  - 4.431170*x13*x13  - 4.078959*x13*x14  - 0.808191*x13*x15  - 1.887594*x13*x16  - 0.155239*x13*x17  - 4.901244*x13*x18  - 1.515482*x13*x19  - 5.413232*x13*x20  - 2.667285*x13*x21 + 2.971600*x13*x22  - 6.138817*x13*x23 + 3.957277*x13*x24 + 5.867234*x13*x25 + 3.018509*x13*x26  - 1.278274*x13*x27  - 2.024972*x13*x28  - 1.897322*x13*x29 + 3.372981*x13*x30  - 3.888672*x14*x1 + 1.780759*x14*x2  - 0.580986*x14*x3 + 0.165799*x14*x4 + 5.191740*x14*x5 + 1.837671*x14*x6 + 1.223488*x14*x7 + 2.695777*x14*x8 + 2.925779*x14*x9  - 6.798870*x14*x10 + 1.277919*x14*x11  - 4.804146*x14*x12  - 4.078959*x14*x13 + 4.282910*x14*x14  - 4.932949*x14*x15 + 0.220055*x14*x16  - 1.201570*x14*x17  - 6.673027*x14*x18  - 6.645168*x14*x19 + 1.595227*x14*x20  - 2.087958*x14*x21 + 9.423223*x14*x22 + 2.588797*x14*x23 + 4.328350*x14*x24 + 0.452694*x14*x25 + 1.922915*x14*x26  - 0.708558*x14*x27 + 0.931448*x14*x28  - 2.066757*x14*x29 + 0.509730*x14*x30 + 0.521045*x15*x1  - 2.904743*x15*x2  - 2.852556*x15*x3  - 7.911526*x15*x4 + 1.054306*x15*x5  - 0.751125*x15*x6  - 2.807271*x15*x7 + 2.592071*x15*x8  - 5.207411*x15*x9  - 2.444706*x15*x10  - 8.826568*x15*x11  - 5.970850*x15*x12  - 0.808191*x15*x13  - 4.932949*x15*x14 + 0.805659*x15*x15 + 6.276905*x15*x16  - 4.578551*x15*x17 + 4.819812*x15*x18  - 2.821728*x15*x19  - 3.567175*x15*x20  - 6.088457*x15*x21  - 0.069517*x15*x22 + 6.909716*x15*x23 + 4.434818*x15*x24 + 1.417502*x15*x25  - 4.108295*x15*x26  - 4.252927*x15*x27  - 1.178482*x15*x28 + 2.123702*x15*x29 + 4.426726*x15*x30 + 1.343136*x16*x1 + 3.561788*x16*x2 + 4.554041*x16*x3 + 0.399843*x16*x4 + 1.718701*x16*x5 + 3.263702*x16*x6  - 3.097552*x16*x7  - 7.645524*x16*x8 + 1.934714*x16*x9 + 4.644774*x16*x10 + 0.796177*x16*x11 + 1.155125*x16*x12  - 1.887594*x16*x13 + 0.220055*x16*x14 + 6.276905*x16*x15  - 1.307446*x16*x16 + 5.602432*x16*x17 + 0.509484*x16*x18 + 3.319514*x16*x19 + 3.457199*x16*x20 + 1.943159*x16*x21  - 5.051868*x16*x22  - 1.201431*x16*x23 + 2.063331*x16*x24  - 1.337332*x16*x25  - 1.603987*x16*x26  - 0.365227*x16*x27 + 1.569692*x16*x28 + 6.653649*x16*x29  - 7.841931*x16*x30  - 2.073897*x17*x1 + 2.349523*x17*x2  - 3.696582*x17*x3  - 5.074981*x17*x4  - 5.256399*x17*x5  - 0.172205*x17*x6  - 0.278346*x17*x7 + 6.952403*x17*x8 + 1.757842*x17*x9  - 0.686989*x17*x10 + 7.607166*x17*x11 + 6.736570*x17*x12  - 0.155239*x17*x13  - 1.201570*x17*x14  - 4.578551*x17*x15 + 5.602432*x17*x16  - 0.611674*x17*x17 + 2.452686*x17*x18  - 0.861237*x17*x19 + 5.376264*x17*x20 + 1.844278*x17*x21 + 6.621356*x17*x22  - 7.484632*x17*x23 + 0.422682*x17*x24  - 2.858061*x17*x25  - 7.250266*x17*x26 + 1.026583*x17*x27  - 5.093540*x17*x28 + 1.433183*x17*x29  - 5.158947*x17*x30 + 1.078458*x18*x1  - 4.166182*x18*x2 + 3.381252*x18*x3 + 0.006387*x18*x4  - 1.519005*x18*x5  - 3.614489*x18*x6 + 3.322869*x18*x7  - 4.059908*x18*x8 + 7.517968*x18*x9  - 5.748558*x18*x10  - 2.605893*x18*x11 + 1.941714*x18*x12  - 4.901244*x18*x13  - 6.673027*x18*x14 + 4.819812*x18*x15 + 0.509484*x18*x16 + 2.452686*x18*x17 + 2.577968*x18*x18 + 1.653411*x18*x19 + 2.222770*x18*x20 + 9.404792*x18*x21  - 2.692176*x18*x22  - 4.068160*x18*x23 + 6.046107*x18*x24 + 5.097681*x18*x25  - 8.935189*x18*x26 + 3.455618*x18*x27 + 3.429418*x18*x28 + 2.876022*x18*x29 + 3.958303*x18*x30 + 2.575720*x19*x1 + 1.966236*x19*x2  - 1.744145*x19*x3 + 4.799064*x19*x4 + 5.104274*x19*x5 + 1.552518*x19*x6  - 1.299457*x19*x7 + 1.025505*x19*x8 + 1.323060*x19*x9 + 0.254057*x19*x10  - 2.609985*x19*x11 + 4.981220*x19*x12  - 1.515482*x19*x13  - 6.645168*x19*x14  - 2.821728*x19*x15 + 3.319514*x19*x16  - 0.861237*x19*x17 + 1.653411*x19*x18 + 0.511825*x19*x19  - 9.562032*x19*x20  - 0.630687*x19*x21  - 1.737263*x19*x22  - 2.052028*x19*x23  - 4.138181*x19*x24  - 4.426015*x19*x25 + 4.494649*x19*x26 + 6.599680*x19*x27  - 0.443134*x19*x28  - 2.165858*x19*x29 + 1.140515*x19*x30 + 7.850303*x20*x1 + 6.226456*x20*x2  - 0.097200*x20*x3 + 1.734175*x20*x4  - 1.442827*x20*x5  - 6.260557*x20*x6 + 0.696970*x20*x7  - 6.757442*x20*x8  - 3.448833*x20*x9  - 1.237998*x20*x10 + 0.265024*x20*x11  - 2.457879*x20*x12  - 5.413232*x20*x13 + 1.595227*x20*x14  - 3.567175*x20*x15 + 3.457199*x20*x16 + 5.376264*x20*x17 + 2.222770*x20*x18  - 9.562032*x20*x19  - 0.855942*x20*x20 + 1.748661*x20*x21  - 5.384731*x20*x22 + 5.243728*x20*x23  - 1.970471*x20*x24 + 2.493325*x20*x25  - 7.028699*x20*x26  - 0.425417*x20*x27  - 4.120953*x20*x28  - 3.685923*x20*x29 + 2.015249*x20*x30  - 3.628736*x21*x1 + 5.249041*x21*x2 + 1.731370*x21*x3 + 0.380273*x21*x4 + 6.907767*x21*x5 + 0.045995*x21*x6  - 3.785271*x21*x7  - 8.117132*x21*x8 + 2.270866*x21*x9  - 3.610537*x21*x10  - 2.910913*x21*x11  - 0.431722*x21*x12  - 2.667285*x21*x13  - 2.087958*x21*x14  - 6.088457*x21*x15 + 1.943159*x21*x16 + 1.844278*x21*x17 + 9.404792*x21*x18  - 0.630687*x21*x19 + 1.748661*x21*x20  - 1.001208*x21*x21  - 1.290771*x21*x22 + 4.565729*x21*x23  - 1.396322*x21*x24  - 5.772491*x21*x25 + 3.495989*x21*x26  - 1.783309*x21*x27  - 0.098480*x21*x28  - 2.988999*x21*x29  - 6.268700*x21*x30  - 5.354828*x22*x1  - 1.468567*x22*x2  - 6.418829*x22*x3  - 2.200081*x22*x4 + 6.459784*x22*x5 + 5.951540*x22*x6 + 4.603205*x22*x7  - 1.636048*x22*x8 + 2.784567*x22*x9  - 4.632343*x22*x10  - 8.853773*x22*x11  - 3.827628*x22*x12 + 2.971600*x22*x13 + 9.423223*x22*x14  - 0.069517*x22*x15  - 5.051868*x22*x16 + 6.621356*x22*x17  - 2.692176*x22*x18  - 1.737263*x22*x19  - 5.384731*x22*x20  - 1.290771*x22*x21 + 3.463019*x22*x22  - 4.286853*x22*x23  - 2.419724*x22*x24 + 4.055197*x22*x25  - 4.435853*x22*x26  - 3.324423*x22*x27  - 4.022547*x22*x28  - 2.518269*x22*x29 + 3.181694*x22*x30 + 1.962955*x23*x1  - 1.312517*x23*x2  - 1.587924*x23*x3  - 2.988143*x23*x4  - 5.758443*x23*x5 + 2.292384*x23*x6 + 2.659506*x23*x7 + 0.275654*x23*x8 + 4.469296*x23*x9  - 2.175031*x23*x10 + 1.039133*x23*x11 + 4.564814*x23*x12  - 6.138817*x23*x13 + 2.588797*x23*x14 + 6.909716*x23*x15  - 1.201431*x23*x16  - 7.484632*x23*x17  - 4.068160*x23*x18  - 2.052028*x23*x19 + 5.243728*x23*x20 + 4.565729*x23*x21  - 4.286853*x23*x22 + 0.309815*x23*x23  - 8.280706*x23*x24 + 2.246127*x23*x25 + 0.702756*x23*x26  - 3.524197*x23*x27  - 4.283088*x23*x28 + 2.270746*x23*x29 + 4.971408*x23*x30 + 4.967271*x24*x1 + 6.524109*x24*x2 + 7.173095*x24*x3  - 0.745059*x24*x4  - 7.636395*x24*x5  - 6.120491*x24*x6  - 4.237115*x24*x7  - 2.573217*x24*x8  - 0.505986*x24*x9 + 5.282838*x24*x10 + 1.247321*x24*x11 + 1.772941*x24*x12 + 3.957277*x24*x13 + 4.328350*x24*x14 + 4.434818*x24*x15 + 2.063331*x24*x16 + 0.422682*x24*x17 + 6.046107*x24*x18  - 4.138181*x24*x19  - 1.970471*x24*x20  - 1.396322*x24*x21  - 2.419724*x24*x22  - 8.280706*x24*x23 + 3.685132*x24*x24 + 2.196063*x24*x25 + 3.374885*x24*x26 + 3.386643*x24*x27 + 8.088035*x24*x28 + 0.818609*x24*x29  - 4.141069*x24*x30 + 1.318935*x25*x1 + 5.915811*x25*x2 + 2.876400*x25*x3 + 1.525844*x25*x4  - 0.828820*x25*x5  - 0.093156*x25*x6  - 0.720660*x25*x7  - 0.770132*x25*x8 + 0.487548*x25*x9 + 1.582900*x25*x10  - 0.742706*x25*x11  - 0.006970*x25*x12 + 5.867234*x25*x13 + 0.452694*x25*x14 + 1.417502*x25*x15  - 1.337332*x25*x16  - 2.858061*x25*x17 + 5.097681*x25*x18  - 4.426015*x25*x19 + 2.493325*x25*x20  - 5.772491*x25*x21 + 4.055197*x25*x22 + 2.246127*x25*x23 + 2.196063*x25*x24 + 4.203420*x25*x25  - 4.894923*x25*x26 + 4.143231*x25*x27  - 2.444757*x25*x28  - 4.385847*x25*x29  - 5.235559*x25*x30 + 5.559108*x26*x1  - 5.657101*x26*x2 + 2.695217*x26*x3  - 0.619157*x26*x4 + 0.636930*x26*x5  - 1.414199*x26*x6 + 1.586510*x26*x7  - 2.476010*x26*x8  - 0.843108*x26*x9 + 5.401189*x26*x10  - 2.958947*x26*x11 + 5.494469*x26*x12 + 3.018509*x26*x13 + 1.922915*x26*x14  - 4.108295*x26*x15  - 1.603987*x26*x16  - 7.250266*x26*x17  - 8.935189*x26*x18 + 4.494649*x26*x19  - 7.028699*x26*x20 + 3.495989*x26*x21  - 4.435853*x26*x22 + 0.702756*x26*x23 + 3.374885*x26*x24  - 4.894923*x26*x25  - 0.295058*x26*x26 + 3.179340*x26*x27 + 4.881482*x26*x28  - 4.936276*x26*x29 + 3.177378*x26*x30  - 4.458168*x27*x1 + 0.614352*x27*x2  - 2.966029*x27*x3 + 3.735746*x27*x4 + 1.281338*x27*x5 + 3.168625*x27*x6 + 4.878749*x27*x7  - 7.616725*x27*x8  - 3.564110*x27*x9  - 0.155156*x27*x10  - 5.541172*x27*x11  - 0.499018*x27*x12  - 1.278274*x27*x13  - 0.708558*x27*x14  - 4.252927*x27*x15  - 0.365227*x27*x16 + 1.026583*x27*x17 + 3.455618*x27*x18 + 6.599680*x27*x19  - 0.425417*x27*x20  - 1.783309*x27*x21  - 3.324423*x27*x22  - 3.524197*x27*x23 + 3.386643*x27*x24 + 4.143231*x27*x25 + 3.179340*x27*x26 + 0.148036*x27*x27  - 1.541459*x27*x28  - 1.395617*x27*x29  - 1.806330*x27*x30  - 0.598088*x28*x1  - 3.649807*x28*x2 + 5.051101*x28*x3  - 0.265218*x28*x4  - 1.675017*x28*x5  - 1.149375*x28*x6  - 1.915596*x28*x7  - 3.102837*x28*x8 + 2.539014*x28*x9  - 4.374885*x28*x10  - 1.780219*x28*x11  - 8.751372*x28*x12  - 2.024972*x28*x13 + 0.931448*x28*x14  - 1.178482*x28*x15 + 1.569692*x28*x16  - 5.093540*x28*x17 + 3.429418*x28*x18  - 0.443134*x28*x19  - 4.120953*x28*x20  - 0.098480*x28*x21  - 4.022547*x28*x22  - 4.283088*x28*x23 + 8.088035*x28*x24  - 2.444757*x28*x25 + 4.881482*x28*x26  - 1.541459*x28*x27 + 2.116313*x28*x28 + 0.897563*x28*x29 + 1.089448*x28*x30  - 4.200628*x29*x1 + 4.903847*x29*x2 + 5.623020*x29*x3 + 1.546839*x29*x4 + 7.159981*x29*x5 + 1.881000*x29*x6 + 3.120726*x29*x7  - 5.139314*x29*x8  - 0.239241*x29*x9 + 0.855919*x29*x10 + 5.763345*x29*x11 + 2.122743*x29*x12  - 1.897322*x29*x13  - 2.066757*x29*x14 + 2.123702*x29*x15 + 6.653649*x29*x16 + 1.433183*x29*x17 + 2.876022*x29*x18  - 2.165858*x29*x19  - 3.685923*x29*x20  - 2.988999*x29*x21  - 2.518269*x29*x22 + 2.270746*x29*x23 + 0.818609*x29*x24  - 4.385847*x29*x25  - 4.936276*x29*x26  - 1.395617*x29*x27 + 0.897563*x29*x28 + 1.747327*x29*x29 + 0.100101*x29*x30 + 0.921424*x30*x1 + 3.921279*x30*x2 + 4.794902*x30*x3 + 2.122349*x30*x4 + 2.975009*x30*x5  - 4.764414*x30*x6  - 4.677816*x30*x7 + 1.368129*x30*x8  - 7.229033*x30*x9 + 5.983515*x30*x10  - 0.747519*x30*x11  - 3.952449*x30*x12 + 3.372981*x30*x13 + 0.509730*x30*x14 + 4.426726*x30*x15  - 7.841931*x30*x16  - 5.158947*x30*x17 + 3.958303*x30*x18 + 1.140515*x30*x19 + 2.015249*x30*x20  - 6.268700*x30*x21 + 3.181694*x30*x22 + 4.971408*x30*x23  - 4.141069*x30*x24  - 5.235559*x30*x25 + 3.177378*x30*x26  - 1.806330*x30*x27 + 1.089448*x30*x28 + 0.100101*x30*x29 + 4.343146*x30*x30 ;
