OPTIONS {
 MaxTime: 10000;
 EpsR: 0.000001;
 }
 
VARIABLES	x1,x2,x3,x4,x5,x6,x7,x8,x9,x10,x11,x12,x13,x14,x15,x16,x17,x18,x19,x20,x21,x22,x23,x24,x25,x26,x27,x28,x29,x30;
LOWER_BOUNDS {
x1: 0.000000;
x2: 0.000000;
x3: 0.000000;
x4: 0.000000;
x5: 0.000000;
x6: 0.000000;
x7: 0.000000;
x8: 0.000000;
x9: 0.000000;
x10: 0.000000;
x11: 0.000000;
x12: 0.000000;
x13: 0.000000;
x14: 0.000000;
x15: 0.000000;
x16: 0.000000;
x17: 0.000000;
x18: 0.000000;
x19: 0.000000;
x20: 0.000000;
x21: 0.000000;
x22: 0.000000;
x23: 0.000000;
x24: 0.000000;
x25: 0.000000;
x26: 0.000000;
x27: 0.000000;
x28: 0.000000;
x29: 0.000000;
x30: 0.000000;
}

UPPER_BOUNDS {
x1: 1.000000;
x2: 1.000000;
x3: 1.000000;
x4: 1.000000;
x5: 1.000000;
x6: 1.000000;
x7: 1.000000;
x8: 1.000000;
x9: 1.000000;
x10: 1.000000;
x11: 1.000000;
x12: 1.000000;
x13: 1.000000;
x14: 1.000000;
x15: 1.000000;
x16: 1.000000;
x17: 1.000000;
x18: 1.000000;
x19: 1.000000;
x20: 1.000000;
x21: 1.000000;
x22: 1.000000;
x23: 1.000000;
x24: 1.000000;
x25: 1.000000;
x26: 1.000000;
x27: 1.000000;
x28: 1.000000;
x29: 1.000000;
x30: 1.000000;
}

EQUATIONS e1;

e1:  1.000000*x1  + 1.000000*x2  + 1.000000*x3  + 1.000000*x4  + 1.000000*x5  + 1.000000*x6  + 1.000000*x7  + 1.000000*x8  + 1.000000*x9  + 1.000000*x10  + 1.000000*x11  + 1.000000*x12  + 1.000000*x13  + 1.000000*x14  + 1.000000*x15  + 1.000000*x16  + 1.000000*x17  + 1.000000*x18  + 1.000000*x19  + 1.000000*x20  + 1.000000*x21  + 1.000000*x22  + 1.000000*x23  + 1.000000*x24  + 1.000000*x25  + 1.000000*x26  + 1.000000*x27  + 1.000000*x28  + 1.000000*x29  + 1.000000*x30  == 1.000000;

OBJ: minimize	 - 3.251372*x1*x1 + 6.078216*x1*x2  - 0.724164*x1*x3  - 1.665587*x1*x4 + 5.046034*x1*x5 + 3.416984*x1*x6 + 3.833474*x1*x7 + 3.559602*x1*x8 + 6.897423*x1*x9  - 7.438772*x1*x10 + 4.344169*x1*x11 + 0.197913*x1*x12 + 5.864512*x1*x13  - 2.503745*x1*x14  - 6.356325*x1*x15 + 1.379847*x1*x16 + 0.343364*x1*x17 + 3.467897*x1*x18 + 6.586962*x1*x19  - 2.183020*x1*x20 + 4.869881*x1*x21 + 1.235632*x1*x22  - 0.997287*x1*x23 + 0.481636*x1*x24  - 6.673108*x1*x25 + 2.008194*x1*x26 + 2.194026*x1*x27 + 5.340651*x1*x28 + 4.189385*x1*x29 + 0.590748*x1*x30 + 6.078216*x2*x1  - 3.245473*x2*x2 + 3.196357*x2*x3 + 2.724674*x2*x4 + 0.405472*x2*x5 + 2.845609*x2*x6  - 8.826106*x2*x7  - 9.233072*x2*x8 + 4.916770*x2*x9 + 3.081798*x2*x10  - 1.070758*x2*x11 + 1.582848*x2*x12  - 3.135707*x2*x13  - 8.763101*x2*x14  - 0.609259*x2*x15 + 4.846750*x2*x16 + 5.352844*x2*x17  - 5.462582*x2*x18 + 4.765512*x2*x19 + 6.081530*x2*x20 + 9.126543*x2*x21 + 4.625545*x2*x22  - 7.249808*x2*x23  - 6.306267*x2*x24  - 0.452537*x2*x25 + 0.113397*x2*x26 + 1.197297*x2*x27 + 2.059802*x2*x28 + 5.530341*x2*x29 + 0.063966*x2*x30  - 0.724164*x3*x1 + 3.196357*x3*x2  - 1.431870*x3*x3 + 2.741272*x3*x4 + 3.342674*x3*x5  - 2.963682*x3*x6 + 7.866146*x3*x7  - 1.694107*x3*x8 + 1.396022*x3*x9  - 3.845277*x3*x10 + 0.372810*x3*x11  - 0.418094*x3*x12 + 2.914968*x3*x13 + 5.055567*x3*x14 + 3.638495*x3*x15 + 3.269508*x3*x16  - 5.795956*x3*x17  - 0.386465*x3*x18  - 3.310853*x3*x19 + 2.746773*x3*x20 + 6.274480*x3*x21  - 2.048648*x3*x22 + 1.813246*x3*x23 + 5.594749*x3*x24 + 1.505294*x3*x25  - 1.603836*x3*x26 + 4.600963*x3*x27  - 1.781489*x3*x28 + 5.351378*x3*x29 + 5.120603*x3*x30  - 1.665587*x4*x1 + 2.724674*x4*x2 + 2.741272*x4*x3  - 2.991904*x4*x4 + 3.780102*x4*x5 + 1.552611*x4*x6 + 5.366953*x4*x7 + 5.874270*x4*x8 + 7.787462*x4*x9 + 0.363906*x4*x10 + 5.780370*x4*x11  - 1.812030*x4*x12 + 1.715171*x4*x13 + 1.054066*x4*x14  - 0.816581*x4*x15  - 0.007351*x4*x16 + 3.001040*x4*x17  - 3.791720*x4*x18 + 6.599939*x4*x19 + 3.923224*x4*x20  - 3.621662*x4*x21 + 1.960976*x4*x22 + 4.791499*x4*x23 + 5.279550*x4*x24  - 3.347814*x4*x25  - 5.150683*x4*x26  - 2.597372*x4*x27 + 4.106168*x4*x28 + 0.925862*x4*x29  - 0.967719*x4*x30 + 5.046034*x5*x1 + 0.405472*x5*x2 + 3.342674*x5*x3 + 3.780102*x5*x4  - 2.206257*x5*x5 + 7.837889*x5*x6  - 0.689547*x5*x7  - 1.246123*x5*x8 + 8.622900*x5*x9 + 4.473892*x5*x10 + 5.548209*x5*x11  - 0.375217*x5*x12 + 2.630790*x5*x13 + 8.856601*x5*x14 + 2.228252*x5*x15 + 3.797141*x5*x16 + 2.165897*x5*x17  - 0.730364*x5*x18  - 2.298042*x5*x19  - 4.458690*x5*x20  - 3.502267*x5*x21 + 4.994636*x5*x22 + 0.476182*x5*x23  - 3.875052*x5*x24  - 2.282753*x5*x25 + 3.288490*x5*x26  - 5.142382*x5*x27  - 1.917572*x5*x28 + 6.755383*x5*x29 + 2.201772*x5*x30 + 3.416984*x6*x1 + 2.845609*x6*x2  - 2.963682*x6*x3 + 1.552611*x6*x4 + 7.837889*x6*x5  - 3.693733*x6*x6 + 6.762544*x6*x7 + 5.926464*x6*x8 + 4.718103*x6*x9 + 4.876108*x6*x10  - 8.322362*x6*x11  - 0.023995*x6*x12 + 6.273749*x6*x13 + 5.060222*x6*x14 + 5.396100*x6*x15 + 1.322538*x6*x16 + 5.954719*x6*x17 + 2.456719*x6*x18 + 1.978585*x6*x19  - 8.758770*x6*x20 + 0.538629*x6*x21  - 7.062480*x6*x22 + 3.924667*x6*x23 + 1.903630*x6*x24  - 0.620692*x6*x25  - 3.441887*x6*x26  - 3.757993*x6*x27  - 7.398257*x6*x28 + 5.048412*x6*x29 + 3.474401*x6*x30 + 3.833474*x7*x1  - 8.826106*x7*x2 + 7.866146*x7*x3 + 5.366953*x7*x4  - 0.689547*x7*x5 + 6.762544*x7*x6  - 0.031841*x7*x7  - 3.570266*x7*x8  - 2.081293*x7*x9 + 1.555821*x7*x10 + 4.510405*x7*x11 + 4.269491*x7*x12  - 7.243584*x7*x13 + 1.279075*x7*x14  - 1.609451*x7*x15 + 1.428743*x7*x16 + 2.026030*x7*x17 + 1.501401*x7*x18 + 1.521226*x7*x19 + 6.968006*x7*x20  - 2.361472*x7*x21  - 4.841650*x7*x22  - 2.368923*x7*x23 + 0.144428*x7*x24  - 0.405480*x7*x25  - 2.730329*x7*x26 + 3.913809*x7*x27 + 2.511064*x7*x28 + 1.580466*x7*x29 + 9.048219*x7*x30 + 3.559602*x8*x1  - 9.233072*x8*x2  - 1.694107*x8*x3 + 5.874270*x8*x4  - 1.246123*x8*x5 + 5.926464*x8*x6  - 3.570266*x8*x7  - 3.204026*x8*x8  - 0.827344*x8*x9 + 7.013436*x8*x10 + 2.204966*x8*x11  - 3.080409*x8*x12  - 6.935257*x8*x13 + 7.553901*x8*x14  - 3.900407*x8*x15 + 8.851094*x8*x16  - 3.177045*x8*x17 + 2.110578*x8*x18 + 3.703320*x8*x19  - 7.250805*x8*x20 + 1.428998*x8*x21 + 2.493677*x8*x22 + 3.518984*x8*x23 + 3.729580*x8*x24  - 0.122328*x8*x25  - 2.788895*x8*x26  - 2.210268*x8*x27  - 0.161389*x8*x28 + 4.543874*x8*x29 + 3.281569*x8*x30 + 6.897423*x9*x1 + 4.916770*x9*x2 + 1.396022*x9*x3 + 7.787462*x9*x4 + 8.622900*x9*x5 + 4.718103*x9*x6  - 2.081293*x9*x7  - 0.827344*x9*x8  - 3.849303*x9*x9 + 4.088739*x9*x10 + 1.762030*x9*x11 + 2.667476*x9*x12  - 4.213634*x9*x13 + 2.659618*x9*x14 + 5.867462*x9*x15 + 1.335640*x9*x16  - 0.306141*x9*x17 + 4.690617*x9*x18  - 4.800079*x9*x19  - 2.185984*x9*x20 + 2.536080*x9*x21 + 1.132751*x9*x22 + 6.864443*x9*x23  - 7.308975*x9*x24  - 2.141214*x9*x25  - 7.094445*x9*x26 + 0.604168*x9*x27  - 4.272982*x9*x28 + 3.834584*x9*x29 + 6.336512*x9*x30  - 7.438772*x10*x1 + 3.081798*x10*x2  - 3.845277*x10*x3 + 0.363906*x10*x4 + 4.473892*x10*x5 + 4.876108*x10*x6 + 1.555821*x10*x7 + 7.013436*x10*x8 + 4.088739*x10*x9  - 3.283156*x10*x10 + 6.276244*x10*x11 + 7.744602*x10*x12  - 1.902913*x10*x13  - 2.814233*x10*x14 + 5.488474*x10*x15 + 2.575407*x10*x16 + 3.208928*x10*x17 + 6.118860*x10*x18 + 8.857694*x10*x19 + 0.302346*x10*x20 + 2.585047*x10*x21  - 4.026300*x10*x22  - 5.127361*x10*x23  - 0.585922*x10*x24 + 3.065584*x10*x25 + 7.457846*x10*x26  - 0.519088*x10*x27 + 4.719086*x10*x28 + 2.135531*x10*x29  - 5.797808*x10*x30 + 4.344169*x11*x1  - 1.070758*x11*x2 + 0.372810*x11*x3 + 5.780370*x11*x4 + 5.548209*x11*x5  - 8.322362*x11*x6 + 4.510405*x11*x7 + 2.204966*x11*x8 + 1.762030*x11*x9 + 6.276244*x11*x10  - 0.198452*x11*x11 + 2.202063*x11*x12  - 2.816104*x11*x13 + 2.134473*x11*x14  - 5.484179*x11*x15 + 5.768852*x11*x16  - 3.541713*x11*x17  - 0.198047*x11*x18 + 4.853587*x11*x19  - 3.185057*x11*x20  - 2.116348*x11*x21 + 1.883445*x11*x22  - 0.917201*x11*x23 + 8.589071*x11*x24  - 4.432204*x11*x25 + 2.758911*x11*x26 + 1.786339*x11*x27 + 2.752056*x11*x28  - 6.403337*x11*x29 + 6.756898*x11*x30 + 0.197913*x12*x1 + 1.582848*x12*x2  - 0.418094*x12*x3  - 1.812030*x12*x4  - 0.375217*x12*x5  - 0.023995*x12*x6 + 4.269491*x12*x7  - 3.080409*x12*x8 + 2.667476*x12*x9 + 7.744602*x12*x10 + 2.202063*x12*x11  - 2.447116*x12*x12 + 6.895236*x12*x13 + 0.460344*x12*x14 + 0.567697*x12*x15 + 6.311153*x12*x16 + 0.092702*x12*x17  - 1.680052*x12*x18  - 0.326763*x12*x19 + 3.105914*x12*x20 + 1.496113*x12*x21 + 2.832820*x12*x22  - 3.065272*x12*x23  - 0.977173*x12*x24 + 0.794692*x12*x25  - 8.185641*x12*x26  - 1.436978*x12*x27  - 5.406845*x12*x28  - 0.008638*x12*x29 + 7.736958*x12*x30 + 5.864512*x13*x1  - 3.135707*x13*x2 + 2.914968*x13*x3 + 1.715171*x13*x4 + 2.630790*x13*x5 + 6.273749*x13*x6  - 7.243584*x13*x7  - 6.935257*x13*x8  - 4.213634*x13*x9  - 1.902913*x13*x10  - 2.816104*x13*x11 + 6.895236*x13*x12  - 0.137072*x13*x13  - 2.304387*x13*x14  - 0.444574*x13*x15 + 5.133729*x13*x16 + 1.512207*x13*x17  - 0.357280*x13*x18 + 0.260004*x13*x19 + 0.204932*x13*x20 + 2.401318*x13*x21  - 4.801158*x13*x22 + 0.597144*x13*x23 + 1.144680*x13*x24  - 4.224646*x13*x25 + 3.138039*x13*x26  - 2.465033*x13*x27 + 0.616612*x13*x28  - 4.800773*x13*x29 + 2.844045*x13*x30  - 2.503745*x14*x1  - 8.763101*x14*x2 + 5.055567*x14*x3 + 1.054066*x14*x4 + 8.856601*x14*x5 + 5.060222*x14*x6 + 1.279075*x14*x7 + 7.553901*x14*x8 + 2.659618*x14*x9  - 2.814233*x14*x10 + 2.134473*x14*x11 + 0.460344*x14*x12  - 2.304387*x14*x13  - 3.433906*x14*x14 + 4.028361*x14*x15  - 7.979691*x14*x16 + 3.650070*x14*x17 + 4.241298*x14*x18 + 2.743447*x14*x19 + 3.641119*x14*x20  - 2.993654*x14*x21 + 0.849893*x14*x22 + 4.291941*x14*x23 + 1.033798*x14*x24 + 3.562576*x14*x25  - 4.706527*x14*x26  - 2.042370*x14*x27  - 4.417754*x14*x28  - 0.576497*x14*x29 + 9.668896*x14*x30  - 6.356325*x15*x1  - 0.609259*x15*x2 + 3.638495*x15*x3  - 0.816581*x15*x4 + 2.228252*x15*x5 + 5.396100*x15*x6  - 1.609451*x15*x7  - 3.900407*x15*x8 + 5.867462*x15*x9 + 5.488474*x15*x10  - 5.484179*x15*x11 + 0.567697*x15*x12  - 0.444574*x15*x13 + 4.028361*x15*x14  - 1.320430*x15*x15  - 7.583365*x15*x16  - 4.394110*x15*x17  - 1.452377*x15*x18  - 1.132815*x15*x19  - 7.594833*x15*x20  - 8.114941*x15*x21 + 4.398043*x15*x22  - 4.135711*x15*x23 + 3.216010*x15*x24 + 3.487638*x15*x25 + 9.045861*x15*x26 + 2.744048*x15*x27  - 2.872048*x15*x28  - 1.723656*x15*x29  - 1.964918*x15*x30 + 1.379847*x16*x1 + 4.846750*x16*x2 + 3.269508*x16*x3  - 0.007351*x16*x4 + 3.797141*x16*x5 + 1.322538*x16*x6 + 1.428743*x16*x7 + 8.851094*x16*x8 + 1.335640*x16*x9 + 2.575407*x16*x10 + 5.768852*x16*x11 + 6.311153*x16*x12 + 5.133729*x16*x13  - 7.979691*x16*x14  - 7.583365*x16*x15  - 2.149041*x16*x16  - 0.180284*x16*x17 + 1.161414*x16*x18 + 4.321283*x16*x19  - 2.905790*x16*x20 + 0.354644*x16*x21 + 6.322565*x16*x22  - 9.463971*x16*x23  - 7.723152*x16*x24 + 1.530225*x16*x25 + 5.567268*x16*x26 + 0.630595*x16*x27 + 8.020723*x16*x28 + 5.103656*x16*x29 + 2.055010*x16*x30 + 0.343364*x17*x1 + 5.352844*x17*x2  - 5.795956*x17*x3 + 3.001040*x17*x4 + 2.165897*x17*x5 + 5.954719*x17*x6 + 2.026030*x17*x7  - 3.177045*x17*x8  - 0.306141*x17*x9 + 3.208928*x17*x10  - 3.541713*x17*x11 + 0.092702*x17*x12 + 1.512207*x17*x13 + 3.650070*x17*x14  - 4.394110*x17*x15  - 0.180284*x17*x16  - 0.233057*x17*x17 + 7.855901*x17*x18 + 4.184443*x17*x19 + 2.043454*x17*x20 + 2.825045*x17*x21 + 0.825187*x17*x22 + 1.687080*x17*x23 + 3.572018*x17*x24 + 3.791256*x17*x25 + 6.137155*x17*x26  - 6.298476*x17*x27  - 8.238512*x17*x28  - 4.548632*x17*x29  - 0.094181*x17*x30 + 3.467897*x18*x1  - 5.462582*x18*x2  - 0.386465*x18*x3  - 3.791720*x18*x4  - 0.730364*x18*x5 + 2.456719*x18*x6 + 1.501401*x18*x7 + 2.110578*x18*x8 + 4.690617*x18*x9 + 6.118860*x18*x10  - 0.198047*x18*x11  - 1.680052*x18*x12  - 0.357280*x18*x13 + 4.241298*x18*x14  - 1.452377*x18*x15 + 1.161414*x18*x16 + 7.855901*x18*x17  - 1.241059*x18*x18 + 4.810483*x18*x19  - 0.844211*x18*x20 + 3.508740*x18*x21 + 1.800143*x18*x22  - 5.531284*x18*x23 + 5.424282*x18*x24  - 0.888624*x18*x25 + 3.577396*x18*x26 + 5.348778*x18*x27 + 4.923593*x18*x28  - 4.912531*x18*x29  - 0.825784*x18*x30 + 6.586962*x19*x1 + 4.765512*x19*x2  - 3.310853*x19*x3 + 6.599939*x19*x4  - 2.298042*x19*x5 + 1.978585*x19*x6 + 1.521226*x19*x7 + 3.703320*x19*x8  - 4.800079*x19*x9 + 8.857694*x19*x10 + 4.853587*x19*x11  - 0.326763*x19*x12 + 0.260004*x19*x13 + 2.743447*x19*x14  - 1.132815*x19*x15 + 4.321283*x19*x16 + 4.184443*x19*x17 + 4.810483*x19*x18  - 1.406933*x19*x19 + 6.190310*x19*x20 + 3.431624*x19*x21 + 4.020393*x19*x22  - 2.067810*x19*x23 + 3.148839*x19*x24  - 7.052330*x19*x25 + 1.939978*x19*x26  - 8.791128*x19*x27  - 0.023379*x19*x28 + 6.592211*x19*x29  - 2.640723*x19*x30  - 2.183020*x20*x1 + 6.081530*x20*x2 + 2.746773*x20*x3 + 3.923224*x20*x4  - 4.458690*x20*x5  - 8.758770*x20*x6 + 6.968006*x20*x7  - 7.250805*x20*x8  - 2.185984*x20*x9 + 0.302346*x20*x10  - 3.185057*x20*x11 + 3.105914*x20*x12 + 0.204932*x20*x13 + 3.641119*x20*x14  - 7.594833*x20*x15  - 2.905790*x20*x16 + 2.043454*x20*x17  - 0.844211*x20*x18 + 6.190310*x20*x19  - 0.904459*x20*x20  - 2.221096*x20*x21 + 7.922620*x20*x22 + 1.324021*x20*x23  - 4.683396*x20*x24 + 3.676489*x20*x25 + 8.072102*x20*x26 + 0.952560*x20*x27  - 1.578595*x20*x28 + 4.728086*x20*x29  - 0.142124*x20*x30 + 4.869881*x21*x1 + 9.126543*x21*x2 + 6.274480*x21*x3  - 3.621662*x21*x4  - 3.502267*x21*x5 + 0.538629*x21*x6  - 2.361472*x21*x7 + 1.428998*x21*x8 + 2.536080*x21*x9 + 2.585047*x21*x10  - 2.116348*x21*x11 + 1.496113*x21*x12 + 2.401318*x21*x13  - 2.993654*x21*x14  - 8.114941*x21*x15 + 0.354644*x21*x16 + 2.825045*x21*x17 + 3.508740*x21*x18 + 3.431624*x21*x19  - 2.221096*x21*x20  - 1.194583*x21*x21 + 5.618986*x21*x22 + 1.901529*x21*x23 + 5.289498*x21*x24 + 5.157348*x21*x25  - 6.857857*x21*x26 + 2.559146*x21*x27 + 8.156403*x21*x28 + 7.380710*x21*x29 + 2.479596*x21*x30 + 1.235632*x22*x1 + 4.625545*x22*x2  - 2.048648*x22*x3 + 1.960976*x22*x4 + 4.994636*x22*x5  - 7.062480*x22*x6  - 4.841650*x22*x7 + 2.493677*x22*x8 + 1.132751*x22*x9  - 4.026300*x22*x10 + 1.883445*x22*x11 + 2.832820*x22*x12  - 4.801158*x22*x13 + 0.849893*x22*x14 + 4.398043*x22*x15 + 6.322565*x22*x16 + 0.825187*x22*x17 + 1.800143*x22*x18 + 4.020393*x22*x19 + 7.922620*x22*x20 + 5.618986*x22*x21  - 3.877016*x22*x22 + 5.543012*x22*x23 + 5.188987*x22*x24 + 0.134852*x22*x25 + 2.661831*x22*x26 + 6.271073*x22*x27 + 4.113979*x22*x28  - 2.481903*x22*x29  - 4.542976*x22*x30  - 0.997287*x23*x1  - 7.249808*x23*x2 + 1.813246*x23*x3 + 4.791499*x23*x4 + 0.476182*x23*x5 + 3.924667*x23*x6  - 2.368923*x23*x7 + 3.518984*x23*x8 + 6.864443*x23*x9  - 5.127361*x23*x10  - 0.917201*x23*x11  - 3.065272*x23*x12 + 0.597144*x23*x13 + 4.291941*x23*x14  - 4.135711*x23*x15  - 9.463971*x23*x16 + 1.687080*x23*x17  - 5.531284*x23*x18  - 2.067810*x23*x19 + 1.324021*x23*x20 + 1.901529*x23*x21 + 5.543012*x23*x22  - 3.142865*x23*x23 + 7.722716*x23*x24 + 5.408326*x23*x25  - 8.068027*x23*x26 + 2.195671*x23*x27  - 3.436086*x23*x28 + 5.378248*x23*x29 + 0.191823*x23*x30 + 0.481636*x24*x1  - 6.306267*x24*x2 + 5.594749*x24*x3 + 5.279550*x24*x4  - 3.875052*x24*x5 + 1.903630*x24*x6 + 0.144428*x24*x7 + 3.729580*x24*x8  - 7.308975*x24*x9  - 0.585922*x24*x10 + 8.589071*x24*x11  - 0.977173*x24*x12 + 1.144680*x24*x13 + 1.033798*x24*x14 + 3.216010*x24*x15  - 7.723152*x24*x16 + 3.572018*x24*x17 + 5.424282*x24*x18 + 3.148839*x24*x19  - 4.683396*x24*x20 + 5.289498*x24*x21 + 5.188987*x24*x22 + 7.722716*x24*x23  - 2.480887*x24*x24  - 6.284609*x24*x25  - 1.252173*x24*x26 + 9.448548*x24*x27  - 7.433292*x24*x28  - 5.782073*x24*x29 + 5.888777*x24*x30  - 6.673108*x25*x1  - 0.452537*x25*x2 + 1.505294*x25*x3  - 3.347814*x25*x4  - 2.282753*x25*x5  - 0.620692*x25*x6  - 0.405480*x25*x7  - 0.122328*x25*x8  - 2.141214*x25*x9 + 3.065584*x25*x10  - 4.432204*x25*x11 + 0.794692*x25*x12  - 4.224646*x25*x13 + 3.562576*x25*x14 + 3.487638*x25*x15 + 1.530225*x25*x16 + 3.791256*x25*x17  - 0.888624*x25*x18  - 7.052330*x25*x19 + 3.676489*x25*x20 + 5.157348*x25*x21 + 0.134852*x25*x22 + 5.408326*x25*x23  - 6.284609*x25*x24  - 1.105372*x25*x25  - 0.903655*x25*x26  - 0.004398*x25*x27 + 2.404823*x25*x28  - 8.313402*x25*x29 + 7.424100*x25*x30 + 2.008194*x26*x1 + 0.113397*x26*x2  - 1.603836*x26*x3  - 5.150683*x26*x4 + 3.288490*x26*x5  - 3.441887*x26*x6  - 2.730329*x26*x7  - 2.788895*x26*x8  - 7.094445*x26*x9 + 7.457846*x26*x10 + 2.758911*x26*x11  - 8.185641*x26*x12 + 3.138039*x26*x13  - 4.706527*x26*x14 + 9.045861*x26*x15 + 5.567268*x26*x16 + 6.137155*x26*x17 + 3.577396*x26*x18 + 1.939978*x26*x19 + 8.072102*x26*x20  - 6.857857*x26*x21 + 2.661831*x26*x22  - 8.068027*x26*x23  - 1.252173*x26*x24  - 0.903655*x26*x25  - 1.155603*x26*x26  - 2.692713*x26*x27 + 3.500209*x26*x28 + 1.991057*x26*x29 + 9.352082*x26*x30 + 2.194026*x27*x1 + 1.197297*x27*x2 + 4.600963*x27*x3  - 2.597372*x27*x4  - 5.142382*x27*x5  - 3.757993*x27*x6 + 3.913809*x27*x7  - 2.210268*x27*x8 + 0.604168*x27*x9  - 0.519088*x27*x10 + 1.786339*x27*x11  - 1.436978*x27*x12  - 2.465033*x27*x13  - 2.042370*x27*x14 + 2.744048*x27*x15 + 0.630595*x27*x16  - 6.298476*x27*x17 + 5.348778*x27*x18  - 8.791128*x27*x19 + 0.952560*x27*x20 + 2.559146*x27*x21 + 6.271073*x27*x22 + 2.195671*x27*x23 + 9.448548*x27*x24  - 0.004398*x27*x25  - 2.692713*x27*x26  - 0.267746*x27*x27  - 0.568176*x27*x28 + 5.686374*x27*x29 + 6.307890*x27*x30 + 5.340651*x28*x1 + 2.059802*x28*x2  - 1.781489*x28*x3 + 4.106168*x28*x4  - 1.917572*x28*x5  - 7.398257*x28*x6 + 2.511064*x28*x7  - 0.161389*x28*x8  - 4.272982*x28*x9 + 4.719086*x28*x10 + 2.752056*x28*x11  - 5.406845*x28*x12 + 0.616612*x28*x13  - 4.417754*x28*x14  - 2.872048*x28*x15 + 8.020723*x28*x16  - 8.238512*x28*x17 + 4.923593*x28*x18  - 0.023379*x28*x19  - 1.578595*x28*x20 + 8.156403*x28*x21 + 4.113979*x28*x22  - 3.436086*x28*x23  - 7.433292*x28*x24 + 2.404823*x28*x25 + 3.500209*x28*x26  - 0.568176*x28*x27  - 2.182943*x28*x28 + 8.603872*x28*x29 + 5.459389*x28*x30 + 4.189385*x29*x1 + 5.530341*x29*x2 + 5.351378*x29*x3 + 0.925862*x29*x4 + 6.755383*x29*x5 + 5.048412*x29*x6 + 1.580466*x29*x7 + 4.543874*x29*x8 + 3.834584*x29*x9 + 2.135531*x29*x10  - 6.403337*x29*x11  - 0.008638*x29*x12  - 4.800773*x29*x13  - 0.576497*x29*x14  - 1.723656*x29*x15 + 5.103656*x29*x16  - 4.548632*x29*x17  - 4.912531*x29*x18 + 6.592211*x29*x19 + 4.728086*x29*x20 + 7.380710*x29*x21  - 2.481903*x29*x22 + 5.378248*x29*x23  - 5.782073*x29*x24  - 8.313402*x29*x25 + 1.991057*x29*x26 + 5.686374*x29*x27 + 8.603872*x29*x28  - 1.490172*x29*x29 + 1.723400*x29*x30 + 0.590748*x30*x1 + 0.063966*x30*x2 + 5.120603*x30*x3  - 0.967719*x30*x4 + 2.201772*x30*x5 + 3.474401*x30*x6 + 9.048219*x30*x7 + 3.281569*x30*x8 + 6.336512*x30*x9  - 5.797808*x30*x10 + 6.756898*x30*x11 + 7.736958*x30*x12 + 2.844045*x30*x13 + 9.668896*x30*x14  - 1.964918*x30*x15 + 2.055010*x30*x16  - 0.094181*x30*x17  - 0.825784*x30*x18  - 2.640723*x30*x19  - 0.142124*x30*x20 + 2.479596*x30*x21  - 4.542976*x30*x22 + 0.191823*x30*x23 + 5.888777*x30*x24 + 7.424100*x30*x25 + 9.352082*x30*x26 + 6.307890*x30*x27 + 5.459389*x30*x28 + 1.723400*x30*x29  - 2.902361*x30*x30 ;
