OPTIONS {
 MaxTime: 10000;
 EpsR: 0.000001;
 }
 
VARIABLES	x1,x2,x3,x4,x5,x6,x7,x8,x9,x10,x11,x12,x13,x14,x15,x16,x17,x18,x19,x20,x21,x22,x23,x24,x25,x26,x27,x28,x29,x30;
LOWER_BOUNDS {
x1: 0.000000;
x2: 0.000000;
x3: 0.000000;
x4: 0.000000;
x5: 0.000000;
x6: 0.000000;
x7: 0.000000;
x8: 0.000000;
x9: 0.000000;
x10: 0.000000;
x11: 0.000000;
x12: 0.000000;
x13: 0.000000;
x14: 0.000000;
x15: 0.000000;
x16: 0.000000;
x17: 0.000000;
x18: 0.000000;
x19: 0.000000;
x20: 0.000000;
x21: 0.000000;
x22: 0.000000;
x23: 0.000000;
x24: 0.000000;
x25: 0.000000;
x26: 0.000000;
x27: 0.000000;
x28: 0.000000;
x29: 0.000000;
x30: 0.000000;
}

UPPER_BOUNDS {
x1: 1.000000;
x2: 1.000000;
x3: 1.000000;
x4: 1.000000;
x5: 1.000000;
x6: 1.000000;
x7: 1.000000;
x8: 1.000000;
x9: 1.000000;
x10: 1.000000;
x11: 1.000000;
x12: 1.000000;
x13: 1.000000;
x14: 1.000000;
x15: 1.000000;
x16: 1.000000;
x17: 1.000000;
x18: 1.000000;
x19: 1.000000;
x20: 1.000000;
x21: 1.000000;
x22: 1.000000;
x23: 1.000000;
x24: 1.000000;
x25: 1.000000;
x26: 1.000000;
x27: 1.000000;
x28: 1.000000;
x29: 1.000000;
x30: 1.000000;
}

EQUATIONS e1;

e1:  1.000000*x1  + 1.000000*x2  + 1.000000*x3  + 1.000000*x4  + 1.000000*x5  + 1.000000*x6  + 1.000000*x7  + 1.000000*x8  + 1.000000*x9  + 1.000000*x10  + 1.000000*x11  + 1.000000*x12  + 1.000000*x13  + 1.000000*x14  + 1.000000*x15  + 1.000000*x16  + 1.000000*x17  + 1.000000*x18  + 1.000000*x19  + 1.000000*x20  + 1.000000*x21  + 1.000000*x22  + 1.000000*x23  + 1.000000*x24  + 1.000000*x25  + 1.000000*x26  + 1.000000*x27  + 1.000000*x28  + 1.000000*x29  + 1.000000*x30  == 1.000000;

OBJ: minimize	 2.993436*x1*x1  - 4.651975*x1*x2  - 4.811381*x1*x3  - 5.316068*x1*x4  - 3.569942*x1*x5  - 2.061220*x1*x6  - 4.656714*x1*x7  - 1.149798*x1*x8  - 6.727315*x1*x9  - 3.159471*x1*x10  - 5.713947*x1*x11  - 3.246072*x1*x12  - 6.776371*x1*x13  - 7.138638*x1*x14  - 8.569424*x1*x15  - 5.162853*x1*x16  - 3.038900*x1*x17  - 4.305936*x1*x18  - 6.329846*x1*x19  - 5.592685*x1*x20  - 1.949902*x1*x21  - 4.528682*x1*x22  - 5.357119*x1*x23  - 5.290736*x1*x24  - 4.446206*x1*x25  - 3.189171*x1*x26  - 7.627989*x1*x27  - 3.342851*x1*x28  - 0.167448*x1*x29  - 4.606808*x1*x30  - 4.651975*x2*x1 + 1.702841*x2*x2  - 4.837456*x2*x3  - 8.951414*x2*x4  - 8.557778*x2*x5  - 4.847696*x2*x6  - 4.985609*x2*x7  - 5.376654*x2*x8  - 8.041401*x2*x9  - 4.447110*x2*x10  - 8.615162*x2*x11  - 0.112808*x2*x12  - 6.989670*x2*x13  - 0.663340*x2*x14  - 1.560404*x2*x15  - 3.005344*x2*x16  - 6.932982*x2*x17  - 4.091680*x2*x18  - 6.602408*x2*x19  - 6.423733*x2*x20  - 4.183068*x2*x21  - 1.517635*x2*x22  - 5.936442*x2*x23  - 6.703913*x2*x24  - 6.341807*x2*x25  - 3.597884*x2*x26  - 2.130531*x2*x27  - 1.024654*x2*x28  - 2.993299*x2*x29  - 8.363633*x2*x30  - 4.811381*x3*x1  - 4.837456*x3*x2 + 0.419635*x3*x3  - 0.707794*x3*x4  - 5.547457*x3*x5  - 5.334647*x3*x6  - 4.657857*x3*x7  - 2.264281*x3*x8  - 6.588554*x3*x9  - 4.481486*x3*x10  - 5.957620*x3*x11  - 6.162554*x3*x12  - 5.440716*x3*x13  - 7.462025*x3*x14  - 4.309455*x3*x15  - 5.624338*x3*x16  - 4.614039*x3*x17  - 3.083695*x3*x18  - 3.124578*x3*x19  - 2.710715*x3*x20  - 8.632111*x3*x21  - 7.337134*x3*x22  - 3.994145*x3*x23  - 3.703890*x3*x24  - 3.815531*x3*x25  - 5.991614*x3*x26  - 2.484285*x3*x27  - 5.520423*x3*x28  - 4.460749*x3*x29  - 8.275958*x3*x30  - 5.316068*x4*x1  - 8.951414*x4*x2  - 0.707794*x4*x3 + 1.688433*x4*x4  - 5.969590*x4*x5  - 3.860245*x4*x6  - 7.275771*x4*x7  - 6.086175*x4*x8  - 5.712764*x4*x9  - 7.718270*x4*x10  - 4.741651*x4*x11  - 3.359041*x4*x12  - 4.068773*x4*x13  - 6.920826*x4*x14  - 3.193715*x4*x15  - 9.221661*x4*x16  - 5.187865*x4*x17  - 5.382162*x4*x18  - 3.806585*x4*x19  - 9.226189*x4*x20  - 8.254204*x4*x21  - 0.719436*x4*x22  - 8.192187*x4*x23  - 1.507847*x4*x24  - 6.076559*x4*x25  - 3.508638*x4*x26  - 4.967336*x4*x27  - 5.555889*x4*x28  - 2.394853*x4*x29  - 5.205250*x4*x30  - 3.569942*x5*x1  - 8.557778*x5*x2  - 5.547457*x5*x3  - 5.969590*x5*x4 + 2.574834*x5*x5  - 4.380823*x5*x6  - 6.572453*x5*x7  - 3.012918*x5*x8  - 4.741020*x5*x9  - 8.965532*x5*x10  - 2.847829*x5*x11  - 7.723515*x5*x12  - 3.411134*x5*x13  - 7.903864*x5*x14  - 6.866478*x5*x15  - 5.006040*x5*x16  - 3.733235*x5*x17  - 6.842187*x5*x18  - 4.080186*x5*x19  - 4.594996*x5*x20  - 6.744576*x5*x21  - 1.943728*x5*x22  - 4.306826*x5*x23  - 7.505844*x5*x24  - 6.292217*x5*x25  - 3.404552*x5*x26  - 2.920940*x5*x27  - 2.878864*x5*x28  - 4.098184*x5*x29  - 4.230269*x5*x30  - 2.061220*x6*x1  - 4.847696*x6*x2  - 5.334647*x6*x3  - 3.860245*x6*x4  - 4.380823*x6*x5 + 1.846974*x6*x6  - 4.100665*x6*x7  - 3.344632*x6*x8  - 4.429297*x6*x9  - 3.228036*x6*x10  - 8.010831*x6*x11  - 5.939165*x6*x12  - 3.921464*x6*x13  - 3.364929*x6*x14  - 8.318173*x6*x15  - 9.136743*x6*x16  - 1.193400*x6*x17  - 5.964940*x6*x18  - 2.822935*x6*x19  - 2.974236*x6*x20  - 3.659562*x6*x21  - 7.159655*x6*x22  - 3.374225*x6*x23  - 6.582784*x6*x24  - 5.259992*x6*x25  - 7.580272*x6*x26  - 4.635668*x6*x27  - 1.282154*x6*x28  - 3.898640*x6*x29  - 6.018257*x6*x30  - 4.656714*x7*x1  - 4.985609*x7*x2  - 4.657857*x7*x3  - 7.275771*x7*x4  - 6.572453*x7*x5  - 4.100665*x7*x6 + 2.138098*x7*x7  - 2.026553*x7*x8  - 0.770678*x7*x9  - 2.861022*x7*x10  - 3.808368*x7*x11  - 3.247313*x7*x12  - 1.883638*x7*x13  - 5.368323*x7*x14  - 6.069381*x7*x15  - 2.784008*x7*x16  - 2.099894*x7*x17  - 5.358140*x7*x18  - 0.675437*x7*x19  - 2.234033*x7*x20  - 3.375408*x7*x21  - 5.118441*x7*x22  - 3.773222*x7*x23  - 4.885866*x7*x24  - 1.385169*x7*x25  - 3.745622*x7*x26  - 7.098691*x7*x27  - 2.509141*x7*x28  - 6.415481*x7*x29  - 1.763564*x7*x30  - 1.149798*x8*x1  - 5.376654*x8*x2  - 2.264281*x8*x3  - 6.086175*x8*x4  - 3.012918*x8*x5  - 3.344632*x8*x6  - 2.026553*x8*x7 + 3.480095*x8*x8  - 6.621581*x8*x9  - 3.106325*x8*x10  - 6.201805*x8*x11  - 7.216510*x8*x12  - 2.005026*x8*x13  - 5.350161*x8*x14  - 5.003865*x8*x15  - 1.828040*x8*x16  - 7.350427*x8*x17  - 2.324384*x8*x18  - 3.014895*x8*x19  - 3.302074*x8*x20  - 9.549121*x8*x21  - 3.247178*x8*x22  - 4.032224*x8*x23  - 8.552790*x8*x24  - 6.728146*x8*x25  - 4.749409*x8*x26  - 4.374926*x8*x27  - 1.699278*x8*x28  - 3.114268*x8*x29  - 7.887298*x8*x30  - 6.727315*x9*x1  - 8.041401*x9*x2  - 6.588554*x9*x3  - 5.712764*x9*x4  - 4.741020*x9*x5  - 4.429297*x9*x6  - 0.770678*x9*x7  - 6.621581*x9*x8 + 1.239093*x9*x9  - 3.782348*x9*x10  - 5.420889*x9*x11  - 4.866036*x9*x12  - 8.588684*x9*x13  - 2.707712*x9*x14  - 4.945979*x9*x15  - 8.381897*x9*x16  - 3.102975*x9*x17  - 4.863345*x9*x18  - 5.372511*x9*x19  - 5.146353*x9*x20  - 1.371857*x9*x21  - 3.989298*x9*x22  - 0.773745*x9*x23  - 3.479386*x9*x24  - 6.559145*x9*x25  - 5.306754*x9*x26  - 2.588573*x9*x27  - 6.620280*x9*x28  - 3.792445*x9*x29  - 2.001068*x9*x30  - 3.159471*x10*x1  - 4.447110*x10*x2  - 4.481486*x10*x3  - 7.718270*x10*x4  - 8.965532*x10*x5  - 3.228036*x10*x6  - 2.861022*x10*x7  - 3.106325*x10*x8  - 3.782348*x10*x9 + 2.023943*x10*x10  - 6.194512*x10*x11  - 4.343578*x10*x12  - 4.736518*x10*x13  - 4.753968*x10*x14  - 7.258098*x10*x15  - 3.355814*x10*x16  - 4.509562*x10*x17  - 6.305127*x10*x18  - 7.338642*x10*x19  - 3.565061*x10*x20  - 4.920102*x10*x21  - 3.224675*x10*x22  - 4.943345*x10*x23  - 3.274185*x10*x24  - 3.283406*x10*x25  - 2.460622*x10*x26  - 3.116605*x10*x27  - 7.055246*x10*x28  - 9.665004*x10*x29  - 1.575305*x10*x30  - 5.713947*x11*x1  - 8.615162*x11*x2  - 5.957620*x11*x3  - 4.741651*x11*x4  - 2.847829*x11*x5  - 8.010831*x11*x6  - 3.808368*x11*x7  - 6.201805*x11*x8  - 5.420889*x11*x9  - 6.194512*x11*x10 + 3.800705*x11*x11  - 4.908587*x11*x12  - 4.006836*x11*x13  - 5.090377*x11*x14  - 5.194052*x11*x15  - 2.597179*x11*x16  - 1.495190*x11*x17  - 5.874362*x11*x18  - 1.545225*x11*x19  - 5.466383*x11*x20  - 5.528323*x11*x21  - 6.019281*x11*x22  - 7.129954*x11*x23  - 6.199974*x11*x24  - 2.757741*x11*x25  - 2.995045*x11*x26  - 6.548767*x11*x27  - 2.832771*x11*x28  - 5.138647*x11*x29  - 5.404421*x11*x30  - 3.246072*x12*x1  - 0.112808*x12*x2  - 6.162554*x12*x3  - 3.359041*x12*x4  - 7.723515*x12*x5  - 5.939165*x12*x6  - 3.247313*x12*x7  - 7.216510*x12*x8  - 4.866036*x12*x9  - 4.343578*x12*x10  - 4.908587*x12*x11 + 2.756148*x12*x12  - 3.705460*x12*x13  - 9.099581*x12*x14  - 1.524553*x12*x15  - 6.057802*x12*x16  - 5.777158*x12*x17  - 1.698287*x12*x18  - 3.612520*x12*x19  - 6.265028*x12*x20  - 3.624237*x12*x21  - 7.078322*x12*x22  - 3.972387*x12*x23  - 7.302112*x12*x24  - 4.219590*x12*x25  - 5.606617*x12*x26  - 2.395339*x12*x27  - 5.187172*x12*x28  - 4.372900*x12*x29  - 6.170339*x12*x30  - 6.776371*x13*x1  - 6.989670*x13*x2  - 5.440716*x13*x3  - 4.068773*x13*x4  - 3.411134*x13*x5  - 3.921464*x13*x6  - 1.883638*x13*x7  - 2.005026*x13*x8  - 8.588684*x13*x9  - 4.736518*x13*x10  - 4.006836*x13*x11  - 3.705460*x13*x12 + 3.017394*x13*x13  - 5.070907*x13*x14  - 5.832461*x13*x15  - 1.554628*x13*x16  - 1.884730*x13*x17  - 5.138908*x13*x18  - 6.229501*x13*x19  - 3.984124*x13*x20  - 7.544062*x13*x21  - 2.683926*x13*x22  - 8.566858*x13*x23  - 3.037141*x13*x24  - 5.998046*x13*x25  - 7.616316*x13*x26  - 0.749393*x13*x27  - 5.495281*x13*x28  - 7.025423*x13*x29  - 6.209450*x13*x30  - 7.138638*x14*x1  - 0.663340*x14*x2  - 7.462025*x14*x3  - 6.920826*x14*x4  - 7.903864*x14*x5  - 3.364929*x14*x6  - 5.368323*x14*x7  - 5.350161*x14*x8  - 2.707712*x14*x9  - 4.753968*x14*x10  - 5.090377*x14*x11  - 9.099581*x14*x12  - 5.070907*x14*x13 + 2.390446*x14*x14  - 4.860728*x14*x15  - 4.529705*x14*x16  - 7.584068*x14*x17  - 3.916986*x14*x18  - 7.580243*x14*x19  - 3.940667*x14*x20  - 8.061384*x14*x21  - 6.172515*x14*x22  - 3.049265*x14*x23  - 5.549098*x14*x24  - 4.065636*x14*x25  - 5.958853*x14*x26  - 4.614095*x14*x27  - 5.118440*x14*x28  - 9.676057*x14*x29  - 7.478034*x14*x30  - 8.569424*x15*x1  - 1.560404*x15*x2  - 4.309455*x15*x3  - 3.193715*x15*x4  - 6.866478*x15*x5  - 8.318173*x15*x6  - 6.069381*x15*x7  - 5.003865*x15*x8  - 4.945979*x15*x9  - 7.258098*x15*x10  - 5.194052*x15*x11  - 1.524553*x15*x12  - 5.832461*x15*x13  - 4.860728*x15*x14 + 1.190707*x15*x15  - 0.918221*x15*x16  - 6.058020*x15*x17  - 5.554578*x15*x18  - 3.798439*x15*x19  - 4.805374*x15*x20  - 4.129760*x15*x21  - 6.967394*x15*x22  - 6.169916*x15*x23  - 2.762009*x15*x24  - 5.600189*x15*x25  - 4.502367*x15*x26  - 4.924794*x15*x27  - 1.793513*x15*x28  - 5.790482*x15*x29  - 9.225196*x15*x30  - 5.162853*x16*x1  - 3.005344*x16*x2  - 5.624338*x16*x3  - 9.221661*x16*x4  - 5.006040*x16*x5  - 9.136743*x16*x6  - 2.784008*x16*x7  - 1.828040*x16*x8  - 8.381897*x16*x9  - 3.355814*x16*x10  - 2.597179*x16*x11  - 6.057802*x16*x12  - 1.554628*x16*x13  - 4.529705*x16*x14  - 0.918221*x16*x15 + 2.593912*x16*x16  - 4.796791*x16*x17  - 6.424554*x16*x18  - 5.545743*x16*x19  - 1.208930*x16*x20  - 1.972325*x16*x21  - 4.644825*x16*x22  - 5.353926*x16*x23  - 3.184619*x16*x24  - 7.199029*x16*x25  - 4.402070*x16*x26  - 2.893775*x16*x27  - 7.334409*x16*x28  - 6.131914*x16*x29  - 3.209370*x16*x30  - 3.038900*x17*x1  - 6.932982*x17*x2  - 4.614039*x17*x3  - 5.187865*x17*x4  - 3.733235*x17*x5  - 1.193400*x17*x6  - 2.099894*x17*x7  - 7.350427*x17*x8  - 3.102975*x17*x9  - 4.509562*x17*x10  - 1.495190*x17*x11  - 5.777158*x17*x12  - 1.884730*x17*x13  - 7.584068*x17*x14  - 6.058020*x17*x15  - 4.796791*x17*x16 + 3.442663*x17*x17  - 5.416558*x17*x18  - 2.950884*x17*x19  - 1.408095*x17*x20  - 3.473855*x17*x21  - 1.526709*x17*x22  - 5.480525*x17*x23  - 6.174378*x17*x24  - 8.853776*x17*x25  - 3.089101*x17*x26  - 8.623269*x17*x27  - 4.070598*x17*x28  - 6.036051*x17*x29  - 7.593307*x17*x30  - 4.305936*x18*x1  - 4.091680*x18*x2  - 3.083695*x18*x3  - 5.382162*x18*x4  - 6.842187*x18*x5  - 5.964940*x18*x6  - 5.358140*x18*x7  - 2.324384*x18*x8  - 4.863345*x18*x9  - 6.305127*x18*x10  - 5.874362*x18*x11  - 1.698287*x18*x12  - 5.138908*x18*x13  - 3.916986*x18*x14  - 5.554578*x18*x15  - 6.424554*x18*x16  - 5.416558*x18*x17 + 2.890570*x18*x18  - 4.871787*x18*x19  - 3.797139*x18*x20  - 5.650681*x18*x21  - 6.309039*x18*x22  - 6.189880*x18*x23  - 6.727787*x18*x24  - 8.646033*x18*x25  - 1.091852*x18*x26  - 6.938590*x18*x27  - 6.774313*x18*x28  - 8.657576*x18*x29  - 5.743892*x18*x30  - 6.329846*x19*x1  - 6.602408*x19*x2  - 3.124578*x19*x3  - 3.806585*x19*x4  - 4.080186*x19*x5  - 2.822935*x19*x6  - 0.675437*x19*x7  - 3.014895*x19*x8  - 5.372511*x19*x9  - 7.338642*x19*x10  - 1.545225*x19*x11  - 3.612520*x19*x12  - 6.229501*x19*x13  - 7.580243*x19*x14  - 3.798439*x19*x15  - 5.545743*x19*x16  - 2.950884*x19*x17  - 4.871787*x19*x18 + 3.861773*x19*x19  - 2.872255*x19*x20  - 4.152760*x19*x21  - 5.734781*x19*x22  - 5.557413*x19*x23  - 2.946382*x19*x24  - 9.051667*x19*x25  - 3.408747*x19*x26  - 2.745893*x19*x27  - 9.032273*x19*x28  - 6.979977*x19*x29  - 9.680836*x19*x30  - 5.592685*x20*x1  - 6.423733*x20*x2  - 2.710715*x20*x3  - 9.226189*x20*x4  - 4.594996*x20*x5  - 2.974236*x20*x6  - 2.234033*x20*x7  - 3.302074*x20*x8  - 5.146353*x20*x9  - 3.565061*x20*x10  - 5.466383*x20*x11  - 6.265028*x20*x12  - 3.984124*x20*x13  - 3.940667*x20*x14  - 4.805374*x20*x15  - 1.208930*x20*x16  - 1.408095*x20*x17  - 3.797139*x20*x18  - 2.872255*x20*x19 + 2.236225*x20*x20  - 1.627184*x20*x21  - 7.173233*x20*x22  - 5.727575*x20*x23  - 2.950074*x20*x24  - 5.900757*x20*x25  - 4.391468*x20*x26  - 2.006048*x20*x27  - 3.728537*x20*x28  - 8.001192*x20*x29  - 7.094278*x20*x30  - 1.949902*x21*x1  - 4.183068*x21*x2  - 8.632111*x21*x3  - 8.254204*x21*x4  - 6.744576*x21*x5  - 3.659562*x21*x6  - 3.375408*x21*x7  - 9.549121*x21*x8  - 1.371857*x21*x9  - 4.920102*x21*x10  - 5.528323*x21*x11  - 3.624237*x21*x12  - 7.544062*x21*x13  - 8.061384*x21*x14  - 4.129760*x21*x15  - 1.972325*x21*x16  - 3.473855*x21*x17  - 5.650681*x21*x18  - 4.152760*x21*x19  - 1.627184*x21*x20 + 2.717882*x21*x21  - 6.556669*x21*x22  - 6.869678*x21*x23  - 8.134791*x21*x24  - 6.953454*x21*x25  - 1.235072*x21*x26  - 2.596701*x21*x27  - 7.164327*x21*x28  - 3.261170*x21*x29  - 5.133733*x21*x30  - 4.528682*x22*x1  - 1.517635*x22*x2  - 7.337134*x22*x3  - 0.719436*x22*x4  - 1.943728*x22*x5  - 7.159655*x22*x6  - 5.118441*x22*x7  - 3.247178*x22*x8  - 3.989298*x22*x9  - 3.224675*x22*x10  - 6.019281*x22*x11  - 7.078322*x22*x12  - 2.683926*x22*x13  - 6.172515*x22*x14  - 6.967394*x22*x15  - 4.644825*x22*x16  - 1.526709*x22*x17  - 6.309039*x22*x18  - 5.734781*x22*x19  - 7.173233*x22*x20  - 6.556669*x22*x21 + 3.274843*x22*x22  - 6.331314*x22*x23  - 1.150171*x22*x24  - 5.038140*x22*x25  - 5.314278*x22*x26  - 2.067950*x22*x27  - 7.422145*x22*x28  - 7.496840*x22*x29  - 5.966141*x22*x30  - 5.357119*x23*x1  - 5.936442*x23*x2  - 3.994145*x23*x3  - 8.192187*x23*x4  - 4.306826*x23*x5  - 3.374225*x23*x6  - 3.773222*x23*x7  - 4.032224*x23*x8  - 0.773745*x23*x9  - 4.943345*x23*x10  - 7.129954*x23*x11  - 3.972387*x23*x12  - 8.566858*x23*x13  - 3.049265*x23*x14  - 6.169916*x23*x15  - 5.353926*x23*x16  - 5.480525*x23*x17  - 6.189880*x23*x18  - 5.557413*x23*x19  - 5.727575*x23*x20  - 6.869678*x23*x21  - 6.331314*x23*x22 + 1.073282*x23*x23  - 5.792658*x23*x24  - 1.578671*x23*x25  - 3.280841*x23*x26  - 3.653691*x23*x27  - 7.830638*x23*x28  - 6.834205*x23*x29  - 8.415003*x23*x30  - 5.290736*x24*x1  - 6.703913*x24*x2  - 3.703890*x24*x3  - 1.507847*x24*x4  - 7.505844*x24*x5  - 6.582784*x24*x6  - 4.885866*x24*x7  - 8.552790*x24*x8  - 3.479386*x24*x9  - 3.274185*x24*x10  - 6.199974*x24*x11  - 7.302112*x24*x12  - 3.037141*x24*x13  - 5.549098*x24*x14  - 2.762009*x24*x15  - 3.184619*x24*x16  - 6.174378*x24*x17  - 6.727787*x24*x18  - 2.946382*x24*x19  - 2.950074*x24*x20  - 8.134791*x24*x21  - 1.150171*x24*x22  - 5.792658*x24*x23 + 1.725793*x24*x24  - 5.199186*x24*x25  - 8.642931*x24*x26  - 4.167049*x24*x27  - 2.793101*x24*x28  - 5.969513*x24*x29  - 4.772527*x24*x30  - 4.446206*x25*x1  - 6.341807*x25*x2  - 3.815531*x25*x3  - 6.076559*x25*x4  - 6.292217*x25*x5  - 5.259992*x25*x6  - 1.385169*x25*x7  - 6.728146*x25*x8  - 6.559145*x25*x9  - 3.283406*x25*x10  - 2.757741*x25*x11  - 4.219590*x25*x12  - 5.998046*x25*x13  - 4.065636*x25*x14  - 5.600189*x25*x15  - 7.199029*x25*x16  - 8.853776*x25*x17  - 8.646033*x25*x18  - 9.051667*x25*x19  - 5.900757*x25*x20  - 6.953454*x25*x21  - 5.038140*x25*x22  - 1.578671*x25*x23  - 5.199186*x25*x24 + 2.238667*x25*x25  - 3.761870*x25*x26  - 6.914672*x25*x27  - 5.730937*x25*x28  - 6.377245*x25*x29  - 3.123540*x25*x30  - 3.189171*x26*x1  - 3.597884*x26*x2  - 5.991614*x26*x3  - 3.508638*x26*x4  - 3.404552*x26*x5  - 7.580272*x26*x6  - 3.745622*x26*x7  - 4.749409*x26*x8  - 5.306754*x26*x9  - 2.460622*x26*x10  - 2.995045*x26*x11  - 5.606617*x26*x12  - 7.616316*x26*x13  - 5.958853*x26*x14  - 4.502367*x26*x15  - 4.402070*x26*x16  - 3.089101*x26*x17  - 1.091852*x26*x18  - 3.408747*x26*x19  - 4.391468*x26*x20  - 1.235072*x26*x21  - 5.314278*x26*x22  - 3.280841*x26*x23  - 8.642931*x26*x24  - 3.761870*x26*x25 + 3.839399*x26*x26  - 6.702626*x26*x27  - 5.980276*x26*x28  - 4.166355*x26*x29  - 2.521053*x26*x30  - 7.627989*x27*x1  - 2.130531*x27*x2  - 2.484285*x27*x3  - 4.967336*x27*x4  - 2.920940*x27*x5  - 4.635668*x27*x6  - 7.098691*x27*x7  - 4.374926*x27*x8  - 2.588573*x27*x9  - 3.116605*x27*x10  - 6.548767*x27*x11  - 2.395339*x27*x12  - 0.749393*x27*x13  - 4.614095*x27*x14  - 4.924794*x27*x15  - 2.893775*x27*x16  - 8.623269*x27*x17  - 6.938590*x27*x18  - 2.745893*x27*x19  - 2.006048*x27*x20  - 2.596701*x27*x21  - 2.067950*x27*x22  - 3.653691*x27*x23  - 4.167049*x27*x24  - 6.914672*x27*x25  - 6.702626*x27*x26 + 3.635519*x27*x27  - 3.608992*x27*x28  - 4.391370*x27*x29  - 5.984520*x27*x30  - 3.342851*x28*x1  - 1.024654*x28*x2  - 5.520423*x28*x3  - 5.555889*x28*x4  - 2.878864*x28*x5  - 1.282154*x28*x6  - 2.509141*x28*x7  - 1.699278*x28*x8  - 6.620280*x28*x9  - 7.055246*x28*x10  - 2.832771*x28*x11  - 5.187172*x28*x12  - 5.495281*x28*x13  - 5.118440*x28*x14  - 1.793513*x28*x15  - 7.334409*x28*x16  - 4.070598*x28*x17  - 6.774313*x28*x18  - 9.032273*x28*x19  - 3.728537*x28*x20  - 7.164327*x28*x21  - 7.422145*x28*x22  - 7.830638*x28*x23  - 2.793101*x28*x24  - 5.730937*x28*x25  - 5.980276*x28*x26  - 3.608992*x28*x27 + 2.689870*x28*x28  - 5.205126*x28*x29  - 3.163588*x28*x30  - 0.167448*x29*x1  - 2.993299*x29*x2  - 4.460749*x29*x3  - 2.394853*x29*x4  - 4.098184*x29*x5  - 3.898640*x29*x6  - 6.415481*x29*x7  - 3.114268*x29*x8  - 3.792445*x29*x9  - 9.665004*x29*x10  - 5.138647*x29*x11  - 4.372900*x29*x12  - 7.025423*x29*x13  - 9.676057*x29*x14  - 5.790482*x29*x15  - 6.131914*x29*x16  - 6.036051*x29*x17  - 8.657576*x29*x18  - 6.979977*x29*x19  - 8.001192*x29*x20  - 3.261170*x29*x21  - 7.496840*x29*x22  - 6.834205*x29*x23  - 5.969513*x29*x24  - 6.377245*x29*x25  - 4.166355*x29*x26  - 4.391370*x29*x27  - 5.205126*x29*x28 + 2.677829*x29*x29  - 4.268414*x29*x30  - 4.606808*x30*x1  - 8.363633*x30*x2  - 8.275958*x30*x3  - 5.205250*x30*x4  - 4.230269*x30*x5  - 6.018257*x30*x6  - 1.763564*x30*x7  - 7.887298*x30*x8  - 2.001068*x30*x9  - 1.575305*x30*x10  - 5.404421*x30*x11  - 6.170339*x30*x12  - 6.209450*x30*x13  - 7.478034*x30*x14  - 9.225196*x30*x15  - 3.209370*x30*x16  - 7.593307*x30*x17  - 5.743892*x30*x18  - 9.680836*x30*x19  - 7.094278*x30*x20  - 5.133733*x30*x21  - 5.966141*x30*x22  - 8.415003*x30*x23  - 4.772527*x30*x24  - 3.123540*x30*x25  - 2.521053*x30*x26  - 5.984520*x30*x27  - 3.163588*x30*x28  - 4.268414*x30*x29 + 3.048614*x30*x30 ;
