OPTIONS {
 MaxTime: 10000;
 EpsR: 0.000001;
 }
 
VARIABLES	x1,x2,x3,x4,x5,x6,x7,x8,x9,x10,x11,x12,x13,x14,x15,x16,x17,x18,x19,x20,x21,x22,x23,x24,x25,x26,x27,x28,x29,x30;
LOWER_BOUNDS {
x1: 0.000000;
x2: 0.000000;
x3: 0.000000;
x4: 0.000000;
x5: 0.000000;
x6: 0.000000;
x7: 0.000000;
x8: 0.000000;
x9: 0.000000;
x10: 0.000000;
x11: 0.000000;
x12: 0.000000;
x13: 0.000000;
x14: 0.000000;
x15: 0.000000;
x16: 0.000000;
x17: 0.000000;
x18: 0.000000;
x19: 0.000000;
x20: 0.000000;
x21: 0.000000;
x22: 0.000000;
x23: 0.000000;
x24: 0.000000;
x25: 0.000000;
x26: 0.000000;
x27: 0.000000;
x28: 0.000000;
x29: 0.000000;
x30: 0.000000;
}

UPPER_BOUNDS {
x1: 1.000000;
x2: 1.000000;
x3: 1.000000;
x4: 1.000000;
x5: 1.000000;
x6: 1.000000;
x7: 1.000000;
x8: 1.000000;
x9: 1.000000;
x10: 1.000000;
x11: 1.000000;
x12: 1.000000;
x13: 1.000000;
x14: 1.000000;
x15: 1.000000;
x16: 1.000000;
x17: 1.000000;
x18: 1.000000;
x19: 1.000000;
x20: 1.000000;
x21: 1.000000;
x22: 1.000000;
x23: 1.000000;
x24: 1.000000;
x25: 1.000000;
x26: 1.000000;
x27: 1.000000;
x28: 1.000000;
x29: 1.000000;
x30: 1.000000;
}

EQUATIONS e1;

e1:  1.000000*x1  + 1.000000*x2  + 1.000000*x3  + 1.000000*x4  + 1.000000*x5  + 1.000000*x6  + 1.000000*x7  + 1.000000*x8  + 1.000000*x9  + 1.000000*x10  + 1.000000*x11  + 1.000000*x12  + 1.000000*x13  + 1.000000*x14  + 1.000000*x15  + 1.000000*x16  + 1.000000*x17  + 1.000000*x18  + 1.000000*x19  + 1.000000*x20  + 1.000000*x21  + 1.000000*x22  + 1.000000*x23  + 1.000000*x24  + 1.000000*x25  + 1.000000*x26  + 1.000000*x27  + 1.000000*x28  + 1.000000*x29  + 1.000000*x30  == 1.000000;

OBJ: minimize	 - 2.251144*x1*x1 + 5.611968*x1*x2 + 1.862845*x1*x3 + 3.039752*x1*x4 + 2.775944*x1*x5 + 2.598429*x1*x6 + 6.997245*x1*x7 + 3.606973*x1*x8 + 1.376225*x1*x9 + 7.894578*x1*x10 + 3.955625*x1*x11 + 2.655742*x1*x12 + 9.279279*x1*x13 + 9.223297*x1*x14 + 8.124350*x1*x15 + 3.716981*x1*x16 + 7.083596*x1*x17 + 3.266733*x1*x18 + 2.858095*x1*x19 + 7.134604*x1*x20 + 4.502198*x1*x21 + 4.264318*x1*x22 + 3.991657*x1*x23 + 5.895057*x1*x24 + 5.251761*x1*x25 + 0.561153*x1*x26 + 4.816084*x1*x27 + 3.852225*x1*x28 + 5.598065*x1*x29 + 4.099545*x1*x30 + 5.611968*x2*x1  - 1.648517*x2*x2 + 7.391295*x2*x3 + 6.897634*x2*x4 + 3.114853*x2*x5 + 5.177395*x2*x6 + 3.701145*x2*x7 + 5.953920*x2*x8 + 3.601793*x2*x9 + 7.907702*x2*x10 + 9.208290*x2*x11 + 8.227090*x2*x12 + 5.518765*x2*x13 + 6.261583*x2*x14 + 7.514612*x2*x15 + 3.471331*x2*x16 + 5.263068*x2*x17 + 6.377382*x2*x18 + 8.443275*x2*x19 + 5.784184*x2*x20 + 2.903975*x2*x21 + 5.046956*x2*x22 + 5.792099*x2*x23 + 3.654277*x2*x24 + 4.603772*x2*x25 + 5.768727*x2*x26 + 1.726512*x2*x27 + 5.658216*x2*x28 + 1.867446*x2*x29 + 3.049767*x2*x30 + 1.862845*x3*x1 + 7.391295*x3*x2  - 2.334106*x3*x3 + 6.169182*x3*x4 + 8.810328*x3*x5 + 2.763868*x3*x6 + 4.364306*x3*x7 + 4.738511*x3*x8 + 5.827412*x3*x9 + 1.748170*x3*x10 + 5.425124*x3*x11 + 7.806679*x3*x12 + 5.892822*x3*x13 + 4.324126*x3*x14 + 2.083441*x3*x15 + 4.361295*x3*x16 + 4.868425*x3*x17 + 6.225680*x3*x18 + 2.608275*x3*x19 + 5.261631*x3*x20 + 5.432488*x3*x21 + 4.427772*x3*x22 + 7.797462*x3*x23 + 3.668126*x3*x24 + 6.107090*x3*x25 + 6.833220*x3*x26 + 5.880700*x3*x27 + 4.905545*x3*x28 + 7.530314*x3*x29 + 6.124647*x3*x30 + 3.039752*x4*x1 + 6.897634*x4*x2 + 6.169182*x4*x3  - 4.599683*x4*x4 + 7.358247*x4*x5 + 2.240795*x4*x6 + 7.077593*x4*x7 + 2.203473*x4*x8 + 6.685533*x4*x9 + 6.712633*x4*x10 + 4.681854*x4*x11 + 2.533369*x4*x12 + 5.266815*x4*x13 + 5.641128*x4*x14 + 3.221948*x4*x15 + 3.860108*x4*x16 + 3.386391*x4*x17 + 0.246451*x4*x18 + 6.719831*x4*x19 + 5.574209*x4*x20 + 7.164416*x4*x21 + 6.301790*x4*x22 + 5.272905*x4*x23 + 8.674217*x4*x24 + 6.349553*x4*x25 + 5.421323*x4*x26 + 5.485464*x4*x27 + 4.556411*x4*x28 + 6.701198*x4*x29 + 3.257772*x4*x30 + 2.775944*x5*x1 + 3.114853*x5*x2 + 8.810328*x5*x3 + 7.358247*x5*x4  - 2.280383*x5*x5 + 4.834039*x5*x6 + 4.525080*x5*x7 + 5.727006*x5*x8 + 5.703483*x5*x9 + 5.531221*x5*x10 + 9.457100*x5*x11 + 4.511914*x5*x12 + 5.082115*x5*x13 + 2.590979*x5*x14 + 4.845478*x5*x15 + 4.436203*x5*x16 + 5.114318*x5*x17 + 7.426787*x5*x18 + 2.297837*x5*x19 + 6.783315*x5*x20 + 4.357291*x5*x21 + 5.028100*x5*x22 + 6.809725*x5*x23 + 0.219294*x5*x24 + 5.143532*x5*x25 + 7.600000*x5*x26 + 5.134628*x5*x27 + 5.340762*x5*x28 + 6.981982*x5*x29 + 5.293802*x5*x30 + 2.598429*x6*x1 + 5.177395*x6*x2 + 2.763868*x6*x3 + 2.240795*x6*x4 + 4.834039*x6*x5  - 0.213595*x6*x6 + 8.712103*x6*x7 + 8.506443*x6*x8 + 8.886458*x6*x9 + 6.731715*x6*x10 + 6.238639*x6*x11 + 4.309979*x6*x12 + 3.936110*x6*x13 + 3.168761*x6*x14 + 5.216820*x6*x15 + 5.768249*x6*x16 + 7.530331*x6*x17 + 4.333604*x6*x18 + 3.905303*x6*x19 + 6.921840*x6*x20 + 5.761171*x6*x21 + 6.546023*x6*x22 + 3.749862*x6*x23 + 4.876289*x6*x24 + 6.710772*x6*x25 + 7.655069*x6*x26 + 5.650556*x6*x27 + 4.729348*x6*x28 + 3.338265*x6*x29 + 4.755691*x6*x30 + 6.997245*x7*x1 + 3.701145*x7*x2 + 4.364306*x7*x3 + 7.077593*x7*x4 + 4.525080*x7*x5 + 8.712103*x7*x6  - 4.360653*x7*x7 + 2.709316*x7*x8 + 7.206645*x7*x9 + 4.702780*x7*x10 + 1.635323*x7*x11 + 4.914481*x7*x12 + 7.172634*x7*x13 + 7.518748*x7*x14 + 4.930128*x7*x15 + 3.965983*x7*x16 + 6.594904*x7*x17 + 9.102590*x7*x18 + 3.265478*x7*x19 + 7.563445*x7*x20 + 2.547811*x7*x21 + 3.281290*x7*x22 + 4.303826*x7*x23 + 6.462417*x7*x24 + 4.860526*x7*x25 + 4.123552*x7*x26 + 3.866587*x7*x27 + 6.813255*x7*x28 + 2.409205*x7*x29 + 4.107394*x7*x30 + 3.606973*x8*x1 + 5.953920*x8*x2 + 4.738511*x8*x3 + 2.203473*x8*x4 + 5.727006*x8*x5 + 8.506443*x8*x6 + 2.709316*x8*x7  - 1.643022*x8*x8 + 3.162944*x8*x9 + 0.844744*x8*x10 + 7.064509*x8*x11 + 3.254128*x8*x12 + 3.358004*x8*x13 + 2.319335*x8*x14 + 2.818476*x8*x15 + 6.282864*x8*x16 + 7.519082*x8*x17 + 3.409998*x8*x18 + 5.248392*x8*x19 + 6.591954*x8*x20 + 6.038427*x8*x21 + 6.406831*x8*x22 + 4.646344*x8*x23 + 7.811142*x8*x24 + 5.643065*x8*x25 + 6.064764*x8*x26 + 1.630401*x8*x27 + 6.617127*x8*x28 + 5.990132*x8*x29 + 7.513075*x8*x30 + 1.376225*x9*x1 + 3.601793*x9*x2 + 5.827412*x9*x3 + 6.685533*x9*x4 + 5.703483*x9*x5 + 8.886458*x9*x6 + 7.206645*x9*x7 + 3.162944*x9*x8  - 2.707882*x9*x9 + 4.651786*x9*x10 + 3.597740*x9*x11 + 2.806965*x9*x12 + 3.253535*x9*x13 + 5.377633*x9*x14 + 4.438725*x9*x15 + 6.125722*x9*x16 + 4.968505*x9*x17 + 2.571439*x9*x18 + 7.453434*x9*x19 + 6.015825*x9*x20 + 5.332615*x9*x21 + 7.567307*x9*x22 + 2.785342*x9*x23 + 8.496322*x9*x24 + 6.336291*x9*x25 + 5.203359*x9*x26 + 2.185389*x9*x27 + 5.327820*x9*x28 + 4.844099*x9*x29 + 3.908816*x9*x30 + 7.894578*x10*x1 + 7.907702*x10*x2 + 1.748170*x10*x3 + 6.712633*x10*x4 + 5.531221*x10*x5 + 6.731715*x10*x6 + 4.702780*x10*x7 + 0.844744*x10*x8 + 4.651786*x10*x9  - 2.232731*x10*x10 + 1.832274*x10*x11 + 6.079414*x10*x12 + 8.846770*x10*x13 + 4.072309*x10*x14 + 5.739426*x10*x15 + 4.258949*x10*x16 + 5.011503*x10*x17 + 5.078036*x10*x18 + 5.170499*x10*x19 + 4.113604*x10*x20 + 4.812766*x10*x21 + 4.449349*x10*x22 + 4.647788*x10*x23 + 2.556032*x10*x24 + 3.283303*x10*x25 + 4.855076*x10*x26 + 5.651988*x10*x27 + 5.102123*x10*x28 + 7.972925*x10*x29 + 7.171824*x10*x30 + 3.955625*x11*x1 + 9.208290*x11*x2 + 5.425124*x11*x3 + 4.681854*x11*x4 + 9.457100*x11*x5 + 6.238639*x11*x6 + 1.635323*x11*x7 + 7.064509*x11*x8 + 3.597740*x11*x9 + 1.832274*x11*x10  - 1.498542*x11*x11 + 3.881126*x11*x12 + 6.764126*x11*x13 + 1.480666*x11*x14 + 4.193154*x11*x15 + 3.453034*x11*x16 + 5.118987*x11*x17 + 6.055661*x11*x18 + 6.794771*x11*x19 + 4.884040*x11*x20 + 5.538659*x11*x21 + 4.241086*x11*x22 + 9.112733*x11*x23 + 6.307756*x11*x24 + 3.663454*x11*x25 + 1.309775*x11*x26 + 7.673119*x11*x27 + 3.792336*x11*x28 + 8.775787*x11*x29 + 4.959748*x11*x30 + 2.655742*x12*x1 + 8.227090*x12*x2 + 7.806679*x12*x3 + 2.533369*x12*x4 + 4.511914*x12*x5 + 4.309979*x12*x6 + 4.914481*x12*x7 + 3.254128*x12*x8 + 2.806965*x12*x9 + 6.079414*x12*x10 + 3.881126*x12*x11  - 3.704618*x12*x12 + 4.471215*x12*x13 + 8.804594*x12*x14 + 3.182413*x12*x15 + 4.532196*x12*x16 + 8.234572*x12*x17 + 6.190038*x12*x18 + 4.525142*x12*x19 + 2.513419*x12*x20 + 6.437474*x12*x21 + 5.092406*x12*x22 + 5.437526*x12*x23 + 5.150175*x12*x24 + 2.021912*x12*x25 + 9.330247*x12*x26 + 5.757750*x12*x27 + 5.836217*x12*x28 + 2.898084*x12*x29 + 7.622262*x12*x30 + 9.279279*x13*x1 + 5.518765*x13*x2 + 5.892822*x13*x3 + 5.266815*x13*x4 + 5.082115*x13*x5 + 3.936110*x13*x6 + 7.172634*x13*x7 + 3.358004*x13*x8 + 3.253535*x13*x9 + 8.846770*x13*x10 + 6.764126*x13*x11 + 4.471215*x13*x12  - 1.470746*x13*x13 + 4.846952*x13*x14 + 4.375168*x13*x15 + 3.298332*x13*x16 + 1.841567*x13*x17 + 7.019672*x13*x18 + 3.594539*x13*x19 + 5.128125*x13*x20 + 5.658624*x13*x21 + 1.532400*x13*x22 + 4.481750*x13*x23 + 7.007371*x13*x24 + 7.569583*x13*x25 + 4.630940*x13*x26 + 2.416640*x13*x27 + 5.404090*x13*x28 + 3.407551*x13*x29 + 0.389310*x13*x30 + 9.223297*x14*x1 + 6.261583*x14*x2 + 4.324126*x14*x3 + 5.641128*x14*x4 + 2.590979*x14*x5 + 3.168761*x14*x6 + 7.518748*x14*x7 + 2.319335*x14*x8 + 5.377633*x14*x9 + 4.072309*x14*x10 + 1.480666*x14*x11 + 8.804594*x14*x12 + 4.846952*x14*x13  - 2.568964*x14*x14 + 1.751426*x14*x15 + 3.537985*x14*x16 + 4.114428*x14*x17 + 6.364081*x14*x18 + 5.223223*x14*x19 + 4.254408*x14*x20 + 3.389306*x14*x21 + 2.396461*x14*x22 + 4.289764*x14*x23 + 4.711581*x14*x24 + 3.215821*x14*x25 + 8.246157*x14*x26 + 3.152342*x14*x27 + 5.286952*x14*x28 + 1.586927*x14*x29 + 7.665907*x14*x30 + 8.124350*x15*x1 + 7.514612*x15*x2 + 2.083441*x15*x3 + 3.221948*x15*x4 + 4.845478*x15*x5 + 5.216820*x15*x6 + 4.930128*x15*x7 + 2.818476*x15*x8 + 4.438725*x15*x9 + 5.739426*x15*x10 + 4.193154*x15*x11 + 3.182413*x15*x12 + 4.375168*x15*x13 + 1.751426*x15*x14  - 2.743474*x15*x15 + 3.810119*x15*x16 + 1.029478*x15*x17 + 3.354589*x15*x18 + 6.554384*x15*x19 + 9.789558*x15*x20 + 5.401473*x15*x21 + 3.764796*x15*x22 + 6.714361*x15*x23 + 4.143375*x15*x24 + 0.971344*x15*x25 + 2.320058*x15*x26 + 5.108760*x15*x27 + 4.040976*x15*x28 + 4.388689*x15*x29 + 3.609847*x15*x30 + 3.716981*x16*x1 + 3.471331*x16*x2 + 4.361295*x16*x3 + 3.860108*x16*x4 + 4.436203*x16*x5 + 5.768249*x16*x6 + 3.965983*x16*x7 + 6.282864*x16*x8 + 6.125722*x16*x9 + 4.258949*x16*x10 + 3.453034*x16*x11 + 4.532196*x16*x12 + 3.298332*x16*x13 + 3.537985*x16*x14 + 3.810119*x16*x15  - 1.176363*x16*x16 + 5.806223*x16*x17 + 4.887257*x16*x18 + 7.325732*x16*x19 + 4.757425*x16*x20 + 3.819346*x16*x21 + 2.506593*x16*x22 + 5.389739*x16*x23 + 2.813269*x16*x24 + 1.293153*x16*x25 + 7.126885*x16*x26 + 4.344107*x16*x27 + 3.891851*x16*x28 + 8.790047*x16*x29 + 6.143970*x16*x30 + 7.083596*x17*x1 + 5.263068*x17*x2 + 4.868425*x17*x3 + 3.386391*x17*x4 + 5.114318*x17*x5 + 7.530331*x17*x6 + 6.594904*x17*x7 + 7.519082*x17*x8 + 4.968505*x17*x9 + 5.011503*x17*x10 + 5.118987*x17*x11 + 8.234572*x17*x12 + 1.841567*x17*x13 + 4.114428*x17*x14 + 1.029478*x17*x15 + 5.806223*x17*x16  - 1.657520*x17*x17 + 4.246591*x17*x18 + 3.545892*x17*x19 + 4.723904*x17*x20 + 3.722012*x17*x21 + 4.452985*x17*x22 + 7.635633*x17*x23 + 0.260466*x17*x24 + 0.758846*x17*x25 + 5.254574*x17*x26 + 0.994536*x17*x27 + 6.333161*x17*x28 + 4.156568*x17*x29 + 5.489650*x17*x30 + 3.266733*x18*x1 + 6.377382*x18*x2 + 6.225680*x18*x3 + 0.246451*x18*x4 + 7.426787*x18*x5 + 4.333604*x18*x6 + 9.102590*x18*x7 + 3.409998*x18*x8 + 2.571439*x18*x9 + 5.078036*x18*x10 + 6.055661*x18*x11 + 6.190038*x18*x12 + 7.019672*x18*x13 + 6.364081*x18*x14 + 3.354589*x18*x15 + 4.887257*x18*x16 + 4.246591*x18*x17  - 2.183563*x18*x18 + 0.904314*x18*x19 + 5.087816*x18*x20 + 7.988437*x18*x21 + 1.458151*x18*x22 + 5.834496*x18*x23 + 4.338903*x18*x24 + 4.299800*x18*x25 + 4.770997*x18*x26 + 3.549867*x18*x27 + 6.609653*x18*x28 + 2.839657*x18*x29 + 5.307656*x18*x30 + 2.858095*x19*x1 + 8.443275*x19*x2 + 2.608275*x19*x3 + 6.719831*x19*x4 + 2.297837*x19*x5 + 3.905303*x19*x6 + 3.265478*x19*x7 + 5.248392*x19*x8 + 7.453434*x19*x9 + 5.170499*x19*x10 + 6.794771*x19*x11 + 4.525142*x19*x12 + 3.594539*x19*x13 + 5.223223*x19*x14 + 6.554384*x19*x15 + 7.325732*x19*x16 + 3.545892*x19*x17 + 0.904314*x19*x18  - 2.875454*x19*x19 + 7.005757*x19*x20 + 5.085883*x19*x21 + 3.631307*x19*x22 + 4.871519*x19*x23 + 5.102501*x19*x24 + 7.511153*x19*x25 + 1.532436*x19*x26 + 0.725457*x19*x27 + 1.473348*x19*x28 + 3.880209*x19*x29 + 0.467255*x19*x30 + 7.134604*x20*x1 + 5.784184*x20*x2 + 5.261631*x20*x3 + 5.574209*x20*x4 + 6.783315*x20*x5 + 6.921840*x20*x6 + 7.563445*x20*x7 + 6.591954*x20*x8 + 6.015825*x20*x9 + 4.113604*x20*x10 + 4.884040*x20*x11 + 2.513419*x20*x12 + 5.128125*x20*x13 + 4.254408*x20*x14 + 9.789558*x20*x15 + 4.757425*x20*x16 + 4.723904*x20*x17 + 5.087816*x20*x18 + 7.005757*x20*x19  - 2.100111*x20*x20 + 4.905311*x20*x21 + 1.599643*x20*x22 + 4.165374*x20*x23 + 1.163705*x20*x24 + 8.053308*x20*x25 + 1.716731*x20*x26 + 4.189231*x20*x27 + 6.146787*x20*x28 + 4.944811*x20*x29 + 7.944347*x20*x30 + 4.502198*x21*x1 + 2.903975*x21*x2 + 5.432488*x21*x3 + 7.164416*x21*x4 + 4.357291*x21*x5 + 5.761171*x21*x6 + 2.547811*x21*x7 + 6.038427*x21*x8 + 5.332615*x21*x9 + 4.812766*x21*x10 + 5.538659*x21*x11 + 6.437474*x21*x12 + 5.658624*x21*x13 + 3.389306*x21*x14 + 5.401473*x21*x15 + 3.819346*x21*x16 + 3.722012*x21*x17 + 7.988437*x21*x18 + 5.085883*x21*x19 + 4.905311*x21*x20  - 3.346880*x21*x21 + 4.354399*x21*x22 + 5.166686*x21*x23 + 9.792066*x21*x24 + 5.680619*x21*x25 + 4.942252*x21*x26 + 2.391874*x21*x27 + 4.890072*x21*x28 + 5.875980*x21*x29 + 3.851745*x21*x30 + 4.264318*x22*x1 + 5.046956*x22*x2 + 4.427772*x22*x3 + 6.301790*x22*x4 + 5.028100*x22*x5 + 6.546023*x22*x6 + 3.281290*x22*x7 + 6.406831*x22*x8 + 7.567307*x22*x9 + 4.449349*x22*x10 + 4.241086*x22*x11 + 5.092406*x22*x12 + 1.532400*x22*x13 + 2.396461*x22*x14 + 3.764796*x22*x15 + 2.506593*x22*x16 + 4.452985*x22*x17 + 1.458151*x22*x18 + 3.631307*x22*x19 + 1.599643*x22*x20 + 4.354399*x22*x21  - 3.207620*x22*x22 + 3.185423*x22*x23 + 6.286220*x22*x24 + 3.665640*x22*x25 + 4.615520*x22*x26 + 2.613976*x22*x27 + 5.282731*x22*x28 + 6.843914*x22*x29 + 5.357912*x22*x30 + 3.991657*x23*x1 + 5.792099*x23*x2 + 7.797462*x23*x3 + 5.272905*x23*x4 + 6.809725*x23*x5 + 3.749862*x23*x6 + 4.303826*x23*x7 + 4.646344*x23*x8 + 2.785342*x23*x9 + 4.647788*x23*x10 + 9.112733*x23*x11 + 5.437526*x23*x12 + 4.481750*x23*x13 + 4.289764*x23*x14 + 6.714361*x23*x15 + 5.389739*x23*x16 + 7.635633*x23*x17 + 5.834496*x23*x18 + 4.871519*x23*x19 + 4.165374*x23*x20 + 5.166686*x23*x21 + 3.185423*x23*x22  - 2.565056*x23*x23 + 3.052142*x23*x24 + 7.387626*x23*x25 + 8.157516*x23*x26 + 3.697020*x23*x27 + 6.266217*x23*x28 + 8.703590*x23*x29 + 5.661563*x23*x30 + 5.895057*x24*x1 + 3.654277*x24*x2 + 3.668126*x24*x3 + 8.674217*x24*x4 + 0.219294*x24*x5 + 4.876289*x24*x6 + 6.462417*x24*x7 + 7.811142*x24*x8 + 8.496322*x24*x9 + 2.556032*x24*x10 + 6.307756*x24*x11 + 5.150175*x24*x12 + 7.007371*x24*x13 + 4.711581*x24*x14 + 4.143375*x24*x15 + 2.813269*x24*x16 + 0.260466*x24*x17 + 4.338903*x24*x18 + 5.102501*x24*x19 + 1.163705*x24*x20 + 9.792066*x24*x21 + 6.286220*x24*x22 + 3.052142*x24*x23  - 2.842324*x24*x24 + 5.931301*x24*x25 + 4.562561*x24*x26 + 3.469611*x24*x27 + 4.848689*x24*x28 + 3.653504*x24*x29 + 6.845594*x24*x30 + 5.251761*x25*x1 + 4.603772*x25*x2 + 6.107090*x25*x3 + 6.349553*x25*x4 + 5.143532*x25*x5 + 6.710772*x25*x6 + 4.860526*x25*x7 + 5.643065*x25*x8 + 6.336291*x25*x9 + 3.283303*x25*x10 + 3.663454*x25*x11 + 2.021912*x25*x12 + 7.569583*x25*x13 + 3.215821*x25*x14 + 0.971344*x25*x15 + 1.293153*x25*x16 + 0.758846*x25*x17 + 4.299800*x25*x18 + 7.511153*x25*x19 + 8.053308*x25*x20 + 5.680619*x25*x21 + 3.665640*x25*x22 + 7.387626*x25*x23 + 5.931301*x25*x24  - 2.630059*x25*x25 + 5.322014*x25*x26 + 3.609842*x25*x27 + 3.677419*x25*x28 + 5.643871*x25*x29 + 6.057464*x25*x30 + 0.561153*x26*x1 + 5.768727*x26*x2 + 6.833220*x26*x3 + 5.421323*x26*x4 + 7.600000*x26*x5 + 7.655069*x26*x6 + 4.123552*x26*x7 + 6.064764*x26*x8 + 5.203359*x26*x9 + 4.855076*x26*x10 + 1.309775*x26*x11 + 9.330247*x26*x12 + 4.630940*x26*x13 + 8.246157*x26*x14 + 2.320058*x26*x15 + 7.126885*x26*x16 + 5.254574*x26*x17 + 4.770997*x26*x18 + 1.532436*x26*x19 + 1.716731*x26*x20 + 4.942252*x26*x21 + 4.615520*x26*x22 + 8.157516*x26*x23 + 4.562561*x26*x24 + 5.322014*x26*x25  - 3.064688*x26*x26 + 5.175455*x26*x27 + 4.449998*x26*x28 + 9.665371*x26*x29 + 5.095033*x26*x30 + 4.816084*x27*x1 + 1.726512*x27*x2 + 5.880700*x27*x3 + 5.485464*x27*x4 + 5.134628*x27*x5 + 5.650556*x27*x6 + 3.866587*x27*x7 + 1.630401*x27*x8 + 2.185389*x27*x9 + 5.651988*x27*x10 + 7.673119*x27*x11 + 5.757750*x27*x12 + 2.416640*x27*x13 + 3.152342*x27*x14 + 5.108760*x27*x15 + 4.344107*x27*x16 + 0.994536*x27*x17 + 3.549867*x27*x18 + 0.725457*x27*x19 + 4.189231*x27*x20 + 2.391874*x27*x21 + 2.613976*x27*x22 + 3.697020*x27*x23 + 3.469611*x27*x24 + 3.609842*x27*x25 + 5.175455*x27*x26  - 4.211895*x27*x27 + 3.622500*x27*x28 + 4.780987*x27*x29 + 4.811541*x27*x30 + 3.852225*x28*x1 + 5.658216*x28*x2 + 4.905545*x28*x3 + 4.556411*x28*x4 + 5.340762*x28*x5 + 4.729348*x28*x6 + 6.813255*x28*x7 + 6.617127*x28*x8 + 5.327820*x28*x9 + 5.102123*x28*x10 + 3.792336*x28*x11 + 5.836217*x28*x12 + 5.404090*x28*x13 + 5.286952*x28*x14 + 4.040976*x28*x15 + 3.891851*x28*x16 + 6.333161*x28*x17 + 6.609653*x28*x18 + 1.473348*x28*x19 + 6.146787*x28*x20 + 4.890072*x28*x21 + 5.282731*x28*x22 + 6.266217*x28*x23 + 4.848689*x28*x24 + 3.677419*x28*x25 + 4.449998*x28*x26 + 3.622500*x28*x27  - 1.652608*x28*x28 + 8.169960*x28*x29 + 5.999730*x28*x30 + 5.598065*x29*x1 + 1.867446*x29*x2 + 7.530314*x29*x3 + 6.701198*x29*x4 + 6.981982*x29*x5 + 3.338265*x29*x6 + 2.409205*x29*x7 + 5.990132*x29*x8 + 4.844099*x29*x9 + 7.972925*x29*x10 + 8.775787*x29*x11 + 2.898084*x29*x12 + 3.407551*x29*x13 + 1.586927*x29*x14 + 4.388689*x29*x15 + 8.790047*x29*x16 + 4.156568*x29*x17 + 2.839657*x29*x18 + 3.880209*x29*x19 + 4.944811*x29*x20 + 5.875980*x29*x21 + 6.843914*x29*x22 + 8.703590*x29*x23 + 3.653504*x29*x24 + 5.643871*x29*x25 + 9.665371*x29*x26 + 4.780987*x29*x27 + 8.169960*x29*x28  - 0.624267*x29*x29 + 1.722701*x29*x30 + 4.099545*x30*x1 + 3.049767*x30*x2 + 6.124647*x30*x3 + 3.257772*x30*x4 + 5.293802*x30*x5 + 4.755691*x30*x6 + 4.107394*x30*x7 + 7.513075*x30*x8 + 3.908816*x30*x9 + 7.171824*x30*x10 + 4.959748*x30*x11 + 7.622262*x30*x12 + 0.389310*x30*x13 + 7.665907*x30*x14 + 3.609847*x30*x15 + 6.143970*x30*x16 + 5.489650*x30*x17 + 5.307656*x30*x18 + 0.467255*x30*x19 + 7.944347*x30*x20 + 3.851745*x30*x21 + 5.357912*x30*x22 + 5.661563*x30*x23 + 6.845594*x30*x24 + 6.057464*x30*x25 + 5.095033*x30*x26 + 4.811541*x30*x27 + 5.999730*x30*x28 + 1.722701*x30*x29  - 3.028031*x30*x30 ;
