OPTIONS {
 MaxTime: 10000;
 EpsR: 0.000001;
 }
 
VARIABLES	x1,x2,x3,x4,x5,x6,x7,x8,x9,x10,x11,x12,x13,x14,x15,x16,x17,x18,x19,x20,x21,x22,x23,x24,x25,x26,x27,x28,x29,x30;
LOWER_BOUNDS {
x1: 0.000000;
x2: 0.000000;
x3: 0.000000;
x4: 0.000000;
x5: 0.000000;
x6: 0.000000;
x7: 0.000000;
x8: 0.000000;
x9: 0.000000;
x10: 0.000000;
x11: 0.000000;
x12: 0.000000;
x13: 0.000000;
x14: 0.000000;
x15: 0.000000;
x16: 0.000000;
x17: 0.000000;
x18: 0.000000;
x19: 0.000000;
x20: 0.000000;
x21: 0.000000;
x22: 0.000000;
x23: 0.000000;
x24: 0.000000;
x25: 0.000000;
x26: 0.000000;
x27: 0.000000;
x28: 0.000000;
x29: 0.000000;
x30: 0.000000;
}

UPPER_BOUNDS {
x1: 1.000000;
x2: 1.000000;
x3: 1.000000;
x4: 1.000000;
x5: 1.000000;
x6: 1.000000;
x7: 1.000000;
x8: 1.000000;
x9: 1.000000;
x10: 1.000000;
x11: 1.000000;
x12: 1.000000;
x13: 1.000000;
x14: 1.000000;
x15: 1.000000;
x16: 1.000000;
x17: 1.000000;
x18: 1.000000;
x19: 1.000000;
x20: 1.000000;
x21: 1.000000;
x22: 1.000000;
x23: 1.000000;
x24: 1.000000;
x25: 1.000000;
x26: 1.000000;
x27: 1.000000;
x28: 1.000000;
x29: 1.000000;
x30: 1.000000;
}

EQUATIONS e1;

e1:  1.000000*x1  + 1.000000*x2  + 1.000000*x3  + 1.000000*x4  + 1.000000*x5  + 1.000000*x6  + 1.000000*x7  + 1.000000*x8  + 1.000000*x9  + 1.000000*x10  + 1.000000*x11  + 1.000000*x12  + 1.000000*x13  + 1.000000*x14  + 1.000000*x15  + 1.000000*x16  + 1.000000*x17  + 1.000000*x18  + 1.000000*x19  + 1.000000*x20  + 1.000000*x21  + 1.000000*x22  + 1.000000*x23  + 1.000000*x24  + 1.000000*x25  + 1.000000*x26  + 1.000000*x27  + 1.000000*x28  + 1.000000*x29  + 1.000000*x30  == 1.000000;

OBJ: minimize	 26.441368*x1*x1 + 15.938844*x1*x2 + 17.116659*x1*x3 + 16.130520*x1*x4 + 17.261627*x1*x5 + 18.565890*x1*x6 + 13.766294*x1*x7 + 16.458944*x1*x8 + 14.972853*x1*x9 + 17.632448*x1*x10 + 14.921393*x1*x11 + 7.237259*x1*x12 + 15.934437*x1*x13 + 12.792911*x1*x14 + 14.857600*x1*x15 + 20.867597*x1*x16 + 17.420847*x1*x17 + 4160.346005*x1*x18 + 2694.206056*x1*x19 + 2541.753818*x1*x20 + 4191.254687*x1*x21 + 4058.573806*x1*x22 + 4154.799306*x1*x23 + 4204.986088*x1*x24 + 3935.932674*x1*x25 + 3408.431986*x1*x26 + 4085.183054*x1*x27 + 4045.465942*x1*x28 + 4065.130992*x1*x29 + 4065.175638*x1*x30 + 15.938844*x2*x1 + 22.024100*x2*x2 + 14.950062*x2*x3 + 19.697198*x2*x4 + 13.475307*x2*x5 + 14.615547*x2*x6 + 11.705720*x2*x7 + 11.489790*x2*x8 + 14.759902*x2*x9 + 15.876393*x2*x10 + 15.267875*x2*x11 + 16.133566*x2*x12 + 14.599110*x2*x13 + 16.151919*x2*x14 + 15.003727*x2*x15 + 13.708451*x2*x16 + 14.666500*x2*x17 + 4161.429405*x2*x18 + 2698.395245*x2*x19 + 2546.014087*x2*x20 + 4194.517231*x2*x21 + 4058.570544*x2*x22 + 4154.598809*x2*x23 + 4198.926443*x2*x24 + 3936.801359*x2*x25 + 3408.649964*x2*x26 + 4086.582630*x2*x27 + 4047.971295*x2*x28 + 4065.875818*x2*x29 + 4063.475533*x2*x30 + 17.116659*x3*x1 + 14.950062*x3*x2 + 16.311781*x3*x3 + 15.621722*x3*x4 + 15.060353*x3*x5 + 13.997023*x3*x6 + 15.368478*x3*x7 + 15.044598*x3*x8 + 15.282292*x3*x9 + 15.254463*x3*x10 + 14.689346*x3*x11 + 13.578373*x3*x12 + 15.835875*x3*x13 + 15.488959*x3*x14 + 15.114051*x3*x15 + 16.783921*x3*x16 + 16.519558*x3*x17 + 4160.591317*x3*x18 + 2698.356074*x3*x19 + 2542.878501*x3*x20 + 4190.969819*x3*x21 + 4058.566316*x3*x22 + 4154.471080*x3*x23 + 4205.422869*x3*x24 + 3937.274679*x3*x25 + 3410.443192*x3*x26 + 4086.233918*x3*x27 + 4046.856549*x3*x28 + 4065.277632*x3*x29 + 4063.419267*x3*x30 + 16.130520*x4*x1 + 19.697198*x4*x2 + 15.621722*x4*x3 + 25.530906*x4*x4 + 12.994941*x4*x5 + 13.695437*x4*x6 + 16.783443*x4*x7 + 14.820974*x4*x8 + 15.992493*x4*x9 + 16.094067*x4*x10 + 12.903385*x4*x11 + 15.926750*x4*x12 + 15.235150*x4*x13 + 16.554130*x4*x14 + 13.048048*x4*x15 + 12.788533*x4*x16 + 15.661195*x4*x17 + 4162.055435*x4*x18 + 2698.878691*x4*x19 + 2542.284437*x4*x20 + 4192.695404*x4*x21 + 4058.569303*x4*x22 + 4155.154737*x4*x23 + 4193.500074*x4*x24 + 3936.253186*x4*x25 + 3408.058494*x4*x26 + 4085.874714*x4*x27 + 4046.105908*x4*x28 + 4065.325749*x4*x29 + 4067.345166*x4*x30 + 17.261627*x5*x1 + 13.475307*x5*x2 + 15.060353*x5*x3 + 12.994941*x5*x4 + 23.496298*x5*x5 + 17.270975*x5*x6 + 22.406894*x5*x7 + 13.307252*x5*x8 + 12.123560*x5*x9 + 16.204431*x5*x10 + 16.677740*x5*x11 + 11.792074*x5*x12 + 14.983701*x5*x13 + 12.594475*x5*x14 + 14.799566*x5*x15 + 20.420677*x5*x16 + 14.840914*x5*x17 + 4160.009137*x5*x18 + 2693.182500*x5*x19 + 2539.383445*x5*x20 + 4187.836718*x5*x21 + 4058.574042*x5*x22 + 4153.883935*x5*x23 + 4206.281123*x5*x24 + 3936.384470*x5*x25 + 3407.431009*x5*x26 + 4084.280961*x5*x27 + 4046.729370*x5*x28 + 4065.790958*x5*x29 + 4062.298115*x5*x30 + 18.565890*x6*x1 + 14.615547*x6*x2 + 13.997023*x6*x3 + 13.695437*x6*x4 + 17.270975*x6*x5 + 30.123633*x6*x6 + 12.561526*x6*x7 + 17.679814*x6*x8 + 17.813123*x6*x9 + 15.176699*x6*x10 + 17.295116*x6*x11 + 11.219535*x6*x12 + 13.845793*x6*x13 + 12.705198*x6*x14 + 9.166032*x6*x15 + 17.102949*x6*x16 + 16.776128*x6*x17 + 4160.527743*x6*x18 + 2696.317650*x6*x19 + 2538.836736*x6*x20 + 4191.052847*x6*x21 + 4058.578568*x6*x22 + 4152.510546*x6*x23 + 4200.575600*x6*x24 + 3934.981415*x6*x25 + 3402.770248*x6*x26 + 4081.647950*x6*x27 + 4045.576511*x6*x28 + 4064.356605*x6*x29 + 4056.294563*x6*x30 + 13.766294*x7*x1 + 11.705720*x7*x2 + 15.368478*x7*x3 + 16.783443*x7*x4 + 22.406894*x7*x5 + 12.561526*x7*x6 + 35.653273*x7*x7 + 20.244044*x7*x8 + 12.469834*x7*x9 + 14.645782*x7*x10 + 13.555807*x7*x11 + 18.613913*x7*x12 + 11.240109*x7*x13 + 16.119132*x7*x14 + 10.287740*x7*x15 + 15.640318*x7*x16 + 14.747523*x7*x17 + 4160.632070*x7*x18 + 2695.625709*x7*x19 + 2536.589512*x7*x20 + 4184.173692*x7*x21 + 4058.574873*x7*x22 + 4153.620491*x7*x23 + 4201.800774*x7*x24 + 3936.990903*x7*x25 + 3409.067998*x7*x26 + 4083.851271*x7*x27 + 4044.988041*x7*x28 + 4066.500462*x7*x29 + 4067.345706*x7*x30 + 16.458944*x8*x1 + 11.489790*x8*x2 + 15.044598*x8*x3 + 14.820974*x8*x4 + 13.307252*x8*x5 + 17.679814*x8*x6 + 20.244044*x8*x7 + 35.077683*x8*x8 + 20.460742*x8*x9 + 14.345337*x8*x10 + 14.325410*x8*x11 + 14.679670*x8*x12 + 12.851305*x8*x13 + 13.133077*x8*x14 + 7.604843*x8*x15 + 11.970917*x8*x16 + 16.370513*x8*x17 + 4161.325577*x8*x18 + 2702.695990*x8*x19 + 2530.770570*x8*x20 + 4184.924633*x8*x21 + 4058.570991*x8*x22 + 4153.252619*x8*x23 + 4208.498528*x8*x24 + 3938.843386*x8*x25 + 3408.535316*x8*x26 + 4084.467348*x8*x27 + 4046.711600*x8*x28 + 4064.891328*x8*x29 + 4063.558004*x8*x30 + 14.972853*x9*x1 + 14.759902*x9*x2 + 15.282292*x9*x3 + 15.992493*x9*x4 + 12.123560*x9*x5 + 17.813123*x9*x6 + 12.469834*x9*x7 + 20.460742*x9*x8 + 31.960723*x9*x9 + 9.961893*x9*x10 + 16.766763*x9*x11 + 16.732508*x9*x12 + 17.540098*x9*x13 + 17.530551*x9*x14 + 0.000000*x9*x15 + 14.851313*x9*x16 + 13.438225*x9*x17 + 4160.856141*x9*x18 + 2710.831991*x9*x19 + 2540.155296*x9*x20 + 4190.708355*x9*x21 + 4058.560870*x9*x22 + 4154.253839*x9*x23 + 4208.937928*x9*x24 + 3935.849049*x9*x25 + 3407.255123*x9*x26 + 4084.372277*x9*x27 + 4050.193942*x9*x28 + 4065.107975*x9*x29 + 4061.173579*x9*x30 + 17.632448*x10*x1 + 15.876393*x10*x2 + 15.254463*x10*x3 + 16.094067*x10*x4 + 16.204431*x10*x5 + 15.176699*x10*x6 + 14.645782*x10*x7 + 14.345337*x10*x8 + 9.961893*x10*x9 + 20.125730*x10*x10 + 15.430521*x10*x11 + 12.102243*x10*x12 + 15.168061*x10*x13 + 12.586993*x10*x14 + 18.072678*x10*x15 + 17.832641*x10*x16 + 15.116168*x10*x17 + 4160.256914*x10*x18 + 2692.849290*x10*x19 + 2541.056246*x10*x20 + 4191.245939*x10*x21 + 4058.573513*x10*x22 + 4154.196335*x10*x23 + 4201.866780*x10*x24 + 3938.199631*x10*x25 + 3410.172691*x10*x26 + 4086.647033*x10*x27 + 4045.106319*x10*x28 + 4064.772191*x10*x29 + 4062.487830*x10*x30 + 14.921393*x11*x1 + 15.267875*x11*x2 + 14.689346*x11*x3 + 12.903385*x11*x4 + 16.677740*x11*x5 + 17.295116*x11*x6 + 13.555807*x11*x7 + 14.325410*x11*x8 + 16.766763*x11*x9 + 15.430521*x11*x10 + 18.364490*x11*x11 + 15.420589*x11*x12 + 16.713255*x11*x13 + 11.548780*x11*x14 + 10.608955*x11*x15 + 17.744725*x11*x16 + 14.809744*x11*x17 + 4159.665601*x11*x18 + 2698.121830*x11*x19 + 2540.684754*x11*x20 + 4192.057239*x11*x21 + 4058.570810*x11*x22 + 4153.613651*x11*x23 + 4205.588342*x11*x24 + 3937.628075*x11*x25 + 3411.157541*x11*x26 + 4085.939450*x11*x27 + 4047.933104*x11*x28 + 4065.518281*x11*x29 + 4059.965771*x11*x30 + 7.237259*x12*x1 + 16.133566*x12*x2 + 13.578373*x12*x3 + 15.926750*x12*x4 + 11.792074*x12*x5 + 11.219535*x12*x6 + 18.613913*x12*x7 + 14.679670*x12*x8 + 16.732508*x12*x9 + 12.102243*x12*x10 + 15.420589*x12*x11 + 28.757027*x12*x12 + 11.701517*x12*x13 + 18.464619*x12*x14 + 9.370707*x12*x15 + 7.457204*x12*x16 + 13.189082*x12*x17 + 4159.490618*x12*x18 + 2705.658145*x12*x19 + 2544.113307*x12*x20 + 4190.929258*x12*x21 + 4058.577556*x12*x22 + 4153.688243*x12*x23 + 4203.744421*x12*x24 + 3937.307541*x12*x25 + 3410.517733*x12*x26 + 4088.016674*x12*x27 + 4047.744506*x12*x28 + 4067.091039*x12*x29 + 4062.023795*x12*x30 + 15.934437*x13*x1 + 14.599110*x13*x2 + 15.835875*x13*x3 + 15.235150*x13*x4 + 14.983701*x13*x5 + 13.845793*x13*x6 + 11.240109*x13*x7 + 12.851305*x13*x8 + 17.540098*x13*x9 + 15.168061*x13*x10 + 16.713255*x13*x11 + 11.701517*x13*x12 + 24.718541*x13*x13 + 8.220476*x13*x14 + 12.412909*x13*x15 + 18.996167*x13*x16 + 19.071243*x13*x17 + 4159.711167*x13*x18 + 2698.773329*x13*x19 + 2541.182073*x13*x20 + 4190.817056*x13*x21 + 4058.557388*x13*x22 + 4155.824376*x13*x23 + 4202.433502*x13*x24 + 3938.678801*x13*x25 + 3412.709212*x13*x26 + 4087.138932*x13*x27 + 4046.944890*x13*x28 + 4065.360468*x13*x29 + 4061.360516*x13*x30 + 12.792911*x14*x1 + 16.151919*x14*x2 + 15.488959*x14*x3 + 16.554130*x14*x4 + 12.594475*x14*x5 + 12.705198*x14*x6 + 16.119132*x14*x7 + 13.133077*x14*x8 + 17.530551*x14*x9 + 12.586993*x14*x10 + 11.548780*x14*x11 + 18.464619*x14*x12 + 8.220476*x14*x13 + 28.483586*x14*x14 + 17.519690*x14*x15 + 11.373083*x14*x16 + 10.724041*x14*x17 + 4161.793739*x14*x18 + 2705.562458*x14*x19 + 2548.287706*x14*x20 + 4191.341300*x14*x21 + 4058.567834*x14*x22 + 4153.908039*x14*x23 + 4209.209305*x14*x24 + 3934.890357*x14*x25 + 3402.330912*x14*x26 + 4084.911613*x14*x27 + 4047.728448*x14*x28 + 4065.475035*x14*x29 + 4061.483706*x14*x30 + 14.857600*x15*x1 + 15.003727*x15*x2 + 15.114051*x15*x3 + 13.048048*x15*x4 + 14.799566*x15*x5 + 9.166032*x15*x6 + 10.287740*x15*x7 + 7.604843*x15*x8 + 0.000000*x15*x9 + 18.072678*x15*x10 + 10.608955*x15*x11 + 9.370707*x15*x12 + 12.412909*x15*x13 + 17.519690*x15*x14 + 51.482196*x15*x15 + 10.570349*x15*x16 + 11.786604*x15*x17 + 4161.914945*x15*x18 + 2697.876740*x15*x19 + 2550.498158*x15*x20 + 4184.897022*x15*x21 + 4058.567462*x15*x22 + 4155.635875*x15*x23 + 4215.928257*x15*x24 + 3938.032338*x15*x25 + 3409.637577*x15*x26 + 4086.206862*x15*x27 + 4043.990681*x15*x28 + 4066.447894*x15*x29 + 4066.308806*x15*x30 + 20.867597*x16*x1 + 13.708451*x16*x2 + 16.783921*x16*x3 + 12.788533*x16*x4 + 20.420677*x16*x5 + 17.102949*x16*x6 + 15.640318*x16*x7 + 11.970917*x16*x8 + 14.851313*x16*x9 + 17.832641*x16*x10 + 17.744725*x16*x11 + 7.457204*x16*x12 + 18.996167*x16*x13 + 11.373083*x16*x14 + 10.570349*x16*x15 + 26.809452*x16*x16 + 15.768166*x16*x17 + 4159.406076*x16*x18 + 2691.855621*x16*x19 + 2539.956081*x16*x20 + 4192.442386*x16*x21 + 4058.566925*x16*x22 + 4153.709099*x16*x23 + 4203.847144*x16*x24 + 3936.922079*x16*x25 + 3411.443259*x16*x26 + 4084.997530*x16*x27 + 4046.664633*x16*x28 + 4064.776078*x16*x29 + 4059.346308*x16*x30 + 17.420847*x17*x1 + 14.666500*x17*x2 + 16.519558*x17*x3 + 15.661195*x17*x4 + 14.840914*x17*x5 + 16.776128*x17*x6 + 14.747523*x17*x7 + 16.370513*x17*x8 + 13.438225*x17*x9 + 15.116168*x17*x10 + 14.809744*x17*x11 + 13.189082*x17*x12 + 19.071243*x17*x13 + 10.724041*x17*x14 + 11.786604*x17*x15 + 15.768166*x17*x16 + 25.612781*x17*x17 + 4160.070039*x17*x18 + 2691.805395*x17*x19 + 2541.292342*x17*x20 + 4192.630207*x17*x21 + 4058.566156*x17*x22 + 4154.908347*x17*x23 + 4199.450675*x17*x24 + 3938.236073*x17*x25 + 3409.191375*x17*x26 + 4087.242827*x17*x27 + 4046.263941*x17*x28 + 4063.946293*x17*x29 + 4062.839834*x17*x30 + 4160.346005*x18*x1 + 4161.429405*x18*x2 + 4160.591317*x18*x3 + 4162.055435*x18*x4 + 4160.009137*x18*x5 + 4160.527743*x18*x6 + 4160.632070*x18*x7 + 4161.325577*x18*x8 + 4160.856141*x18*x9 + 4160.256914*x18*x10 + 4159.665601*x18*x11 + 4159.490618*x18*x12 + 4159.711167*x18*x13 + 4161.793739*x18*x14 + 4161.914945*x18*x15 + 4159.406076*x18*x16 + 4160.070039*x18*x17 + 3883.835652*x18*x18 + 4107.685437*x18*x19 + 4088.195185*x18*x20 + 3859.185128*x18*x21 + 4059.150567*x18*x22 + 4048.263104*x18*x23 + 4041.614428*x18*x24 + 4093.317470*x18*x25 + 4134.782628*x18*x26 + 4130.704808*x18*x27 + 4049.066038*x18*x28 + 4088.669652*x18*x29 + 4062.580401*x18*x30 + 2694.206056*x19*x1 + 2698.395245*x19*x2 + 2698.356074*x19*x3 + 2698.878691*x19*x4 + 2693.182500*x19*x5 + 2696.317650*x19*x6 + 2695.625709*x19*x7 + 2702.695990*x19*x8 + 2710.831991*x19*x9 + 2692.849290*x19*x10 + 2698.121830*x19*x11 + 2705.658145*x19*x12 + 2698.773329*x19*x13 + 2705.562458*x19*x14 + 2697.876740*x19*x15 + 2691.855621*x19*x16 + 2691.805395*x19*x17 + 4107.685437*x19*x18 + 3282.109816*x19*x19 + 3607.071740*x19*x20 + 4183.469708*x19*x21 + 4058.727958*x19*x22 + 4127.843880*x19*x23 + 4063.214836*x19*x24 + 4057.551427*x19*x25 + 3872.008157*x19*x26 + 4057.133698*x19*x27 + 4017.999778*x19*x28 + 4014.460834*x19*x29 + 3912.959625*x19*x30 + 2541.753818*x20*x1 + 2546.014087*x20*x2 + 2542.878501*x20*x3 + 2542.284437*x20*x4 + 2539.383445*x20*x5 + 2538.836736*x20*x6 + 2536.589512*x20*x7 + 2530.770570*x20*x8 + 2540.155296*x20*x9 + 2541.056246*x20*x10 + 2540.684754*x20*x11 + 2544.113307*x20*x12 + 2541.182073*x20*x13 + 2548.287706*x20*x14 + 2550.498158*x20*x15 + 2539.956081*x20*x16 + 2541.292342*x20*x17 + 4088.195185*x20*x18 + 3607.071740*x20*x19 + 3017.636463*x20*x20 + 4102.938463*x20*x21 + 4059.311562*x20*x22 + 4074.239562*x20*x23 + 4154.023270*x20*x24 + 3947.177573*x20*x25 + 3749.453084*x20*x26 + 4111.583934*x20*x27 + 4048.018628*x20*x28 + 4060.721146*x20*x29 + 4040.297196*x20*x30 + 4191.254687*x21*x1 + 4194.517231*x21*x2 + 4190.969819*x21*x3 + 4192.695404*x21*x4 + 4187.836718*x21*x5 + 4191.052847*x21*x6 + 4184.173692*x21*x7 + 4184.924633*x21*x8 + 4190.708355*x21*x9 + 4191.245939*x21*x10 + 4192.057239*x21*x11 + 4190.929258*x21*x12 + 4190.817056*x21*x13 + 4191.341300*x21*x14 + 4184.897022*x21*x15 + 4192.442386*x21*x16 + 4192.630207*x21*x17 + 3859.185128*x21*x18 + 4183.469708*x21*x19 + 4102.938463*x21*x20 + 3690.218035*x21*x21 + 4059.413406*x21*x22 + 4123.651541*x21*x23 + 3974.822628*x21*x24 + 4051.697436*x21*x25 + 4145.068710*x21*x26 + 4174.599283*x21*x27 + 4076.021092*x21*x28 + 4076.414970*x21*x29 + 4101.842471*x21*x30 + 4058.573806*x22*x1 + 4058.570544*x22*x2 + 4058.566316*x22*x3 + 4058.569303*x22*x4 + 4058.574042*x22*x5 + 4058.578568*x22*x6 + 4058.574873*x22*x7 + 4058.570991*x22*x8 + 4058.560870*x22*x9 + 4058.573513*x22*x10 + 4058.570810*x22*x11 + 4058.577556*x22*x12 + 4058.557388*x22*x13 + 4058.567834*x22*x14 + 4058.567462*x22*x15 + 4058.566925*x22*x16 + 4058.566156*x22*x17 + 4059.150567*x22*x18 + 4058.727958*x22*x19 + 4059.311562*x22*x20 + 4059.413406*x22*x21 + 4058.963820*x22*x22 + 4058.830264*x22*x23 + 4059.643431*x22*x24 + 4059.055291*x22*x25 + 4058.690195*x22*x26 + 4058.641786*x22*x27 + 4058.910582*x22*x28 + 4058.959795*x22*x29 + 4058.959884*x22*x30 + 4154.799306*x23*x1 + 4154.598809*x23*x2 + 4154.471080*x23*x3 + 4155.154737*x23*x4 + 4153.883935*x23*x5 + 4152.510546*x23*x6 + 4153.620491*x23*x7 + 4153.252619*x23*x8 + 4154.253839*x23*x9 + 4154.196335*x23*x10 + 4153.613651*x23*x11 + 4153.688243*x23*x12 + 4155.824376*x23*x13 + 4153.908039*x23*x14 + 4155.635875*x23*x15 + 4153.709099*x23*x16 + 4154.908347*x23*x17 + 4048.263104*x23*x18 + 4127.843880*x23*x19 + 4074.239562*x23*x20 + 4123.651541*x23*x21 + 4058.830264*x23*x22 + 3995.679416*x23*x23 + 4126.307253*x23*x24 + 4087.614096*x23*x25 + 4054.143453*x23*x26 + 4046.643399*x23*x27 + 4055.895270*x23*x28 + 4080.665381*x23*x29 + 4079.446804*x23*x30 + 4204.986088*x24*x1 + 4198.926443*x24*x2 + 4205.422869*x24*x3 + 4193.500074*x24*x4 + 4206.281123*x24*x5 + 4200.575600*x24*x6 + 4201.800774*x24*x7 + 4208.498528*x24*x8 + 4208.937928*x24*x9 + 4201.866780*x24*x10 + 4205.588342*x24*x11 + 4203.744421*x24*x12 + 4202.433502*x24*x13 + 4209.209305*x24*x14 + 4215.928257*x24*x15 + 4203.847144*x24*x16 + 4199.450675*x24*x17 + 4041.614428*x24*x18 + 4063.214836*x24*x19 + 4154.023270*x24*x20 + 3974.822628*x24*x21 + 4059.643431*x24*x22 + 4126.307253*x24*x23 + 3741.047724*x24*x24 + 4043.249961*x24*x25 + 4152.280905*x24*x26 + 4102.906887*x24*x27 + 4069.764241*x24*x28 + 4038.815259*x24*x29 + 4020.154527*x24*x30 + 3935.932674*x25*x1 + 3936.801359*x25*x2 + 3937.274679*x25*x3 + 3936.253186*x25*x4 + 3936.384470*x25*x5 + 3934.981415*x25*x6 + 3936.990903*x25*x7 + 3938.843386*x25*x8 + 3935.849049*x25*x9 + 3938.199631*x25*x10 + 3937.628075*x25*x11 + 3937.307541*x25*x12 + 3938.678801*x25*x13 + 3934.890357*x25*x14 + 3938.032338*x25*x15 + 3936.922079*x25*x16 + 3938.236073*x25*x17 + 4093.317470*x25*x18 + 4057.551427*x25*x19 + 3947.177573*x25*x20 + 4051.697436*x25*x21 + 4059.055291*x25*x22 + 4087.614096*x25*x23 + 4043.249961*x25*x24 + 4015.674632*x25*x25 + 4048.860918*x25*x26 + 4043.959938*x25*x27 + 4059.385470*x25*x28 + 4048.736523*x25*x29 + 4048.677756*x25*x30 + 3408.431986*x26*x1 + 3408.649964*x26*x2 + 3410.443192*x26*x3 + 3408.058494*x26*x4 + 3407.431009*x26*x5 + 3402.770248*x26*x6 + 3409.067998*x26*x7 + 3408.535316*x26*x8 + 3407.255123*x26*x9 + 3410.172691*x26*x10 + 3411.157541*x26*x11 + 3410.517733*x26*x12 + 3412.709212*x26*x13 + 3402.330912*x26*x14 + 3409.637577*x26*x15 + 3411.443259*x26*x16 + 3409.191375*x26*x17 + 4134.782628*x26*x18 + 3872.008157*x26*x19 + 3749.453084*x26*x20 + 4145.068710*x26*x21 + 4058.690195*x26*x22 + 4054.143453*x26*x23 + 4152.280905*x26*x24 + 4048.860918*x26*x25 + 3654.475713*x26*x26 + 4027.556454*x26*x27 + 4085.210486*x26*x28 + 4028.416134*x26*x29 + 4182.790972*x26*x30 + 4085.183054*x27*x1 + 4086.582630*x27*x2 + 4086.233918*x27*x3 + 4085.874714*x27*x4 + 4084.280961*x27*x5 + 4081.647950*x27*x6 + 4083.851271*x27*x7 + 4084.467348*x27*x8 + 4084.372277*x27*x9 + 4086.647033*x27*x10 + 4085.939450*x27*x11 + 4088.016674*x27*x12 + 4087.138932*x27*x13 + 4084.911613*x27*x14 + 4086.206862*x27*x15 + 4084.997530*x27*x16 + 4087.242827*x27*x17 + 4130.704808*x27*x18 + 4057.133698*x27*x19 + 4111.583934*x27*x20 + 4174.599283*x27*x21 + 4058.641786*x27*x22 + 4046.643399*x27*x23 + 4102.906887*x27*x24 + 4043.959938*x27*x25 + 4027.556454*x27*x26 + 3944.956045*x27*x27 + 4040.280994*x27*x28 + 4034.837427*x27*x29 + 4023.655963*x27*x30 + 4045.465942*x28*x1 + 4047.971295*x28*x2 + 4046.856549*x28*x3 + 4046.105908*x28*x4 + 4046.729370*x28*x5 + 4045.576511*x28*x6 + 4044.988041*x28*x7 + 4046.711600*x28*x8 + 4050.193942*x28*x9 + 4045.106319*x28*x10 + 4047.933104*x28*x11 + 4047.744506*x28*x12 + 4046.944890*x28*x13 + 4047.728448*x28*x14 + 4043.990681*x28*x15 + 4046.664633*x28*x16 + 4046.263941*x28*x17 + 4049.066038*x28*x18 + 4017.999778*x28*x19 + 4048.018628*x28*x20 + 4076.021092*x28*x21 + 4058.910582*x28*x22 + 4055.895270*x28*x23 + 4069.764241*x28*x24 + 4059.385470*x28*x25 + 4085.210486*x28*x26 + 4040.280994*x28*x27 + 4043.096082*x28*x28 + 4054.359320*x28*x29 + 4017.616603*x28*x30 + 4065.130992*x29*x1 + 4065.875818*x29*x2 + 4065.277632*x29*x3 + 4065.325749*x29*x4 + 4065.790958*x29*x5 + 4064.356605*x29*x6 + 4066.500462*x29*x7 + 4064.891328*x29*x8 + 4065.107975*x29*x9 + 4064.772191*x29*x10 + 4065.518281*x29*x11 + 4067.091039*x29*x12 + 4065.360468*x29*x13 + 4065.475035*x29*x14 + 4066.447894*x29*x15 + 4064.776078*x29*x16 + 4063.946293*x29*x17 + 4088.669652*x29*x18 + 4014.460834*x29*x19 + 4060.721146*x29*x20 + 4076.414970*x29*x21 + 4058.959795*x29*x22 + 4080.665381*x29*x23 + 4038.815259*x29*x24 + 4048.736523*x29*x25 + 4028.416134*x29*x26 + 4034.837427*x29*x27 + 4054.359320*x29*x28 + 4035.739219*x29*x29 + 4043.240994*x29*x30 + 4065.175638*x30*x1 + 4063.475533*x30*x2 + 4063.419267*x30*x3 + 4067.345166*x30*x4 + 4062.298115*x30*x5 + 4056.294563*x30*x6 + 4067.345706*x30*x7 + 4063.558004*x30*x8 + 4061.173579*x30*x9 + 4062.487830*x30*x10 + 4059.965771*x30*x11 + 4062.023795*x30*x12 + 4061.360516*x30*x13 + 4061.483706*x30*x14 + 4066.308806*x30*x15 + 4059.346308*x30*x16 + 4062.839834*x30*x17 + 4062.580401*x30*x18 + 3912.959625*x30*x19 + 4040.297196*x30*x20 + 4101.842471*x30*x21 + 4058.959884*x30*x22 + 4079.446804*x30*x23 + 4020.154527*x30*x24 + 4048.677756*x30*x25 + 4182.790972*x30*x26 + 4023.655963*x30*x27 + 4017.616603*x30*x28 + 4043.240994*x30*x29 + 3930.033094*x30*x30 ;
