OPTIONS {
 MaxTime: 10000;
 EpsR: 0.000001;
 }
 
VARIABLES	x1,x2,x3,x4,x5,x6,x7;
LOWER_BOUNDS {
x1: 0.000000;
x2: 0.000000;
x3: 0.000000;
x4: 0.000000;
x5: 0.000000;
x6: 0.000000;
x7: 0.000000;
}

UPPER_BOUNDS {
x1: 1.000000;
x2: 1.000000;
x3: 1.000000;
x4: 1.000000;
x5: 1.000000;
x6: 1.000000;
x7: 1.000000;
}

EQUATIONS e1,e2,e3,e4,e5,e6,e7,e8,e9;

e1:  - 21.000000*x1 - 21.000000*x2 - 21.000000*x3 - 21.000000*x4 - 21.000000*x5 + 22.000000*x6  - 30.000000*x7 <= 0.000000;
e2:  - 202.000000*x1 - 202.000000*x2 - 143.000000*x3 - 202.000000*x4 - 131.000000*x5 + 1.000000*x6  - 244.000000*x7 <= 0.000000;
e3:  - 166.000000*x1 - 166.000000*x2 - 166.000000*x3 - 165.000000*x4 - 234.000000*x5 - 234.000000*x6 + 34.000000*x7  <= 0.000000;
e4:  - 90.000000*x1 - 93.000000*x2 - 132.000000*x3 - 132.000000*x4 - 163.000000*x5 - 180.000000*x6 + 3.000000*x7  <= 0.000000;
e5:  - 38.000000*x1 - 38.000000*x2 + 20.000000*x3  - 36.000000*x4 - 154.000000*x5 - 516.000000*x6 + 66.000000*x7  <= 0.000000;
e6:  - 119.000000*x1 - 127.000000*x2 - 127.000000*x3 - 117.000000*x4 - 138.000000*x5 - 384.000000*x6 + 68.000000*x7  <= 0.000000;
e7:  - 106.000000*x1 - 106.000000*x2 - 156.000000*x3 - 156.000000*x4 - 156.000000*x5 - 417.000000*x6 + 101.000000*x7  <= 0.000000;
e8:  3.000000*x1  - 2.000000*x2 - 52.000000*x3 + 86.000000*x4  + 168.000000*x5  + 414.000000*x6  - 85.000000*x7 <= 0.000000;
e9:  1.000000*x1  + 1.000000*x2  + 1.000000*x3  + 1.000000*x4  + 1.000000*x5  + 1.000000*x6  + 1.000000*x7  == 1.000000;

OBJ: minimize	 12465.000000*x1*x1 + 14562.000000*x1*x2 + 41412.000000*x1*x3  - 3984.000000*x1*x4 + 8262.000000*x1*x5 + 62178.000000*x1*x6  - 20577.000000*x1*x7 + 14562.000000*x2*x1 + 17708.000000*x2*x2 + 44808.000000*x2*x3  - 1278.000000*x2*x4 + 10878.000000*x2*x5 + 74380.000000*x2*x6  - 22456.000000*x2*x7 + 41412.000000*x3*x1 + 44808.000000*x3*x2 + 164408.000000*x3*x3  - 41278.000000*x3*x4 + 4578.000000*x3*x5 + 158680.000000*x3*x6  - 70106.000000*x3*x7  - 3984.000000*x4*x1  - 1278.000000*x4*x2  - 41278.000000*x4*x3 + 31161.000000*x4*x4 + 24199.000000*x4*x5 + 37662.000000*x4*x6 + 6221.000000*x4*x7 + 8262.000000*x5*x1 + 10878.000000*x5*x2 + 4578.000000*x5*x3 + 24199.000000*x5*x4 + 39937.000000*x5*x5 + 120170.000000*x5*x6  - 23267.000000*x5*x7 + 62178.000000*x6*x1 + 74380.000000*x6*x2 + 158680.000000*x6*x3 + 37662.000000*x6*x4 + 120170.000000*x6*x5 + 492812.000000*x6*x6  - 127852.000000*x6*x7  - 20577.000000*x7*x1  - 22456.000000*x7*x2  - 70106.000000*x7*x3 + 6221.000000*x7*x4  - 23267.000000*x7*x5  - 127852.000000*x7*x6 + 42338.000000*x7*x7 ;
