OPTIONS {
 MaxTime: 10000;
 EpsR: 0.000001;
 }
 
VARIABLES	x1,x2,x3,x4,x5,x6,x7,x8,x9,x10,x11,x12,x13,x14,x15,x16,x17,x18,x19,x20,x21,x22,x23,x24,x25,x26,x27,x28,x29,x30;
LOWER_BOUNDS {
x1: 0.000000;
x2: 0.000000;
x3: 0.000000;
x4: 0.000000;
x5: 0.000000;
x6: 0.000000;
x7: 0.000000;
x8: 0.000000;
x9: 0.000000;
x10: 0.000000;
x11: 0.000000;
x12: 0.000000;
x13: 0.000000;
x14: 0.000000;
x15: 0.000000;
x16: 0.000000;
x17: 0.000000;
x18: 0.000000;
x19: 0.000000;
x20: 0.000000;
x21: 0.000000;
x22: 0.000000;
x23: 0.000000;
x24: 0.000000;
x25: 0.000000;
x26: 0.000000;
x27: 0.000000;
x28: 0.000000;
x29: 0.000000;
x30: 0.000000;
}

UPPER_BOUNDS {
x1: 1.000000;
x2: 1.000000;
x3: 1.000000;
x4: 1.000000;
x5: 1.000000;
x6: 1.000000;
x7: 1.000000;
x8: 1.000000;
x9: 1.000000;
x10: 1.000000;
x11: 1.000000;
x12: 1.000000;
x13: 1.000000;
x14: 1.000000;
x15: 1.000000;
x16: 1.000000;
x17: 1.000000;
x18: 1.000000;
x19: 1.000000;
x20: 1.000000;
x21: 1.000000;
x22: 1.000000;
x23: 1.000000;
x24: 1.000000;
x25: 1.000000;
x26: 1.000000;
x27: 1.000000;
x28: 1.000000;
x29: 1.000000;
x30: 1.000000;
}

EQUATIONS e1;

e1:  1.000000*x1  + 1.000000*x2  + 1.000000*x3  + 1.000000*x4  + 1.000000*x5  + 1.000000*x6  + 1.000000*x7  + 1.000000*x8  + 1.000000*x9  + 1.000000*x10  + 1.000000*x11  + 1.000000*x12  + 1.000000*x13  + 1.000000*x14  + 1.000000*x15  + 1.000000*x16  + 1.000000*x17  + 1.000000*x18  + 1.000000*x19  + 1.000000*x20  + 1.000000*x21  + 1.000000*x22  + 1.000000*x23  + 1.000000*x24  + 1.000000*x25  + 1.000000*x26  + 1.000000*x27  + 1.000000*x28  + 1.000000*x29  + 1.000000*x30  == 1.000000;

OBJ: minimize	 1.159900*x1*x1  - 1.375600*x1*x2  - 2.115400*x1*x3  - 2.589600*x1*x4 + 7.581400*x1*x5  - 3.289300*x1*x6  - 4.864200*x1*x7 + 0.186490*x1*x8 + 5.551300*x1*x9 + 8.793300*x1*x10  - 1.827900*x1*x11  - 1.618700*x1*x12 + 7.105900*x1*x13 + 10.916000*x1*x14  - 4.123200*x1*x15  - 7.522800*x1*x16  - 8.910500*x1*x17  - 4.058700*x1*x18 + 0.636730*x1*x19  - 1.997400*x1*x20  - 8.268400*x1*x21  - 0.057814*x1*x22  - 9.205700*x1*x23 + 0.297530*x1*x24  - 0.023925*x1*x25  - 3.657900*x1*x26  - 3.148700*x1*x27  - 0.971090*x1*x28 + 2.558500*x1*x29  - 8.194400*x1*x30  - 1.375600*x2*x1 + 1.797600*x2*x2  - 5.060200*x2*x3  - 3.361400*x2*x4  - 5.309100*x2*x5 + 1.499100*x2*x6 + 1.041100*x2*x7  - 3.194100*x2*x8 + 5.380400*x2*x9  - 0.567520*x2*x10 + 11.252000*x2*x11  - 3.540700*x2*x12  - 0.223320*x2*x13 + 1.395000*x2*x14  - 0.698710*x2*x15  - 2.825100*x2*x16  - 5.932300*x2*x17  - 6.156700*x2*x18  - 2.582100*x2*x19 + 0.574990*x2*x20  - 5.173200*x2*x21 + 1.443900*x2*x22  - 1.211300*x2*x23  - 6.906900*x2*x24 + 10.342000*x2*x25 + 1.214000*x2*x26  - 6.240800*x2*x27 + 10.490000*x2*x28  - 0.308490*x2*x29  - 1.588000*x2*x30  - 2.115400*x3*x1  - 5.060200*x3*x2 + 1.346000*x3*x3  - 6.943100*x3*x4 + 5.581600*x3*x5  - 5.070600*x3*x6 + 10.656000*x3*x7 + 3.239700*x3*x8  - 0.027790*x3*x9  - 1.940500*x3*x10  - 6.407500*x3*x11  - 6.504200*x3*x12 + 9.858000*x3*x13  - 7.338500*x3*x14  - 6.208400*x3*x15  - 0.575320*x3*x16  - 5.487300*x3*x17  - 5.159700*x3*x18  - 2.805500*x3*x19  - 2.078000*x3*x20 + 4.845800*x3*x21 + 0.160880*x3*x22 + 1.948400*x3*x23  - 8.055000*x3*x24  - 5.269300*x3*x25  - 2.211100*x3*x26  - 5.390100*x3*x27  - 4.972300*x3*x28 + 0.082726*x3*x29  - 3.618800*x3*x30  - 2.589600*x4*x1  - 3.361400*x4*x2  - 6.943100*x4*x3 + 1.938900*x4*x4 + 3.714200*x4*x5  - 0.426720*x4*x6 + 0.965600*x4*x7  - 0.740490*x4*x8 + 4.228300*x4*x9 + 5.979600*x4*x10 + 9.628800*x4*x11  - 5.173400*x4*x12  - 5.458300*x4*x13 + 4.118900*x4*x14  - 1.508300*x4*x15  - 0.351880*x4*x16  - 6.931200*x4*x17  - 6.388100*x4*x18  - 3.614100*x4*x19  - 2.114700*x4*x20  - 2.640100*x4*x21 + 11.039000*x4*x22 + 1.849400*x4*x23  - 2.739300*x4*x24  - 4.571300*x4*x25  - 5.918000*x4*x26  - 0.670640*x4*x27  - 6.425600*x4*x28  - 5.168600*x4*x29  - 2.587100*x4*x30 + 7.581400*x5*x1  - 5.309100*x5*x2 + 5.581600*x5*x3 + 3.714200*x5*x4 + 1.588200*x5*x5  - 7.678100*x5*x6 + 7.925900*x5*x7  - 5.166500*x5*x8  - 2.386400*x5*x9  - 0.808080*x5*x10 + 10.876000*x5*x11  - 6.829100*x5*x12  - 5.709200*x5*x13  - 0.121280*x5*x14  - 5.678100*x5*x15  - 1.743400*x5*x16  - 6.517800*x5*x17 + 8.260800*x5*x18 + 1.041400*x5*x19 + 0.384590*x5*x20  - 6.441700*x5*x21 + 8.926500*x5*x22 + 7.267500*x5*x23  - 2.839500*x5*x24 + 7.103400*x5*x25  - 8.685100*x5*x26 + 8.892500*x5*x27  - 1.983200*x5*x28  - 0.006128*x5*x29  - 4.393700*x5*x30  - 3.289300*x6*x1 + 1.499100*x6*x2  - 5.070600*x6*x3  - 0.426720*x6*x4  - 7.678100*x6*x5 + 1.672000*x6*x6  - 5.772200*x6*x7 + 2.186400*x6*x8 + 3.999000*x6*x9 + 7.547400*x6*x10 + 2.102900*x6*x11  - 1.169700*x6*x12  - 8.514800*x6*x13 + 0.823040*x6*x14  - 6.898700*x6*x15  - 2.728600*x6*x16  - 7.918700*x6*x17 + 6.061500*x6*x18  - 1.562600*x6*x19  - 1.258800*x6*x20  - 2.404600*x6*x21 + 3.788700*x6*x22  - 7.218000*x6*x23  - 8.217400*x6*x24  - 5.950900*x6*x25  - 0.618840*x6*x26 + 0.465120*x6*x27  - 3.234100*x6*x28 + 0.756390*x6*x29  - 1.043300*x6*x30  - 4.864200*x7*x1 + 1.041100*x7*x2 + 10.656000*x7*x3 + 0.965600*x7*x4 + 7.925900*x7*x5  - 5.772200*x7*x6 + 0.477150*x7*x7  - 1.870900*x7*x8  - 6.561800*x7*x9 + 1.974500*x7*x10  - 6.278300*x7*x11  - 7.778100*x7*x12  - 7.578700*x7*x13  - 3.709100*x7*x14 + 4.101000*x7*x15 + 3.450000*x7*x16 + 4.764700*x7*x17 + 3.748100*x7*x18  - 3.685700*x7*x19  - 8.713000*x7*x20  - 9.169000*x7*x21  - 8.760800*x7*x22 + 6.712300*x7*x23  - 1.231800*x7*x24 + 1.446500*x7*x25  - 3.242100*x7*x26  - 2.445700*x7*x27  - 2.994000*x7*x28 + 6.979900*x7*x29 + 5.289300*x7*x30 + 0.186490*x8*x1  - 3.194100*x8*x2 + 3.239700*x8*x3  - 0.740490*x8*x4  - 5.166500*x8*x5 + 2.186400*x8*x6  - 1.870900*x8*x7 + 1.543100*x8*x8 + 11.009000*x8*x9  - 6.440100*x8*x10 + 0.285090*x8*x11  - 6.211600*x8*x12 + 10.939000*x8*x13 + 11.538000*x8*x14 + 0.767090*x8*x15  - 7.487500*x8*x16  - 2.712400*x8*x17 + 0.227680*x8*x18  - 0.303000*x8*x19  - 3.216600*x8*x20 + 0.652630*x8*x21  - 2.618500*x8*x22  - 0.090387*x8*x23  - 3.254000*x8*x24  - 5.405200*x8*x25  - 5.647500*x8*x26  - 7.351100*x8*x27  - 6.878200*x8*x28  - 5.282900*x8*x29  - 8.015000*x8*x30 + 5.551300*x9*x1 + 5.380400*x9*x2  - 0.027790*x9*x3 + 4.228300*x9*x4  - 2.386400*x9*x5 + 3.999000*x9*x6  - 6.561800*x9*x7 + 11.009000*x9*x8 + 1.975800*x9*x9 + 10.941000*x9*x10  - 4.575300*x9*x11 + 0.792200*x9*x12  - 4.829500*x9*x13  - 5.229600*x9*x14 + 1.529300*x9*x15  - 6.181100*x9*x16 + 6.438100*x9*x17  - 2.135200*x9*x18 + 7.809100*x9*x19  - 2.159400*x9*x20  - 7.437500*x9*x21 + 1.453200*x9*x22 + 1.513000*x9*x23 + 0.853460*x9*x24 + 10.894000*x9*x25  - 0.884500*x9*x26 + 7.048900*x9*x27 + 0.180690*x9*x28  - 0.426190*x9*x29  - 7.327600*x9*x30 + 8.793300*x10*x1  - 0.567520*x10*x2  - 1.940500*x10*x3 + 5.979600*x10*x4  - 0.808080*x10*x5 + 7.547400*x10*x6 + 1.974500*x10*x7  - 6.440100*x10*x8 + 10.941000*x10*x9 + 1.355300*x10*x10 + 8.992300*x10*x11  - 0.337750*x10*x12  - 0.968610*x10*x13 + 6.789700*x10*x14  - 1.431900*x10*x15 + 3.053500*x10*x16  - 7.863100*x10*x17  - 7.927700*x10*x18  - 1.314600*x10*x19  - 0.592470*x10*x20  - 0.393840*x10*x21  - 6.667600*x10*x22  - 1.375900*x10*x23  - 2.498300*x10*x24  - 1.679700*x10*x25  - 7.569000*x10*x26 + 9.823700*x10*x27 + 0.440520*x10*x28 + 0.952450*x10*x29  - 5.529900*x10*x30  - 1.827900*x11*x1 + 11.252000*x11*x2  - 6.407500*x11*x3 + 9.628800*x11*x4 + 10.876000*x11*x5 + 2.102900*x11*x6  - 6.278300*x11*x7 + 0.285090*x11*x8  - 4.575300*x11*x9 + 8.992300*x11*x10 + 1.678400*x11*x11  - 1.136400*x11*x12  - 6.789500*x11*x13  - 1.491200*x11*x14  - 7.123100*x11*x15  - 6.217400*x11*x16  - 4.815900*x11*x17  - 4.006400*x11*x18 + 10.403000*x11*x19 + 0.347090*x11*x20  - 4.922700*x11*x21  - 4.537100*x11*x22 + 0.661720*x11*x23  - 5.204400*x11*x24  - 1.205300*x11*x25  - 3.136300*x11*x26  - 0.258840*x11*x27  - 1.056500*x11*x28  - 0.716990*x11*x29  - 5.366000*x11*x30  - 1.618700*x12*x1  - 3.540700*x12*x2  - 6.504200*x12*x3  - 5.173400*x12*x4  - 6.829100*x12*x5  - 1.169700*x12*x6  - 7.778100*x12*x7  - 6.211600*x12*x8 + 0.792200*x12*x9  - 0.337750*x12*x10  - 1.136400*x12*x11 + 0.680720*x12*x12 + 9.352300*x12*x13 + 7.652000*x12*x14 + 8.419700*x12*x15 + 1.356000*x12*x16  - 3.217500*x12*x17  - 8.628400*x12*x18  - 4.888000*x12*x19 + 4.788900*x12*x20 + 3.946300*x12*x21  - 8.043900*x12*x22  - 5.172300*x12*x23 + 0.400140*x12*x24 + 8.076500*x12*x25  - 2.444400*x12*x26  - 6.267300*x12*x27  - 3.041600*x12*x28  - 9.052400*x12*x29  - 1.688900*x12*x30 + 7.105900*x13*x1  - 0.223320*x13*x2 + 9.858000*x13*x3  - 5.458300*x13*x4  - 5.709200*x13*x5  - 8.514800*x13*x6  - 7.578700*x13*x7 + 10.939000*x13*x8  - 4.829500*x13*x9  - 0.968610*x13*x10  - 6.789500*x13*x11 + 9.352300*x13*x12 + 0.467670*x13*x13 + 2.082700*x13*x14  - 5.821300*x13*x15  - 9.612600*x13*x16  - 9.139600*x13*x17 + 10.005000*x13*x18 + 3.488700*x13*x19 + 10.197000*x13*x20  - 8.389500*x13*x21  - 6.278900*x13*x22  - 3.363700*x13*x23  - 3.005800*x13*x24  - 4.136200*x13*x25  - 0.922740*x13*x26  - 0.329850*x13*x27  - 5.883400*x13*x28  - 2.847200*x13*x29  - 2.340400*x13*x30 + 10.916000*x14*x1 + 1.395000*x14*x2  - 7.338500*x14*x3 + 4.118900*x14*x4  - 0.121280*x14*x5 + 0.823040*x14*x6  - 3.709100*x14*x7 + 11.538000*x14*x8  - 5.229600*x14*x9 + 6.789700*x14*x10  - 1.491200*x14*x11 + 7.652000*x14*x12 + 2.082700*x14*x13 + 1.616100*x14*x14  - 2.831900*x14*x15  - 0.489640*x14*x16  - 0.046411*x14*x17 + 2.250500*x14*x18  - 4.912900*x14*x19  - 2.837200*x14*x20  - 5.306400*x14*x21  - 3.544200*x14*x22  - 8.488400*x14*x23  - 5.248800*x14*x24  - 7.082800*x14*x25  - 1.937400*x14*x26  - 1.884500*x14*x27  - 3.760500*x14*x28  - 6.218000*x14*x29 + 9.282200*x14*x30  - 4.123200*x15*x1  - 0.698710*x15*x2  - 6.208400*x15*x3  - 1.508300*x15*x4  - 5.678100*x15*x5  - 6.898700*x15*x6 + 4.101000*x15*x7 + 0.767090*x15*x8 + 1.529300*x15*x9  - 1.431900*x15*x10  - 7.123100*x15*x11 + 8.419700*x15*x12  - 5.821300*x15*x13  - 2.831900*x15*x14 + 1.632900*x15*x15  - 6.235000*x15*x16 + 0.092314*x15*x17  - 2.907900*x15*x18  - 7.209600*x15*x19  - 6.975100*x15*x20 + 0.783340*x15*x21  - 0.353810*x15*x22  - 6.027200*x15*x23 + 8.467100*x15*x24 + 7.288300*x15*x25  - 2.843300*x15*x26  - 8.370400*x15*x27 + 5.735200*x15*x28  - 6.743000*x15*x29  - 3.360300*x15*x30  - 7.522800*x16*x1  - 2.825100*x16*x2  - 0.575320*x16*x3  - 0.351880*x16*x4  - 1.743400*x16*x5  - 2.728600*x16*x6 + 3.450000*x16*x7  - 7.487500*x16*x8  - 6.181100*x16*x9 + 3.053500*x16*x10  - 6.217400*x16*x11 + 1.356000*x16*x12  - 9.612600*x16*x13  - 0.489640*x16*x14  - 6.235000*x16*x15 + 0.091986*x16*x16  - 3.074600*x16*x17 + 10.714000*x16*x18  - 1.709200*x16*x19  - 9.413800*x16*x20  - 6.420500*x16*x21  - 6.772100*x16*x22  - 2.238400*x16*x23  - 5.016000*x16*x24  - 0.258590*x16*x25 + 1.013600*x16*x26  - 9.200800*x16*x27  - 1.016400*x16*x28  - 8.517300*x16*x29  - 3.366400*x16*x30  - 8.910500*x17*x1  - 5.932300*x17*x2  - 5.487300*x17*x3  - 6.931200*x17*x4  - 6.517800*x17*x5  - 7.918700*x17*x6 + 4.764700*x17*x7  - 2.712400*x17*x8 + 6.438100*x17*x9  - 7.863100*x17*x10  - 4.815900*x17*x11  - 3.217500*x17*x12  - 9.139600*x17*x13  - 0.046411*x17*x14 + 0.092314*x17*x15  - 3.074600*x17*x16 + 1.011800*x17*x17 + 3.739200*x17*x18 + 6.330600*x17*x19  - 5.903400*x17*x20 + 1.965400*x17*x21  - 6.373300*x17*x22  - 6.289900*x17*x23  - 0.344010*x17*x24 + 10.943000*x17*x25 + 7.622100*x17*x26 + 2.838700*x17*x27 + 6.017100*x17*x28  - 3.486400*x17*x29 + 5.202600*x17*x30  - 4.058700*x18*x1  - 6.156700*x18*x2  - 5.159700*x18*x3  - 6.388100*x18*x4 + 8.260800*x18*x5 + 6.061500*x18*x6 + 3.748100*x18*x7 + 0.227680*x18*x8  - 2.135200*x18*x9  - 7.927700*x18*x10  - 4.006400*x18*x11  - 8.628400*x18*x12 + 10.005000*x18*x13 + 2.250500*x18*x14  - 2.907900*x18*x15 + 10.714000*x18*x16 + 3.739200*x18*x17 + 1.549400*x18*x18 + 10.047000*x18*x19  - 7.437000*x18*x20 + 8.616300*x18*x21  - 5.860200*x18*x22 + 1.885900*x18*x23  - 6.860100*x18*x24  - 6.958100*x18*x25 + 1.465800*x18*x26  - 5.868600*x18*x27 + 0.636730*x18*x28 + 9.203000*x18*x29  - 4.395600*x18*x30 + 0.636730*x19*x1  - 2.582100*x19*x2  - 2.805500*x19*x3  - 3.614100*x19*x4 + 1.041400*x19*x5  - 1.562600*x19*x6  - 3.685700*x19*x7  - 0.303000*x19*x8 + 7.809100*x19*x9  - 1.314600*x19*x10 + 10.403000*x19*x11  - 4.888000*x19*x12 + 3.488700*x19*x13  - 4.912900*x19*x14  - 7.209600*x19*x15  - 1.709200*x19*x16 + 6.330600*x19*x17 + 10.047000*x19*x18 + 1.217400*x19*x19 + 1.437000*x19*x20  - 5.420300*x19*x21 + 8.742500*x19*x22  - 3.613600*x19*x23 + 7.182600*x19*x24  - 4.987000*x19*x25 + 3.342300*x19*x26 + 1.134300*x19*x27  - 6.498300*x19*x28  - 5.619800*x19*x29  - 3.798800*x19*x30  - 1.997400*x20*x1 + 0.574990*x20*x2  - 2.078000*x20*x3  - 2.114700*x20*x4 + 0.384590*x20*x5  - 1.258800*x20*x6  - 8.713000*x20*x7  - 3.216600*x20*x8  - 2.159400*x20*x9  - 0.592470*x20*x10 + 0.347090*x20*x11 + 4.788900*x20*x12 + 10.197000*x20*x13  - 2.837200*x20*x14  - 6.975100*x20*x15  - 9.413800*x20*x16  - 5.903400*x20*x17  - 7.437000*x20*x18 + 1.437000*x20*x19 + 0.296580*x20*x20  - 0.970240*x20*x21  - 9.054300*x20*x22 + 8.516100*x20*x23 + 3.737500*x20*x24  - 0.512760*x20*x25 + 0.598370*x20*x26  - 2.645600*x20*x27  - 9.408400*x20*x28  - 9.297600*x20*x29  - 9.490300*x20*x30  - 8.268400*x21*x1  - 5.173200*x21*x2 + 4.845800*x21*x3  - 2.640100*x21*x4  - 6.441700*x21*x5  - 2.404600*x21*x6  - 9.169000*x21*x7 + 0.652630*x21*x8  - 7.437500*x21*x9  - 0.393840*x21*x10  - 4.922700*x21*x11 + 3.946300*x21*x12  - 8.389500*x21*x13  - 5.306400*x21*x14 + 0.783340*x21*x15  - 6.420500*x21*x16 + 1.965400*x21*x17 + 8.616300*x21*x18  - 5.420300*x21*x19  - 0.970240*x21*x20 + 0.514920*x21*x21 + 0.475020*x21*x22  - 3.827000*x21*x23  - 7.046500*x21*x24 + 0.745400*x21*x25  - 8.278800*x21*x26  - 1.481500*x21*x27  - 4.993500*x21*x28  - 5.609500*x21*x29  - 2.873800*x21*x30  - 0.057814*x22*x1 + 1.443900*x22*x2 + 0.160880*x22*x3 + 11.039000*x22*x4 + 8.926500*x22*x5 + 3.788700*x22*x6  - 8.760800*x22*x7  - 2.618500*x22*x8 + 1.453200*x22*x9  - 6.667600*x22*x10  - 4.537100*x22*x11  - 8.043900*x22*x12  - 6.278900*x22*x13  - 3.544200*x22*x14  - 0.353810*x22*x15  - 6.772100*x22*x16  - 6.373300*x22*x17  - 5.860200*x22*x18 + 8.742500*x22*x19  - 9.054300*x22*x20 + 0.475020*x22*x21 + 1.357400*x22*x22  - 0.559450*x22*x23  - 3.295100*x22*x24  - 8.530800*x22*x25 + 7.766400*x22*x26  - 0.569560*x22*x27  - 2.574800*x22*x28  - 7.988400*x22*x29 + 2.224400*x22*x30  - 9.205700*x23*x1  - 1.211300*x23*x2 + 1.948400*x23*x3 + 1.849400*x23*x4 + 7.267500*x23*x5  - 7.218000*x23*x6 + 6.712300*x23*x7  - 0.090387*x23*x8 + 1.513000*x23*x9  - 1.375900*x23*x10 + 0.661720*x23*x11  - 5.172300*x23*x12  - 3.363700*x23*x13  - 8.488400*x23*x14  - 6.027200*x23*x15  - 2.238400*x23*x16  - 6.289900*x23*x17 + 1.885900*x23*x18  - 3.613600*x23*x19 + 8.516100*x23*x20  - 3.827000*x23*x21  - 0.559450*x23*x22 + 0.407980*x23*x23  - 7.081700*x23*x24 + 6.681800*x23*x25 + 2.772700*x23*x26  - 2.944500*x23*x27  - 6.044600*x23*x28 + 5.148800*x23*x29  - 5.374100*x23*x30 + 0.297530*x24*x1  - 6.906900*x24*x2  - 8.055000*x24*x3  - 2.739300*x24*x4  - 2.839500*x24*x5  - 8.217400*x24*x6  - 1.231800*x24*x7  - 3.254000*x24*x8 + 0.853460*x24*x9  - 2.498300*x24*x10  - 5.204400*x24*x11 + 0.400140*x24*x12  - 3.005800*x24*x13  - 5.248800*x24*x14 + 8.467100*x24*x15  - 5.016000*x24*x16  - 0.344010*x24*x17  - 6.860100*x24*x18 + 7.182600*x24*x19 + 3.737500*x24*x20  - 7.046500*x24*x21  - 3.295100*x24*x22  - 7.081700*x24*x23 + 1.124700*x24*x24  - 1.094600*x24*x25 + 0.457410*x24*x26  - 6.519100*x24*x27  - 8.977100*x24*x28  - 3.679000*x24*x29 + 7.788100*x24*x30  - 0.023925*x25*x1 + 10.342000*x25*x2  - 5.269300*x25*x3  - 4.571300*x25*x4 + 7.103400*x25*x5  - 5.950900*x25*x6 + 1.446500*x25*x7  - 5.405200*x25*x8 + 10.894000*x25*x9  - 1.679700*x25*x10  - 1.205300*x25*x11 + 8.076500*x25*x12  - 4.136200*x25*x13  - 7.082800*x25*x14 + 7.288300*x25*x15  - 0.258590*x25*x16 + 10.943000*x25*x17  - 6.958100*x25*x18  - 4.987000*x25*x19  - 0.512760*x25*x20 + 0.745400*x25*x21  - 8.530800*x25*x22 + 6.681800*x25*x23  - 1.094600*x25*x24 + 1.499200*x25*x25  - 8.331500*x25*x26  - 0.484350*x25*x27 + 2.790000*x25*x28  - 2.694400*x25*x29  - 1.031600*x25*x30  - 3.657900*x26*x1 + 1.214000*x26*x2  - 2.211100*x26*x3  - 5.918000*x26*x4  - 8.685100*x26*x5  - 0.618840*x26*x6  - 3.242100*x26*x7  - 5.647500*x26*x8  - 0.884500*x26*x9  - 7.569000*x26*x10  - 3.136300*x26*x11  - 2.444400*x26*x12  - 0.922740*x26*x13  - 1.937400*x26*x14  - 2.843300*x26*x15 + 1.013600*x26*x16 + 7.622100*x26*x17 + 1.465800*x26*x18 + 3.342300*x26*x19 + 0.598370*x26*x20  - 8.278800*x26*x21 + 7.766400*x26*x22 + 2.772700*x26*x23 + 0.457410*x26*x24  - 8.331500*x26*x25 + 0.630970*x26*x26 + 0.409930*x26*x27  - 7.400700*x26*x28  - 2.962200*x26*x29 + 7.514900*x26*x30  - 3.148700*x27*x1  - 6.240800*x27*x2  - 5.390100*x27*x3  - 0.670640*x27*x4 + 8.892500*x27*x5 + 0.465120*x27*x6  - 2.445700*x27*x7  - 7.351100*x27*x8 + 7.048900*x27*x9 + 9.823700*x27*x10  - 0.258840*x27*x11  - 6.267300*x27*x12  - 0.329850*x27*x13  - 1.884500*x27*x14  - 8.370400*x27*x15  - 9.200800*x27*x16 + 2.838700*x27*x17  - 5.868600*x27*x18 + 1.134300*x27*x19  - 2.645600*x27*x20  - 1.481500*x27*x21  - 0.569560*x27*x22  - 2.944500*x27*x23  - 6.519100*x27*x24  - 0.484350*x27*x25 + 0.409930*x27*x26 + 0.686700*x27*x27  - 8.418900*x27*x28  - 6.805500*x27*x29  - 8.811600*x27*x30  - 0.971090*x28*x1 + 10.490000*x28*x2  - 4.972300*x28*x3  - 6.425600*x28*x4  - 1.983200*x28*x5  - 3.234100*x28*x6  - 2.994000*x28*x7  - 6.878200*x28*x8 + 0.180690*x28*x9 + 0.440520*x28*x10  - 1.056500*x28*x11  - 3.041600*x28*x12  - 5.883400*x28*x13  - 3.760500*x28*x14 + 5.735200*x28*x15  - 1.016400*x28*x16 + 6.017100*x28*x17 + 0.636730*x28*x18  - 6.498300*x28*x19  - 9.408400*x28*x20  - 4.993500*x28*x21  - 2.574800*x28*x22  - 6.044600*x28*x23  - 8.977100*x28*x24 + 2.790000*x28*x25  - 7.400700*x28*x26  - 8.418900*x28*x27 + 0.748340*x28*x28  - 2.385800*x28*x29 + 0.398150*x28*x30 + 2.558500*x29*x1  - 0.308490*x29*x2 + 0.082726*x29*x3  - 5.168600*x29*x4  - 0.006128*x29*x5 + 0.756390*x29*x6 + 6.979900*x29*x7  - 5.282900*x29*x8  - 0.426190*x29*x9 + 0.952450*x29*x10  - 0.716990*x29*x11  - 9.052400*x29*x12  - 2.847200*x29*x13  - 6.218000*x29*x14  - 6.743000*x29*x15  - 8.517300*x29*x16  - 3.486400*x29*x17 + 9.203000*x29*x18  - 5.619800*x29*x19  - 9.297600*x29*x20  - 5.609500*x29*x21  - 7.988400*x29*x22 + 5.148800*x29*x23  - 3.679000*x29*x24  - 2.694400*x29*x25  - 2.962200*x29*x26  - 6.805500*x29*x27  - 2.385800*x29*x28 + 0.258310*x29*x29  - 4.183300*x29*x30  - 8.194400*x30*x1  - 1.588000*x30*x2  - 3.618800*x30*x3  - 2.587100*x30*x4  - 4.393700*x30*x5  - 1.043300*x30*x6 + 5.289300*x30*x7  - 8.015000*x30*x8  - 7.327600*x30*x9  - 5.529900*x30*x10  - 5.366000*x30*x11  - 1.688900*x30*x12  - 2.340400*x30*x13 + 9.282200*x30*x14  - 3.360300*x30*x15  - 3.366400*x30*x16 + 5.202600*x30*x17  - 4.395600*x30*x18  - 3.798800*x30*x19  - 9.490300*x30*x20  - 2.873800*x30*x21 + 2.224400*x30*x22  - 5.374100*x30*x23 + 7.788100*x30*x24  - 1.031600*x30*x25 + 7.514900*x30*x26  - 8.811600*x30*x27 + 0.398150*x30*x28  - 4.183300*x30*x29 + 0.131050*x30*x30 ;
